# Generated at 2024-07-17 13:17:15. For help see https://bit.ly/3Bzs6Z4
# URL: https://metaspace2020.eu/dataset/2020-12-01_22h59m24s/annotations?db_id=22&ds=2020-12-01_22h59m24s&fdr=0.5&sort=-fdr_msm
"group","datasetName","datasetId","formula","adduct","chemMod","ion","mz","msm","fdr","rhoSpatial","rhoSpectral","rhoChaos","moleculeNames","moleculeIds","minIntensity","maxIntensity","totalIntensity","isomers","isobars","offSample","rawOffSampleProb","isobarIons"
"Pacific Northwest National Laboratory","20201130_jl_lungmap_agarose_1","2020-12-01_22h59m24s","C8H8N4O3","M+Na","","C8H8N4O3+Na+","231.04886079899995","0.0020509318","0.5","0.0021151408069348004","0.9795243587131152","0.9899122807017544","Aminofurantoin","HMDB0060589","0","157326.796875","19530998","1","1","false","0.0002943901636172086","C8H16O2S2+Na+"
"Pacific Northwest National Laboratory","20201130_jl_lungmap_agarose_1","2020-12-01_22h59m24s","C11H16N2O3","M+Na","","C11H16N2O3+Na+","247.10531305499995","0.0020587882","0.5","0.002136381796369191","0.9673027266818038","0.9962546816479401","Butalbital","HMDB0014386","0","184103.984375","23052432","1","0","false","0.0006426117033697665",""
"Pacific Northwest National Laboratory","20201130_jl_lungmap_agarose_1","2020-12-01_22h59m24s","C5H10N2O","M+Na","","C5H10N2O+Na+","137.06853362299998","0.0020675007","0.5","0.0021169555250454557","0.9849190075996962","0.9915929203539823","3-Amino-2-piperidone, N-Mononitrosopiperazine","HMDB0000323, HMDB0061162","0","182692.546875","56056608","2","0","false","0.0000086278787421179",""
"Pacific Northwest National Laboratory","20201130_jl_lungmap_agarose_1","2020-12-01_22h59m24s","C12H13Hg2O","M+Na","","C12H13Hg2O+Na+","588.017520719","0.002071289","0.5","0.004654398442820516","0.45052572912414324","0.9877739331026528","m-Hydroxydiphenyldimercury(1+)","HMDB0031807","0","224827.21875","46918620","1","0","false","0.0014996427344158292",""
"Pacific Northwest National Laboratory","20201130_jl_lungmap_agarose_1","2020-12-01_22h59m24s","C11H18","M+Na","","C11H18+Na+","173.13007125899998","0.0020720153","0.5","0.002151031841534169","0.9664874116228482","0.9966666666666667","Cystophorene, (E)-4,8-Dimethyl-1,3,7-nonatriene, 4-Methyl-2-methylene-1-(1methylethylidene)-cyclohexane","HMDB0030944, HMDB0035792, HMDB0061811","0","168861.5625","29133284","3","0","false","0.0004475995374377817",""
"Pacific Northwest National Laboratory","20201130_jl_lungmap_agarose_1","2020-12-01_22h59m24s","C4H10S","M+Na","","C4H10S+Na+","113.03954217299999","0.0020749953","0.5","0.0021729424408216246","0.9718254956666406","0.9826086956521739","2-(Methylthio)propane, 2-Methyl-1-propanethiol, 1-Butanethiol, Diethyl sulfide, 1-(Methylthio)-propane","HMDB0040576, HMDB0031245, HMDB0031322, HMDB0031666, HMDB0061871","0","273352.8125","99680392","5","0","false","0.00008323886140715331",""
"Pacific Northwest National Laboratory","20201130_jl_lungmap_agarose_1","2020-12-01_22h59m24s","C2H4OS","M+Na","","C2H4OS+Na+","98.98750660099999","0.0020767814","0.5","0.002174305499214026","0.9661532083388576","0.9886082218920258","Ethanethioic acid","HMDB0031188","0","230356.21875","73046352","1","0","false","0.000022667445591650903",""
"Pacific Northwest National Laboratory","20201130_jl_lungmap_agarose_1","2020-12-01_22h59m24s","C20H14O7","M+Na","","C20H14O7+Na+","389.063173471","0.0020771571","0.5","0.0022460174300150465","0.9350564563614943","0.9890503875968992","Daphnoretin methyl ether","HMDB0039046","0","224575.734375","49899144","1","0","false","0.00006939141894690692",""
"Pacific Northwest National Laboratory","20201130_jl_lungmap_agarose_1","2020-12-01_22h59m24s","C10H8O","M+Na","","C10H8O+Na+","167.04673555899998","0.0020838776","0.5","0.002165295409310394","0.9648107873043391","0.9975","Naphthalene epoxide, 1-Naphthol, 2-Naphthol, (Z)-2-Decene-4,6,8-triyn-1-ol, (1S,2R)-Naphthalene 1,2-oxide","HMDB0006215, HMDB0012138, HMDB0012322, HMDB0031001, HMDB0060301","0","167727.4375","35313456","5","0","false","0.0000705484562786296",""
"Pacific Northwest National Laboratory","20201130_jl_lungmap_agarose_1","2020-12-01_22h59m24s","C2H4N4O2","M+Na","","C2H4N4O2+Na+","139.02264605099998","0.0021064624","0.5","0.002156552970863386","0.9840519038152113","0.9926029962546816","Diazenedicarboxamide","HMDB0029616","0","177867.59375","44494984","1","0","false","0.000016140320440172218",""
"Pacific Northwest National Laboratory","20201130_jl_lungmap_agarose_1","2020-12-01_22h59m24s","C8H18NO2","M+Na","","C8H18NO2+Na+","183.12297449899998","0.0021320065","0.5","0.002197764458032656","0.9723519948588422","0.9976629766297663","Propionylcholine, Methacholine","HMDB0013305, HMDB0015654","0","189765.84375","34600480","2","0","false","0.000036073372029932216",""
"Pacific Northwest National Laboratory","20201130_jl_lungmap_agarose_1","2020-12-01_22h59m24s","C5H13NO","M+Na","","C5H13NO+Na+","126.088934719","0.0021358703","0.5","0.0022251681641425386","0.9756926413532596","0.9837822671156005","Neurine","HMDB0031259","0","191056.875","72458920","1","0","false","0.000010076708349515684",""
"Pacific Northwest National Laboratory","20201130_jl_lungmap_agarose_1","2020-12-01_22h59m24s","C16H24N2O","M+Na","","C16H24N2O+Na+","283.178084071","0.0021537102","0.5","0.0022688450934367347","0.9533060794126281","0.9957494407158837","Ropinirole, Oxymetazoline","HMDB0014413, HMDB0015070","0","188902.6875","19692484","2","0","false","0.0006769284373149276",""
"Pacific Northwest National Laboratory","20201130_jl_lungmap_agarose_1","2020-12-01_22h59m24s","C6H16N4","M+Na","","C6H16N4+Na+","167.12671719499997","0.0021664056","0.5","0.002215462806713756","0.9801645936760199","0.9976456009913259","Homoagmatine, N6-Methylagmatine","HMDB0031505, HMDB0039252","0","199940.515625","33597192","2","0","false","0.000013855462384526618",""
"Pacific Northwest National Laboratory","20201130_jl_lungmap_agarose_1","2020-12-01_22h59m24s","C9H10N2O3S2","M+Na","","C9H10N2O3S2+Na+","281.002505203","0.0021698584","0.5","0.0022804075462899112","0.9565325716866657","0.9947619047619047","Ethoxzolamide","HMDB0014456","0","191082.8125","18521626","1","0","false","0.00003009658212249633",""
"Pacific Northwest National Laboratory","20201130_jl_lungmap_agarose_1","2020-12-01_22h59m24s","C6HCl4NO2","M+Na","","C6HCl4NO2+Na+","281.86535975500004","0.0021705907","0.5","0.003561461176259862","0.6151406057110493","0.9907756813417191","Tecnazene","HMDB0031808","0","168749.390625","21204894","1","0","false","0.000097756324976217",""
"Pacific Northwest National Laboratory","20201130_jl_lungmap_agarose_1","2020-12-01_22h59m24s","C14H16O9","M+Na","","C14H16O9+Na+","351.06865277500003","0.0021783162","0.5","0.0023942919815709797","0.9567288056142497","0.9509440813362382","3,4,5-trihydroxy-6-(4-methoxybenzoyloxy)oxane-2-carboxylic acid, 6-[3-(carboxymethyl)phenoxy]-3,4,5-trihydroxyoxane-2-carboxylic acid, 3,4,5-trihydroxy-6-{[2-(3-hydroxyphenyl)acetyl]oxy}oxane-2-carboxylic acid, 3,4,5-trihydroxy-6-(2-methoxybenzoyloxy)oxane-2-carboxylic acid, 3,4,5-trihydroxy-6-(3-methoxybenzoyloxy)oxane-2-carboxylic acid, 6-(5-ethenyl-2,3-dihydroxyphenoxy)-3,4,5-trihydroxyoxane-2-carboxylic acid, 6-(4-ethenyl-2,6-dihydroxyphenoxy)-3,4,5-trihydroxyoxane-2-carboxylic acid, 6-[4-(carboxymethyl)phenoxy]-3,4,5-trihydroxyoxane-2-carboxylic acid, 3,4,5-trihydroxy-6-{[2-(4-hydroxyphenyl)acetyl]oxy}oxane-2-carboxylic acid","HMDB0131191, HMDB0125161, HMDB0125162, HMDB0126553, HMDB0127992, HMDB0128008, HMDB0128009, HMDB0132498, HMDB0132499","0","244545.078125","274315552","9","0","false","0.000014381544133357238",""
"Pacific Northwest National Laboratory","20201130_jl_lungmap_agarose_1","2020-12-01_22h59m24s","C18H19N3O5S","M+Na","","C18H19N3O5S+Na+","412.093762561","0.0021956668","0.5","0.002395591672838083","0.9360369625741197","0.9791756826378155","Cefprozil","HMDB0015281","0","426321.21875","591704832","1","1","false","0.00002571510776760988","C16H20O11+Na+"
"Pacific Northwest National Laboratory","20201130_jl_lungmap_agarose_1","2020-12-01_22h59m24s","C16H12O10S","M+Na","","C16H12O10S+Na+","419.004338437","0.00221164","0.5","0.002366251068442438","0.9413895118338","0.99285140562249","[3-(3,5,7-trihydroxy-6-methoxy-4-oxo-4H-chromen-2-yl)phenyl]oxidanesulfonic acid, [5-(5,6-dihydroxy-7-methoxy-4-oxo-4H-chromen-2-yl)-2-hydroxyphenyl]oxidanesulfonic acid, [5-(3,5-dihydroxy-7-methoxy-4-oxo-4H-chromen-2-yl)-2-hydroxyphenyl]oxidanesulfonic acid","HMDB0128825, HMDB0131940, HMDB0133829","0","298816.0625","62496160","3","0","false","0.00011800626089097932",""
"Pacific Northwest National Laboratory","20201130_jl_lungmap_agarose_1","2020-12-01_22h59m24s","C6H10","M+Na","","C6H10+Na+","105.067471003","0.002212073","0.5","0.0023658084488717597","0.9543576247355571","0.9797352342158859","3-Methylcyclopentene","HMDB0031544","0","216158.0625","112000736","1","0","false","0.0001020101408357732",""
"Pacific Northwest National Laboratory","20201130_jl_lungmap_agarose_1","2020-12-01_22h59m24s","C5H6N4O5","M+Na","","C5H6N4O5+Na+","225.02303997499996","0.0022273024","0.5","0.0022538156136911627","0.9914235878543439","0.9967851099830796","5-hydroxy-2-oxo-4-ureido-2,5-dihydro-1H-imidazole-5-carboxylate","HMDB0059663","0","194512.46875","25004880","1","0","false","0.00016345223411917686",""
"Pacific Northwest National Laboratory","20201130_jl_lungmap_agarose_1","2020-12-01_22h59m24s","C16H26O3","M+Na","","C16H26O3+Na+","289.177415375","0.0022426674","0.5","0.002358210012486111","0.9552647032330456","0.9955399061032864","4-Hydroxy-3-methoxy-2,10-bisaboladien-9-one, Tetranor 12-HETE, 3,4-Dimethyl-5-pentyl-2-furanpentanoic acid, 5-Hexyl-2-furanhexanoic acid, 3,4-Dimethyl-5-propyl-2-furanheptanoic acid, 5-Pentyl-2-furanheptanoic acid, 5-Butyl-2-furanoctanoic acid","HMDB0033917, HMDB0060055, HMDB0112085, HMDB0112088, HMDB0112089, HMDB0112092, HMDB0112097","0","200248.046875","18926756","7","0","false","0.000584773370064795",""
"Pacific Northwest National Laboratory","20201130_jl_lungmap_agarose_1","2020-12-01_22h59m24s","C11H13NS","M+Na","","C11H13NS+Na+","214.06609126899997","0.0022450595","0.5","0.0023309120620031943","0.9659110509110136","0.9971599402092676","1-Isothiocyanato-4-phenylbutane, 2-Butylbenzothiazole","HMDB0038443, HMDB0040031","0","178618.71875","28396348","2","0","false","0.0008813436143100262",""
"Pacific Northwest National Laboratory","20201130_jl_lungmap_agarose_1","2020-12-01_22h59m24s","C23H32O7","M+Na","","C23H32O7+Na+","443.204024047","0.0022750152","0.5","0.002516564015778099","0.9241412007833022","0.9782232704402516","Armillane","HMDB0035779","0","277293.65625","70253232","1","0","false","0.0002599186555016786",""
"Pacific Northwest National Laboratory","20201130_jl_lungmap_agarose_1","2020-12-01_22h59m24s","C3H10N2","M+Na","","C3H10N2+Na+","97.07361900299999","0.0022782504","0.5","0.002372142504899887","0.9677690113211198","0.9924050632911392","1,3-Diaminopropane, 1,2 Diaminopropane","HMDB0000002, HMDB0013136","0","198424.3125","49895888","2","0","false","0.000015290806913981214",""
"Pacific Northwest National Laboratory","20201130_jl_lungmap_agarose_1","2020-12-01_22h59m24s","C23H21ClO3","M+Na","","C23H21ClO3+Na+","403.10714291500005","0.0022816525","0.5","0.002763805123606316","0.8371905786010592","0.9860927152317881","Chlorotrianisene","HMDB0014414","0","231659.578125","22899906","1","0","false","0.0000421509103034623",""
"Pacific Northwest National Laboratory","20201130_jl_lungmap_agarose_1","2020-12-01_22h59m24s","C8H13N2O5","M+Na","","C8H13N2O5+Na+","240.071667199","0.0023034313","0.5","0.0023673831711506364","0.9779468480365879","0.994927536231884","Alanyl-Glutamic acid","HMDB0028686","0","176159.75","17588776","1","0","false","0.00020081490220036358",""
"Pacific Northwest National Laboratory","20201130_jl_lungmap_agarose_1","2020-12-01_22h59m24s","C21H24O15S","M+Na","","C21H24O15S+Na+","571.072811921","0.0023049791","0.5","0.0025968532733006266","0.9240226115411417","0.9605876393110435","[4,5-dihydroxy-2-(hydroxymethyl)-6-[3,5,7-trihydroxy-2-(2,4,5-trihydroxyphenyl)-3,4-dihydro-2H-1-benzopyran-6-yl]oxan-3-yl]oxidanesulfonic acid, ({3,4,5-trihydroxy-6-[3,5,7-trihydroxy-2-(2,4,5-trihydroxyphenyl)-3,4-dihydro-2H-1-benzopyran-6-yl]oxan-2-yl}methoxy)sulfonic acid, [3,5-dihydroxy-2-(hydroxymethyl)-6-[3,5,7-trihydroxy-2-(2,4,5-trihydroxyphenyl)-3,4-dihydro-2H-1-benzopyran-6-yl]oxan-4-yl]oxidanesulfonic acid, [4,5-dihydroxy-6-(hydroxymethyl)-2-[3,5,7-trihydroxy-2-(2,4,5-trihydroxyphenyl)-3,4-dihydro-2H-1-benzopyran-6-yl]oxan-3-yl]oxidanesulfonic acid, (2-hydroxy-5-{3,5,6,7-tetrahydroxy-8-[3,4,5-trihydroxy-6-(hydroxymethyl)oxan-2-yl]-3,4-dihydro-2H-1-benzopyran-2-yl}phenyl)oxidanesulfonic acid, ({6-[2-(3,4-dihydroxyphenyl)-3,5,6,7-tetrahydroxy-3,4-dihydro-2H-1-benzopyran-8-yl]-3,4,5-trihydroxyoxan-2-yl}methoxy)sulfonic acid, {6-[2-(3,4-dihydroxyphenyl)-3,5,6,7-tetrahydroxy-3,4-dihydro-2H-1-benzopyran-8-yl]-4,5-dihydroxy-2-(hydroxymethyl)oxan-3-yl}oxidanesulfonic acid, {2-[2-(3,4-dihydroxyphenyl)-3,5,6,7-tetrahydroxy-3,4-dihydro-2H-1-benzopyran-8-yl]-3,5-dihydroxy-6-(hydroxymethyl)oxan-4-yl}oxidanesulfonic acid, {2-[2-(3,4-dihydroxyphenyl)-3,5,6,7-tetrahydroxy-3,4-dihydro-2H-1-benzopyran-8-yl]-4,5-dihydroxy-6-(hydroxymethyl)oxan-3-yl}oxidanesulfonic acid, ({3,4,5-trihydroxy-6-[3,5,7-trihydroxy-2-(2,4,5-trihydroxyphenyl)-3,4-dihydro-2H-1-benzopyran-8-yl]oxan-2-yl}methoxy)sulfonic acid, [4,5-dihydroxy-2-(hydroxymethyl)-6-[3,5,7-trihydroxy-2-(2,4,5-trihydroxyphenyl)-3,4-dihydro-2H-1-benzopyran-8-yl]oxan-3-yl]oxidanesulfonic acid, [3,5-dihydroxy-2-(hydroxymethyl)-6-[3,5,7-trihydroxy-2-(2,4,5-trihydroxyphenyl)-3,4-dihydro-2H-1-benzopyran-8-yl]oxan-4-yl]oxidanesulfonic acid, [4,5-dihydroxy-6-(hydroxymethyl)-2-[3,5,7-trihydroxy-2-(2,4,5-trihydroxyphenyl)-3,4-dihydro-2H-1-benzopyran-8-yl]oxan-3-yl]oxidanesulfonic acid","HMDB0126692, HMDB0126691, HMDB0126693, HMDB0126694, HMDB0126717, HMDB0126718, HMDB0126719, HMDB0126720, HMDB0126721, HMDB0126726, HMDB0126727, HMDB0126728, HMDB0126729","0","295165.375","171623504","13","0","false","0.000026879024517256767",""
"Pacific Northwest National Laboratory","20201130_jl_lungmap_agarose_1","2020-12-01_22h59m24s","C16H15N3O10S","M+Na","","C16H15N3O10S+Na+","464.037035533","0.0023155443","0.5","0.002389544150754483","0.9735449205707237","0.9953642384105961","Tizoxanide glucuronide","HMDB0060643","0","196845.484375","22268286","1","0","false","0.00017648209177423269",""
"Pacific Northwest National Laboratory","20201130_jl_lungmap_agarose_1","2020-12-01_22h59m24s","C7H10N4O3","M+Na","","C7H10N4O3+Na+","221.06451086299995","0.0023160786","0.5","0.0023687433992361454","0.9805031284089054","0.9972093023255814","5-Acetylamino-6-amino-3-methyluracil, 6-amino-5[N-methylformylamino]-1-methyluracil","HMDB0004400, HMDB0059771","0","200268.515625","27838360","2","0","false","0.000029405720852082595",""
"Pacific Northwest National Laboratory","20201130_jl_lungmap_agarose_1","2020-12-01_22h59m24s","C10H15N5O10P2","M+Na","","C10H15N5O10P2+Na+","450.01863636300004","0.0023341202","0.5","0.0024856293187294686","0.9649252063442123","0.9731800766283525","Adenosine 3',5'-diphosphate, dGDP, ADP","HMDB0000061, HMDB0000960, HMDB0001341","0","474321.53125","366407872","3","0","false","0.00002977055737574119",""
"Pacific Northwest National Laboratory","20201130_jl_lungmap_agarose_1","2020-12-01_22h59m24s","C7H8O2","M+Na","","C7H8O2+Na+","147.041650179","0.0023449678","0.5","0.002418630885533606","0.9760097512174328","0.9933747412008281","1-(2-Furanyl)-1-propanone, 1-(2-Furanyl)-2-propanone, 4-Methylcatechol, Guaiacol, 4-Hydroxybenzyl alcohol, Mequinol, 2-Acetyl-3-methylfuran, 2-Acetyl-5-methylfuran, 4,6-Heptadiyne-1,3-diol, 2-Hydroxybenzyl alcohol, 3-Hydroxybenzyl alcohol, 3-methoxyphenol","HMDB0040280, HMDB0032917, HMDB0000873, HMDB0001398, HMDB0011724, HMDB0029696, HMDB0034877, HMDB0035226, HMDB0038963, HMDB0059709, HMDB0059712, HMDB0135619","0","174662.65625","40696968","12","0","false","0.00012224799138493836",""
"Pacific Northwest National Laboratory","20201130_jl_lungmap_agarose_1","2020-12-01_22h59m24s","C4H10O2","M+Na","","C4H10O2+Na+","113.057300243","0.0023524181","0.5","0.0024672889454086687","0.965897001632073","0.9871057884231537","2,3-Butanediol, 1,1-Dimethoxyethane, 2-Ethoxyethanol, 1,3-Butanediol, (2R,3R)-2,3-Butanediol","HMDB0003156, HMDB0030061, HMDB0031213, HMDB0031320, HMDB0033007","0","240661.15625","97731160","5","0","false","0.00010052805009763688",""
"Pacific Northwest National Laboratory","20201130_jl_lungmap_agarose_1","2020-12-01_22h59m24s","C6H9NOS","M+Na","","C6H9NOS+Na+","166.02970576099997","0.0023528335","0.5","0.002417527635551661","0.9759803874112587","0.9971916971916972","5-(2-Hydroxyethyl)-4-methylthiazole, 2-Propionyl-2-thiazoline, 5-Acetyl-2,3-dihydro-1,4-thiazine, (-)-5-(2-Propenyl)-2-oxazolidinethione, Raphanusamide","HMDB0032985, HMDB0032493, HMDB0034882, HMDB0038439, HMDB0041084","0","175195.78125","34521012","5","0","false","0.0003652959712781012",""
"Pacific Northwest National Laboratory","20201130_jl_lungmap_agarose_1","2020-12-01_22h59m24s","C5H5N3O","M+Na","","C5H5N3O+Na+","146.03248246299998","0.0023659873","0.5","0.0024177657866445218","0.9805067133287962","0.9980392156862745","Pyrazinamide","HMDB0014483","0","183090.734375","40773096","1","0","false","0.000025286452000727877",""
"Pacific Northwest National Laboratory","20201130_jl_lungmap_agarose_1","2020-12-01_22h59m24s","C12H9F3N2O2","M+Na","","C12H9F3N2O2+Na+","293.05083269100004","0.002373724","0.5","0.0024687053317610534","0.9657735186780587","0.9956018518518519","Leflunomide, A771726","HMDB0015229, HMDB0060945","0","200621.171875","19282524","2","0","false","0.0000955291761783883",""
"Pacific Northwest National Laboratory","20201130_jl_lungmap_agarose_1","2020-12-01_22h59m24s","C4H5FN2O2","M+Na","","C4H5FN2O2+Na+","155.022726243","0.0023748304","0.5","0.002422518344138139","0.9843367192919755","0.9959139784946237","5,6-Dihydro-5-fluorouracil","HMDB0060402","0","189723.828125","39098800","1","0","false","0.0000420817086705938",""
"Pacific Northwest National Laboratory","20201130_jl_lungmap_agarose_1","2020-12-01_22h59m24s","C5H10N2","M+Na","","C5H10N2+Na+","121.07361900299999","0.0023797788","0.5","0.002461442752373517","0.9756294875895465","0.9909732728189612","xi-4,5-Dihydro-2,4(5)-dimethyl-1H-imidazole","HMDB0037787","0","263655.03125","79233624","1","0","false","0.00003086859578615986",""
"Pacific Northwest National Laboratory","20201130_jl_lungmap_agarose_1","2020-12-01_22h59m24s","C10H12ClN3O3S","M+Na","","C10H12ClN3O3S+Na+","312.01801079700004","0.0024030334","0.5","0.005448585350779252","0.44259807403354656","0.9964753272910373","Quinethazone","HMDB0015420","0","231774.5","47289960","1","3","false","0.00004019039261038415","C11H12O8+K+, C15H12ClNO2+K+, C14H11Cl2NO3+H+"
"Pacific Northwest National Laboratory","20201130_jl_lungmap_agarose_1","2020-12-01_22h59m24s","C10H8S","M+Na","","C10H8S+Na+","183.02389210899997","0.0024113192","0.5","0.002501925878175163","0.9662628388242832","0.9974358974358974","2-Naphthalenethiol","HMDB0029689","0","189863.71875","33351778","1","0","false","0.0002954367082566023",""
"Pacific Northwest National Laboratory","20201130_jl_lungmap_agarose_1","2020-12-01_22h59m24s","C18H14O7","M+Na","","C18H14O7+Na+","365.063173471","0.0024138002","0.5","0.0025659184601085068","0.9459475492108745","0.9944693572496263","15,17-dihydroxy-11-methoxy-6,8,20-trioxapentacyclo[10.8.0.0²,⁹.0³,⁷.0¹⁴,¹⁹]icosa-1(12),2(9),10,14,16,18-hexaen-13-one, 15,16-dihydroxy-11-methoxy-6,8,20-trioxapentacyclo[10.8.0.0²,⁹.0³,⁷.0¹⁴,¹⁹]icosa-1(12),2(9),10,14(19),15,17-hexaen-13-one, 5,15-dihydroxy-11-methoxy-6,8,20-trioxapentacyclo[10.8.0.0²,⁹.0³,⁷.0¹⁴,¹⁹]icosa-1(12),2(9),10,14,16,18-hexaen-13-one","HMDB0128881, HMDB0128882, HMDB0140693","0","210689.15625","31628532","3","0","false","0.00020982007845304906",""
"Pacific Northwest National Laboratory","20201130_jl_lungmap_agarose_1","2020-12-01_22h59m24s","C12H14N4O4S","M+Na","","C12H14N4O4S+Na+","333.06279678100003","0.0024236697","0.5","0.002713128522412736","0.9222983232882552","0.9685714285714285","Sulfadoxine, Sulfadimethoxine","HMDB0015413, HMDB0015621","0","289656.125","215726960","2","0","false","0.000005375007731345249",""
"Pacific Northwest National Laboratory","20201130_jl_lungmap_agarose_1","2020-12-01_22h59m24s","C15H32NO2","M+Na","","C15H32NO2+Na+","281.232524947","0.0024298448","0.5","0.002557526522124176","0.9543964109995939","0.9954732510288066","Decanoylcholine","HMDB0013228","0","181866.15625","21610780","1","0","false","0.00004593569610733539",""
"Pacific Northwest National Laboratory","20201130_jl_lungmap_agarose_1","2020-12-01_22h59m24s","C14H12O3S","M+Na","","C14H12O3S+Na+","283.039936097","0.0024381655","0.5","0.0025712611661407093","0.952023636569713","0.9960227272727272","Suprofen, Tiaprofenic acid","HMDB0015008, HMDB0015538","0","175718.421875","23080618","2","0","false","0.00006490635860245675",""
"Pacific Northwest National Laboratory","20201130_jl_lungmap_agarose_1","2020-12-01_22h59m24s","C8H12N4O3","M+Na","","C8H12N4O3+Na+","235.08016092699995","0.0024537968","0.5","0.0025147858383253317","0.9795284990592843","0.996140350877193","Histidinyl-Glycine, Glycyl-Histidine","HMDB0028885, HMDB0028843","0","167310.109375","24517084","2","0","false","0.00029189279302954674",""
"Pacific Northwest National Laboratory","20201130_jl_lungmap_agarose_1","2020-12-01_22h59m24s","C4H3FN2O2","M+Na","","C4H3FN2O2+Na+","153.007076179","0.0024640588","0.5","0.0024999362909270545","0.9878520082686729","0.9977695167286246","Fluorouracil","HMDB0014684","0","201998.625","34269600","1","0","false","0.00004189472019788809",""
"Pacific Northwest National Laboratory","20201130_jl_lungmap_agarose_1","2020-12-01_22h59m24s","C11H12BrN5O","M+Na","","C11H12BrN5O+Na+","332.0117436870001","0.002465547","0.5","0.0061497313655464675","0.4028643450207542","0.9951724137931034","3-oxobrimonidine","HMDB0061102","0","177284.078125","19368092","1","1","false","0.0004597148217726499","C12H5F6NO2+Na+"
"Pacific Northwest National Laboratory","20201130_jl_lungmap_agarose_1","2020-12-01_22h59m24s","C4H12Si","M+Na","","C4H12Si+Na+","111.060047607","0.002478264","0.5","0.0025845382578379263","0.9786773385982218","0.9797720797720798","Tetramethylsilane","HMDB0094690","0","184207.15625","95369736","1","0","false","0.000014130524505162612",""
"Pacific Northwest National Laboratory","20201130_jl_lungmap_agarose_1","2020-12-01_22h59m24s","C6H13NO","M+Na","","C6H13NO+Na+","138.08893471899998","0.002497466","0.5","0.002564864660418139","0.9756874801035461","0.9979859013091642","N-(3-Methylbutyl)acetamide, N-(2-Methylpropyl)acetamide","HMDB0031651, HMDB0034203","0","170041.53125","41457284","2","0","false","0.000058429512137081474",""
"Pacific Northwest National Laboratory","20201130_jl_lungmap_agarose_1","2020-12-01_22h59m24s","C4H5N3O2","M+Na","","C4H5N3O2+Na+","150.02739708299998","0.002499313","0.5","0.00255440590139024","0.9864065520586188","0.9919158361018826","1-Methyl-4-nitroimidazole","HMDB0060659","0","199840.640625","38029676","1","0","false","0.00003771099363802932",""
"Pacific Northwest National Laboratory","20201130_jl_lungmap_agarose_1","2020-12-01_22h59m24s","C14H14O5","M+Na","","C14H14O5+Na+","285.073344231","0.0025235852","0.5","0.0026947468727828894","0.9603855606434416","0.9751117068811439","(S)-Rutaretin, Dorsteniol, Celereoin, 9-hydroxy-8-(2-hydroxypropan-2-yl)-2H,8H,9H-furo[2,3-h]chromen-2-one, 6-(1-hydroxy-3-oxobutyl)-7-methoxy-2H-chromen-2-one, 8-hydroxy-7-methoxy-6-(3-oxobutyl)-2H-chromen-2-one, 5-hydroxy-7-methoxy-6-(3-oxobutyl)-2H-chromen-2-one, 6-(4-hydroxy-3-oxobutyl)-7-methoxy-2H-chromen-2-one, 6-(2-hydroxy-3-oxobutyl)-7-methoxy-2H-chromen-2-one, 3-hydroxy-2-(2-hydroxypropan-2-yl)-2H,3H,7H-furo[3,2-g]chromen-7-one, 6-[2-(2H-1,3-benzodioxol-5-yl)ethyl]-4-hydroxy-5,6-dihydro-2H-pyran-2-one, 9,10-dihydroxy-8,8-dimethyl-2H,8H,9H,10H-pyrano[2,3-h]chromen-2-one","HMDB0030882, HMDB0032838, HMDB0039027, HMDB0128944, HMDB0128958, HMDB0128960, HMDB0128961, HMDB0128962, HMDB0128963, HMDB0131630, HMDB0131691, HMDB0138052","0","225861.078125","105366368","12","1","false","0.000023087057343218476","C14H12FNO3+Na+"
"Pacific Northwest National Laboratory","20201130_jl_lungmap_agarose_1","2020-12-01_22h59m24s","C5H6N2S","M+Na","","C5H6N2S+Na+","149.01439004499997","0.0025346954","0.5","0.0026260704491880976","0.9677322787266461","0.9973880597014926","2-(Methylthio)pyrazine, Pyrazinemethanethiol","HMDB0033152, HMDB0036186","0","178071","33478152","2","0","false","0.000012692090422206093",""
"Pacific Northwest National Laboratory","20201130_jl_lungmap_agarose_1","2020-12-01_22h59m24s","C8H15NO4S","M+Na","","C8H15NO4S+Na+","244.06139981299998","0.0025425758","0.5","0.002622809372255201","0.9734654091052102","0.9958333333333333","N-lactoyl-Methionine","HMDB0062182","0","171280.6875","23803570","1","0","false","0.0003278898948337883",""
"Pacific Northwest National Laboratory","20201130_jl_lungmap_agarose_1","2020-12-01_22h59m24s","C12H15N3O4S","M+Na","","C12H15N3O4S+Na+","320.06754781300003","0.0025431814","0.5","0.002676298338521764","0.9598896077554131","0.989968847352025","Albendazole sulfone","HMDB0060561","0","257695.578125","79935640","1","0","false","0.000025577704946044832",""
"Pacific Northwest National Laboratory","20201130_jl_lungmap_agarose_1","2020-12-01_22h59m24s","C7H7NO5","M+Na","","C7H7NO5+Na+","208.02164300699997","0.0025454855","0.5","0.0026110340959939866","0.9814057244569195","0.9933665008291874","2-Amino-3-carboxymuconic acid semialdehyde","HMDB0001330","0","174460.453125","25551858","1","0","false","0.00010897980973822996",""
"Pacific Northwest National Laboratory","20201130_jl_lungmap_agarose_1","2020-12-01_22h59m24s","C16H11ClN4O","M+Na","","C16H11ClN4O+Na+","333.05135935500005","0.0025479607","0.5","0.0029819014501058856","0.8641985183678728","0.9887486855941114","4-Hydroxy-estazolam","HMDB0060764","0","190743.140625","44311984","1","1","false","0.000105466773675289","C15H13ClFNO3+Na+"
"Pacific Northwest National Laboratory","20201130_jl_lungmap_agarose_1","2020-12-01_22h59m24s","C14H12O5S","M+Na","","C14H12O5S+Na+","315.029765337","0.0025565564","0.5","0.0027096761054556124","0.9522129850599192","0.9908408408408409","(2-oxo-1,2-diphenylethoxy)sulfonic acid","HMDB0135190","0","200455.109375","30405842","1","0","false","0.00011279717000434175",""
"Pacific Northwest National Laboratory","20201130_jl_lungmap_agarose_1","2020-12-01_22h59m24s","C10H14N2O","M+Na","","C10H14N2O+Na+","201.09983375099998","0.0025567359","0.5","0.0026471260981791697","0.968565435010372","0.9972","Pseudooxynicotine, 2'-Hydroxynicotine, Nicotine-1'-N-oxide, Glycinexylidide","HMDB0001240, HMDB0001329, HMDB0001497, HMDB0060679","0","167406.59375","31691004","4","0","false","0.00004588718365994282",""
"Pacific Northwest National Laboratory","20201130_jl_lungmap_agarose_1","2020-12-01_22h59m24s","C9H14O","M+Na","","C9H14O+Na+","161.09368575099998","0.0025638933","0.5","0.002656944056904629","0.9675757948476587","0.9973154362416108","(3Z,6Z)-3,6-Nonadienal, 2-Pentylfuran, 3,5,5-Trimethyl-2-cyclohexen-1-one, (2E,6E)-2,6-Nonadienal, 2,4-Nonadienal, 4-Acetyl-1-methylcyclohexene, Violet-leaf aldehyde, 5-Isopropylbicyclo[3.1.0]hexan-2-one, (R)-Cryptone, Pulegenone, exo-5,6-Dimethylbicyclo[2.2.1]hept-5-en-2-ol, exo-2-Methyl-3-methylenebicyclo[2.2.1]heptan-2-ol, 3,5,5-Trimethyl-3-cyclohexen-1-one","HMDB0031152, HMDB0013824, HMDB0031195, HMDB0031261, HMDB0031685, HMDB0033434, HMDB0033857, HMDB0035229, HMDB0035929, HMDB0036069, HMDB0036091, HMDB0036092, HMDB0040338","0","169126.296875","37924504","13","0","false","0.00003177402322762646",""
"Pacific Northwest National Laboratory","20201130_jl_lungmap_agarose_1","2020-12-01_22h59m24s","C16H22O5","M+Na","","C16H22O5+Na+","317.135944487","0.002578934","0.5","0.0027247275690177536","0.95162374761175","0.9946078431372549","Tocopheronic acid, Mono-(2-ethyl-5-hydroxyhexyl) phthalate","HMDB0030555, HMDB0094679","0","167464.5","18126716","2","0","false","0.00033376875217072666",""
"Pacific Northwest National Laboratory","20201130_jl_lungmap_agarose_1","2020-12-01_22h59m24s","C11H8N2S","M+Na","","C11H8N2S+Na+","223.03004010899997","0.002582854","0.5","0.002767785136119312","0.936214224831722","0.9967637540453075","Camalexin","HMDB0038631","0","173357.34375","26495676","1","0","false","0.0000778253743192181",""
"Pacific Northwest National Laboratory","20201130_jl_lungmap_agarose_1","2020-12-01_22h59m24s","C4H5O6","M+Na","","C4H5O6+Na+","171.99783356299997","0.0025851435","0.5","0.0026311644666956262","0.9847208245092856","0.9977541371158393","3-carboxy-2,3-dihydroxypropanoate","HMDB0062642","0","187576.640625","35595580","1","0","false","0.00004170728425378911",""
"Pacific Northwest National Laboratory","20201130_jl_lungmap_agarose_1","2020-12-01_22h59m24s","C5H4N4O","M+Na","","C5H4N4O+Na+","159.02773143099998","0.0025890297","0.5","0.002663127804708178","0.9820028583968551","0.9899933730947648","Hypoxanthine, Allopurinol","HMDB0000157, HMDB0014581","0","193598.109375","64736688","2","0","false","0.000030225350201362744",""
"Pacific Northwest National Laboratory","20201130_jl_lungmap_agarose_1","2020-12-01_22h59m24s","C11H6O3","M+Na","","C11H6O3+Na+","209.02091473499996","0.002591943","0.5","0.0026805070135632507","0.9702236753231807","0.9966360856269113","Angelicin, Psoralen","HMDB0033930, HMDB0034272","0","177143.671875","27918110","2","0","false","0.00008728423563297838",""
"Pacific Northwest National Laboratory","20201130_jl_lungmap_agarose_1","2020-12-01_22h59m24s","C9H14O4S2","M+Na","","C9H14O4S2+Na+","273.02257195100003","0.0025956363","0.5","0.0027305280820707364","0.9554497479963711","0.9949227373068432","(E)-2-Propenyl [3-(2-propenylthio)-2-propenyl] sulfate","HMDB0039464","0","173789.296875","19957264","1","0","false","0.0006496387650258839",""
"Pacific Northwest National Laboratory","20201130_jl_lungmap_agarose_1","2020-12-01_22h59m24s","C14H22","M+Na","","C14H22+Na+","213.16137138699997","0.002610561","0.5","0.0027275126190492286","0.960017458245687","0.9969834087481146","1,3-Di-tert-butylbenzene, 2-Methyl-2-phenyl-undecane, 1-Ethyl-3,5-diisopropyl-benzene, 1,4-Bis-(1,1-dimethylethyl)-benzene","HMDB0061923, HMDB0013820, HMDB0059739, HMDB0094670","0","170608.46875","28127700","4","0","false","0.0002676646981853992",""
"Pacific Northwest National Laboratory","20201130_jl_lungmap_agarose_1","2020-12-01_22h59m24s","C7H12O2","M+Na","","C7H12O2+Na+","151.07295030699999","0.0026187699","0.5","0.00269347499776639","0.978226901683707","0.993904761904762","cis-3-Hexenyl formate, Cyclohexanecarboxylic acid, Cyclohexyl formate, 3-Methyl-3-butenyl acetate, Methyl (Z)-3-hexenoate, 1,3-Diacetylpropane, Isopentenyl acetate, 1-Methoxy-3-methylene-2-pentanone, 4-Methyl-5-hexanolide, 2,3-Heptanedione, 3,4-Heptanedione, 2-Heptenoic acid, Methyl 2E-hexenoate, 5-Methyl-2,3-hexanedione, Ethyl 4-pentenoate, Dihydro-5-propyl-2(3H)-furanone, 4-Pentenyl acetate, 4-Heptenoic acid, 2-Hexenyl formate, Ethyl tiglate, 2,4-Dimethyl-2-pentenoic acid, Allyl butyrate","HMDB0040214, HMDB0031342, HMDB0031351, HMDB0032391, HMDB0031504, HMDB0029165, HMDB0029314, HMDB0030330, HMDB0031174, HMDB0031476, HMDB0031477, HMDB0031484, HMDB0031500, HMDB0031593, HMDB0031603, HMDB0031681, HMDB0032460, HMDB0033793, HMDB0038271, HMDB0038962, HMDB0039819, HMDB0040591","0","168005.15625","43961412","22","0","false","0.0000658338176435791",""
"Pacific Northwest National Laboratory","20201130_jl_lungmap_agarose_1","2020-12-01_22h59m24s","C4H9NO2S","M+Na","","C4H9NO2S+Na+","158.02462038099998","0.0026239522","0.5","0.0026693219846049593","0.9897620455007861","0.9931712962962963","Homocysteine, Methylcysteine","HMDB0000742, HMDB0002108","0","176876.953125","36355520","2","0","false","0.00032000651117414236",""
"Pacific Northwest National Laboratory","20201130_jl_lungmap_agarose_1","2020-12-01_22h59m24s","C5H8O5","M+Na","","C5H8O5+Na+","171.02639403899997","0.0026397847","0.5","0.0027224471953940124","0.9790722134680312","0.9903628117913832","Citramalic acid, 3-Hydroxyglutaric acid, D-2-Hydroxyglutaric acid, Ribonolactone, D-Xylono-1,5-lactone, 2-Hydroxyglutarate","HMDB0000426, HMDB0000428, HMDB0000606, HMDB0001900, HMDB0011676, HMDB0059655","0","166559.578125","37423056","6","0","false","0.00042703707003965974",""
"Pacific Northwest National Laboratory","20201130_jl_lungmap_agarose_1","2020-12-01_22h59m24s","C3H6O2S","M+Na","","C3H6O2S+Na+","128.99807128499998","0.0026779813","0.5","0.002741350420511768","0.9868785098022246","0.9898725687458082","2-Mercaptopropanoic acid, 3-Mercaptopropanoic acid","HMDB0031520, HMDB0041604","0","188511.515625","60600744","2","0","false","0.0000457932437711861",""
"Pacific Northwest National Laboratory","20201130_jl_lungmap_agarose_1","2020-12-01_22h59m24s","C6H15NO2Si","M+Na","","C6H15NO2Si+Na+","184.07642594299998","0.0026795585","0.5","0.002750393201505554","0.9764154198158125","0.9977777777777778","Trimethylsilyl l-Alanine","HMDB0094699","0","188914.15625","38211324","1","0","false","0.00014844701217953116",""
"Pacific Northwest National Laboratory","20201130_jl_lungmap_agarose_1","2020-12-01_22h59m24s","C9H8O3","M+Na","","C9H8O3+Na+","187.03656479899996","0.002682999","0.5","0.0027690125135657003","0.9718821948656517","0.996969696969697","Phenylpyruvic acid, m-Coumaric acid, 4-Hydroxycinnamic acid, 2-Hydroxycinnamic acid, Enol-phenylpyruvate, cis-p-Coumaric acid, Coumaric acid, Methyl Phenylglyoxalate, 4-methoxy-1-benzofuran-6-ol, 3-(2-hydroxyphenyl)prop-2-enoic acid, 3-(2,3-dihydroxyphenyl)prop-2-enal, 3-(2,5-dihydroxyphenyl)prop-2-enal, 3-(2-hydroxyphenyl)oxirane-2-carbaldehyde, 3-(3-hydroxyphenyl)prop-2-enoic acid, 3-phenyloxirane-2-carboxylic acid, 3-(4-hydroxyphenyl)prop-2-enoic acid, (2E)-3-(3,4-dihydroxyphenyl)prop-2-enal, 3-(4-hydroxyphenyl)oxirane-2-carbaldehyde","HMDB0000205, HMDB0001713, HMDB0002035, HMDB0002641, HMDB0012225, HMDB0030677, HMDB0041592, HMDB0062605, HMDB0129375, HMDB0134028, HMDB0134029, HMDB0134030, HMDB0134031, HMDB0125104, HMDB0126545, HMDB0128076, HMDB0141767, HMDB0141768","0","177071.546875","28013394","18","0","false","0.00003533154449542053",""
"Pacific Northwest National Laboratory","20201130_jl_lungmap_agarose_1","2020-12-01_22h59m24s","C5H14N2","M+Na","","C5H14N2+Na+","125.10491913099999","0.0026842796","0.5","0.002781181827704415","0.9771274381092814","0.9877502944640754","Cadaverine, N-Methylputrescine, 2-isopropylaminoethylamine","HMDB0002322, HMDB0003661, HMDB0062672","0","282842.96875","68435776","3","0","false","0.000003853665020869812",""
"Pacific Northwest National Laboratory","20201130_jl_lungmap_agarose_1","2020-12-01_22h59m24s","C6H10NO2","M+Na","","C6H10NO2+Na+","151.06037424299998","0.002686201","0.5","0.002815595951868407","0.9689584113335976","0.9846072186836518","D-pipecolate","HMDB0062767","0","172582.984375","39605760","1","1","false","0.00010630887118168175","C5H10O5+H+"
"Pacific Northwest National Laboratory","20201130_jl_lungmap_agarose_1","2020-12-01_22h59m24s","C7H14O2S","M+Na","","C7H14O2S+Na+","185.06067154099998","0.0026960415","0.5","0.002769361218929985","0.9781291146101957","0.9952926208651399","Ethyl 4-(methylthio)butyrate, Ethyl 3-(methylthio)butanoate, 3-Mercapto-3-methyl-1-butyl acetate","HMDB0037620, HMDB0038084, HMDB0039227","0","198454.515625","33375284","3","0","false","0.000028139296773588285",""
"Pacific Northwest National Laboratory","20201130_jl_lungmap_agarose_1","2020-12-01_22h59m24s","C2H4Cl2O2","M+Na","","C2H4Cl2O2+Na+","152.948055451","0.0026968985","0.5","0.0033378280965575048","0.8132990730267428","0.9934599156118143","2,2-dichloro-1,1-ethanediol","HMDB0062193","0","173599.46875","39585680","1","0","false","0.00002491205304977484",""
"Pacific Northwest National Laboratory","20201130_jl_lungmap_agarose_1","2020-12-01_22h59m24s","C28H46O4","M+Na","","C28H46O4+Na+","469.32883063500003","0.0027017216","0.5","0.0030027026820427464","0.9061060324960011","0.993","3,5,9-Trihydroxyergost-7-en-6-one, 13'-Carboxy-gamma-tocopherol, (3beta,5alpha,6beta,7alpha,22E,24R)-Ergosta-8,22-diene-3,5,6,7-tetrol, (3beta,5alpha,6alpha,9alpha,22E,24R)-Ergosta-7,22-diene-3,5,6,9-tetrol, Secasterone, 3-Dehydroteasterone","HMDB0032875, HMDB0012557, HMDB0032107, HMDB0032123, HMDB0040999, HMDB0041527","0","200122.34375","14497385","6","0","false","0.00041387678356841207",""
"Pacific Northwest National Laboratory","20201130_jl_lungmap_agarose_1","2020-12-01_22h59m24s","C13H20O2","M+Na","","C13H20O2+Na+","231.13555056299998","0.0027017526","0.5","0.0028175904253676986","0.962080037867237","0.9966817496229261","2,3,5,6,8,8a-Hexahydro-2,5,5,8a-tetramethyl-7H-1-benzopyran-7-one, (S,E)-Lyratol propanoate, Eremopetasinorol, (5alpha,8beta,9beta)-5,9-Epoxy-3,6-megastigmadien-8-ol, (5R,6S)-5,6-Epoxy-7-megastigmen-9-one, Theaspirone A, 2,2,6,7-Tetramethylbicyclo[4.3.0]nona-1(9),4-diene-7,8-diol, 3-Hydroxy-beta-ionone, Acetal R, 5,9:6,9-Diepoxy-3-megastigmene, Carvyl propionate, 5,9:6,9-Diepoxy-4-megastigmene, (3R,8E)-3-Hydroxy-5,8-megastigmadien-7-one, 1-(4-methoxyphenyl)-4-methylpentan-3-ol","HMDB0040233, HMDB0031869, HMDB0029668, HMDB0034672, HMDB0034984, HMDB0035228, HMDB0036686, HMDB0036821, HMDB0036824, HMDB0037776, HMDB0038047, HMDB0038529, HMDB0041636, HMDB0132947","0","164262.65625","28241468","14","0","false","0.0003883964673150331",""
"Pacific Northwest National Laboratory","20201130_jl_lungmap_agarose_1","2020-12-01_22h59m24s","C17H26O6S","M+Na","","C17H26O6S+Na+","381.13423040500004","0.0027021074","0.5","0.0029278631372453233","0.9410704464241371","0.9806853582554517","6-Gingesulfonic acid","HMDB0038999","0","206848.484375","62950504","1","0","false","0.00013661428238265216",""
"Pacific Northwest National Laboratory","20201130_jl_lungmap_agarose_1","2020-12-01_22h59m24s","C19H41O6P","M+Na","","C19H41O6P+Na+","419.25329671500003","0.0027039805","0.5","0.0028866180780695227","0.941748292632588","0.9946708463949844","1-hexadecyl-glycero-3-phosphate","HMDB0062325","0","272173.03125","53356536","1","1","false","0.00014579192793462425","C21H39O6P+H+"
"Pacific Northwest National Laboratory","20201130_jl_lungmap_agarose_1","2020-12-01_22h59m24s","C11H12N2O3S","M+Na","","C11H12N2O3S+Na+","275.046084097","0.0027124586","0.5","0.002896516283760985","0.9606328374706716","0.9748318924111431","Hydroxyzileuton, Zileuton sulfoxide","HMDB0013968, HMDB0013969","0","311203.09375","103819408","2","0","false","0.00002000390668399632",""
"Pacific Northwest National Laboratory","20201130_jl_lungmap_agarose_1","2020-12-01_22h59m24s","C13H16O10","M+Na","","C13H16O10+Na+","355.063567395","0.002730112","0.5","0.00284770265733363","0.9628481010125896","0.9956989247311828","6-Galloylglucose, beta-Glucogallin, 4-Glucosyl gallate, 1-O-Galloylfructose, 3-Glucogallic acid, 5-O-Galloylhamamelofuranose, 2-Galloylglucose, 4-Glucogallic acid, 2,3,5-trihydroxy-6-(hydroxymethyl)oxan-4-yl 3,4,5-trihydroxybenzoate","HMDB0034051, HMDB0038728, HMDB0038912, HMDB0039286, HMDB0039322, HMDB0039366, HMDB0039625, HMDB0041593, HMDB0133117","0","207967.078125","43911024","9","1","false","0.00004352554606157355","C17H12ClF3N2O+H+"
"Pacific Northwest National Laboratory","20201130_jl_lungmap_agarose_1","2020-12-01_22h59m24s","C15H24O4","M+Na","","C15H24O4+Na+","291.15667993100004","0.0027360718","0.5","0.0028700771439853375","0.9576798417801672","0.995436507936508","4,11,13,15-Tetrahydroridentin B, 1-(3-Furanyl)-6,7-dihydroxy-4,8-dimethyl-1-nonanone, 3,11,12-Trihydroxy-1(10)-spirovetiven-2-one, Acoric acid, Bisacurone epoxide, Deoxydihydro-artemisinin, Prostaglandin lactone-diol","HMDB0036150, HMDB0038153, HMDB0038154, HMDB0038165, HMDB0038503, HMDB0060570, HMDB0240213","0","167865.15625","22106954","7","0","false","0.0001438916806364432",""
"Pacific Northwest National Laboratory","20201130_jl_lungmap_agarose_1","2020-12-01_22h59m24s","C13H14","M+Na","","C13H14+Na+","193.09877113099998","0.0027438872","0.5","0.0028459417520486116","0.9670313521329009","0.9970104633781763","1,6,7-Trimethylnaphthalene, 1,4,5-Trimethyl-naphtalene","HMDB0059701, HMDB0059733","0","173375","28543024","2","0","false","0.00002660959398781415",""
"Pacific Northwest National Laboratory","20201130_jl_lungmap_agarose_1","2020-12-01_22h59m24s","C14H12O5","M+Na","","C14H12O5+Na+","283.057694167","0.0027714546","0.5","0.0029614781501923694","0.9398738824880186","0.9957026713124274","2-Methoxystypandrone, Orientalone, Pratenol A, 6-[(1Z)-2-hydroxy-3-oxobut-1-en-1-yl]-7-methoxy-2H-chromen-2-one, 6-(3-acetyloxiran-2-yl)-7-methoxy-2H-chromen-2-one, 8-hydroxy-7-methoxy-6-(3-oxobut-1-en-1-yl)-2H-chromen-2-one, 5-hydroxy-7-methoxy-6-(3-oxobut-1-en-1-yl)-2H-chromen-2-one, 6-(4-hydroxy-3-oxobut-1-en-1-yl)-7-methoxy-2H-chromen-2-one, 1-(7-methoxy-2-oxo-2H-chromen-6-yl)butane-2,3-dione, 6-[(E)-2-(3,4-dihydroxyphenyl)ethenyl]-4-methoxy-2H-pyran-2-one, 5-[(E)-2-(3,4-dihydroxyphenyl)ethenyl]benzene-1,2,3-triol, 5-[(E)-2-(3,5-dihydroxyphenyl)ethenyl]benzene-1,2,3-triol, 4-[(E)-2-(3,5-dihydroxyphenyl)ethenyl]benzene-1,2,3-triol, 4-[3-(3,5-dihydroxyphenyl)oxiran-2-yl]benzene-1,2-diol, 5-[(E)-2-(3,5-dihydroxyphenyl)ethenyl]benzene-1,2,4-triol","HMDB0033265, HMDB0039616, HMDB0040630, HMDB0128951, HMDB0128953, HMDB0128954, HMDB0128955, HMDB0128956, HMDB0128965, HMDB0131199, HMDB0141787, HMDB0141789, HMDB0141790, HMDB0141791, HMDB0141792","0","203338.890625","38680600","15","0","false","0.00007556222408311442",""
"Pacific Northwest National Laboratory","20201130_jl_lungmap_agarose_1","2020-12-01_22h59m24s","C6H17N3","M+Na","","C6H17N3+Na+","154.13146822699997","0.0027764852","0.5","0.0028491730099078597","0.9790847507664704","0.9953051643192489","Norspermidine","HMDB0011634","0","182178.828125","35829848","1","0","false","0.00003887279308401048",""
"Pacific Northwest National Laboratory","20201130_jl_lungmap_agarose_1","2020-12-01_22h59m24s","C15H10O3","M+Na","","C15H10O3+Na+","261.052214863","0.0027787483","0.5","0.0029161014166592426","0.9571784527846502","0.9955284552845528","3-Hydroxyflavone, 2-(2-hydroxyphenyl)-4H-chromen-4-one, 6-hydroxy-2-phenyl-4H-chromen-4-one, 7-hydroxy-2-phenyl-4H-chromen-4-one, 2-(3-hydroxyphenyl)-4H-chromen-4-one, 2-(4-hydroxyphenyl)-4H-chromen-4-one, 5-hydroxy-2-phenyl-4H-chromen-4-one, 7-hydroxy-3-phenyl-4H-chromen-4-one, 6-hydroxy-2-(phenylmethylidene)-2,3-dihydro-1-benzofuran-3-one","HMDB0031816, HMDB0141529, HMDB0141530, HMDB0141531, HMDB0141532, HMDB0141533, HMDB0141534, HMDB0130492, HMDB0137519","0","179171.453125","21640060","9","0","false","0.0002508421312086284",""
"Pacific Northwest National Laboratory","20201130_jl_lungmap_agarose_1","2020-12-01_22h59m24s","C43H77O8P","M+Na","","C43H77O8P+Na+","775.524827107","0.0027852342","0.5","0.0033155017021321573","0.8426636593857083","0.9969151873767258","PA(18:0/22:4(7Z,10Z,13Z,16Z)), PA(18:2(9Z,12Z)/22:2(13Z,16Z)), PA(18:3(6Z,9Z,12Z)/22:1(13Z)), PA(18:3(9Z,12Z,15Z)/22:1(13Z)), PA(18:4(6Z,9Z,12Z,15Z)/22:0), PA(20:0/20:4(5Z,8Z,11Z,14Z)), PA(20:0/20:4(8Z,11Z,14Z,17Z)), PA(20:1(11Z)/20:3(5Z,8Z,11Z)), PA(20:3(5Z,8Z,11Z)/20:1(11Z)), PA(20:4(5Z,8Z,11Z,14Z)/20:0), PA(20:4(8Z,11Z,14Z,17Z)/20:0), PA(22:0/18:4(6Z,9Z,12Z,15Z)), PA(22:1(13Z)/18:3(6Z,9Z,12Z)), PA(22:1(13Z)/18:3(9Z,12Z,15Z)), PA(22:2(13Z,16Z)/18:2(9Z,12Z)), PA(22:4(7Z,10Z,13Z,16Z)/18:0), PA(20:1(11Z)/20:3(8Z,11Z,14Z)), PA(20:2(11Z,14Z)/20:2(11Z,14Z)), PA(20:3(8Z,11Z,14Z)/20:1(11Z))","HMDB0114890, HMDB0114966, HMDB0114992, HMDB0115019, HMDB0115045, HMDB0115078, HMDB0115079, HMDB0115105, HMDB0115131, HMDB0115156, HMDB0115183, HMDB0115251, HMDB0115279, HMDB0115280, HMDB0115304, HMDB0115328, HMDB0115531, HMDB0115545, HMDB0115573","0","3260528","9156431872","19","1","false","0.00008352542499778792","C45H75O8P+H+"
"Pacific Northwest National Laboratory","20201130_jl_lungmap_agarose_1","2020-12-01_22h59m24s","C7H7NO","M+Na","","C7H7NO+Na+","144.04198452699998","0.00280874","0.5","0.00290778844458905","0.9779673396090541","0.9876984126984127","Benzamide, 3-Acetylpyridine, 2-Acetylpyridine","HMDB0004461, HMDB0033131, HMDB0035281","0","169657","42131092","3","0","false","0.000035612752981251106",""
"Pacific Northwest National Laboratory","20201130_jl_lungmap_agarose_1","2020-12-01_22h59m24s","C14H12FNO3","M+Na","","C14H12FNO3+Na+","284.06934208700005","0.0028175134","0.5","0.0030619591774839324","0.961416762815988","0.9570946658233186","Flumequine","HMDB0041895","0","291728.125","238770784","1","1","false","0.000021704103346564807","C14H14O5+Na+"
"Pacific Northwest National Laboratory","20201130_jl_lungmap_agarose_1","2020-12-01_22h59m24s","C14H10O10","M+Na","","C14H10O10+Na+","361.01661720300007","0.0028287922","0.5","0.0029788114752135504","0.954106382354651","0.9953165450694281","4,4',5,5',6,6'-hexahydroxy-[1,1'-biphenyl]-2,2'-dicarboxylic acid, 2,4,5-trihydroxy-3-(3,4,5-trihydroxybenzoyloxy)benzoic acid, 3,4-dihydroxy-5-(2,3,4,5-tetrahydroxybenzoyloxy)benzoic acid, 2,3,4-trihydroxy-5-(3,4,5-trihydroxybenzoyloxy)benzoic acid","HMDB0126632, HMDB0128309, HMDB0128310, HMDB0128311","0","1709996.25","1068909952","4","1","false","0.0000030034329938644078","C16H16ClNO2S+K+"
"Pacific Northwest National Laboratory","20201130_jl_lungmap_agarose_1","2020-12-01_22h59m24s","C7H17N2O2","M+Na","","C7H17N2O2+Na+","184.11822346699998","0.002830604","0.5","0.0029120009485923523","0.9775887758378509","0.994331983805668","Putreanine, Bethanechol","HMDB0006078, HMDB0015154","0","168738.265625","31305070","2","1","false","0.0005316167953424156","C12H16+Na+"
"Pacific Northwest National Laboratory","20201130_jl_lungmap_agarose_1","2020-12-01_22h59m24s","C14H22N2O3","M+Na","","C14H22N2O3+Na+","289.152263247","0.0028389152","0.5","0.002967738277529955","0.9615412955792233","0.9948529411764706","Atenolol, Practolol, N-(4-aminobutyl)-3-(4-hydroxy-3-methoxyphenyl)propanimidic acid","HMDB0001924, HMDB0015411, HMDB0139570","0","183461.59375","18273900","3","0","false","0.0010534883476793766",""
"Pacific Northwest National Laboratory","20201130_jl_lungmap_agarose_1","2020-12-01_22h59m24s","C9H10O5S","M+Na","","C9H10O5S+Na+","253.01411527299996","0.0028402898","0.5","0.0029320777945973033","0.9723519889438086","0.9962393162393163","[3-(3-oxopropyl)phenyl]oxidanesulfonic acid, (4-ethenyl-2-methoxyphenyl)oxidanesulfonic acid, {[3-(2-hydroxyphenyl)prop-2-en-1-yl]oxy}sulfonic acid, [4-(3-oxopropyl)phenyl]oxidanesulfonic acid, (3-oxo-1-phenylpropoxy)sulfonic acid, [2-hydroxy-5-(prop-2-en-1-yl)phenyl]oxidanesulfonic acid, [(1-oxo-3-phenylpropan-2-yl)oxy]sulfonic acid, {3-[(1E)-3-hydroxyprop-1-en-1-yl]phenyl}oxidanesulfonic acid, {[(2E)-3-(3-hydroxyphenyl)prop-2-en-1-yl]oxy}sulfonic acid, {4-[(1E)-3-hydroxyprop-1-en-1-yl]phenyl}oxidanesulfonic acid, {[(2E)-3-(4-hydroxyphenyl)prop-2-en-1-yl]oxy}sulfonic acid, [(3-phenyloxiran-2-yl)methoxy]sulfonic acid, [4-(3-hydroxyprop-1-en-1-yl)phenyl]oxidanesulfonic acid, {[3-(4-hydroxyphenyl)prop-2-en-1-yl]oxy}sulfonic acid","HMDB0135299, HMDB0127980, HMDB0134048, HMDB0135301, HMDB0135297, HMDB0135258, HMDB0135295, HMDB0135303, HMDB0135304, HMDB0135306, HMDB0135307, HMDB0135311, HMDB0135656, HMDB0135657","0","167548.4375","25031342","14","0","false","0.00004793262269231491",""
"Pacific Northwest National Laboratory","20201130_jl_lungmap_agarose_1","2020-12-01_22h59m24s","C10H15NO7","M+Na","","C10H15NO7+Na+","284.074072503","0.0028513668","0.5","0.003057147576145268","0.9691202348958763","0.9624075319435105","Dihydromaleimide beta-D-glucoside, Pisatoside","HMDB0030277, HMDB0039127","0","922259.6875","692080256","2","0","false","0.000015945346603984945",""
"Pacific Northwest National Laboratory","20201130_jl_lungmap_agarose_1","2020-12-01_22h59m24s","C22H30O3","M+Na","","C22H30O3+Na+","365.208715503","0.0028638998","0.5","0.0030952136035625856","0.9331288078087472","0.9915750915750916","Guggulsterone, 2-Hydroxy-6-(8,11,14-pentadecatrienyl)benzoic acid, 17-Hydroxymethylethisterone","HMDB0002726, HMDB0031059, HMDB0060710","0","167118.984375","12506147","3","0","false","0.0005355558823794127",""
"Pacific Northwest National Laboratory","20201130_jl_lungmap_agarose_1","2020-12-01_22h59m24s","C6H14O6","M+Na","","C6H14O6+Na+","205.06825885099997","0.0028743623","0.5","0.002934364270800565","0.9824910134195618","0.997008547008547","Galactitol, Sorbitol, Mannitol, L-Iditol","HMDB0000107, HMDB0000247, HMDB0000765, HMDB0011632","0","168346.171875","29805732","4","0","false","0.00010672542703105137",""
"Pacific Northwest National Laboratory","20201130_jl_lungmap_agarose_1","2020-12-01_22h59m24s","C10H10O2","M+Na","","C10H10O2+Na+","185.057300243","0.0028844087","0.5","0.002989052627539385","0.9683091242058067","0.9965732087227415","4,5-Dihydro-1-benzoxepin-3(2H)-one, Safrole, Methyl cinnamate, 3-(4-Methoxyphenyl)-2-propenal, Cassiastearoptene, 3,6-Dimethyl-2(3H)-benzofuranone, Cinnamyl formate, Allyl benzoate, 1,2-Dihydronaphthalene-1,2-diol, 1-(3-phenyloxiran-2-yl)ethan-1-one, (3E)-4-(2-hydroxyphenyl)but-3-en-2-one, (3Z)-3-hydroxy-4-phenylbut-3-en-2-one, 1-phenylbutane-2,3-dione, 4-(3-hydroxyphenyl)but-3-en-2-one, (2E)-2-methyl-3-phenylprop-2-enoic acid, (2Z)-2-(hydroxymethyl)-3-phenylprop-2-enal, (2Z)-3-(3-hydroxyphenyl)-2-methylprop-2-enal, (2Z)-3-(4-hydroxyphenyl)-2-methylprop-2-enal, 2-methyl-3-phenyloxirane-2-carbaldehyde, (2Z)-3-(2-hydroxyphenyl)-2-methylprop-2-enal, (3E)-1-hydroxy-4-phenylbut-3-en-2-one, (3E)-4-(3-hydroxyphenyl)but-3-en-2-one, (3E)-4-(4-hydroxyphenyl)but-3-en-2-one, 3-(4-methoxyphenyl)prop-2-enal, 4-(4-hydroxyphenyl)but-3-en-2-one, 1-hydroxy-4-phenylbut-3-en-2-one","HMDB0029714, HMDB0033591, HMDB0033833, HMDB0032611, HMDB0033830, HMDB0038893, HMDB0040577, HMDB0040592, HMDB0060335, HMDB0133750, HMDB0133751, HMDB0133752, HMDB0133755, HMDB0133504, HMDB0133594, HMDB0133595, HMDB0133596, HMDB0133597, HMDB0133598, HMDB0133599, HMDB0133747, HMDB0133748, HMDB0133749, HMDB0135643, HMDB0141046, HMDB0141158","0","172555.46875","26867604","26","0","false","0.00009079546725843102",""
"Pacific Northwest National Laboratory","20201130_jl_lungmap_agarose_1","2020-12-01_22h59m24s","C8H13NO2","M+Na","","C8H13NO2+Na+","178.08384933899998","0.0028942458","0.5","0.002986933715128656","0.9766214916657546","0.9921641791044776","Arecoline","HMDB0030353","0","176942.9375","33833912","1","0","false","0.0002632870164234191",""
"Pacific Northwest National Laboratory","20201130_jl_lungmap_agarose_1","2020-12-01_22h59m24s","C10H13N","M+Na","","C10H13N+Na+","170.09402009899998","0.0028974009","0.5","0.003001054432647229","0.9706024068101532","0.994702842377261","5,6,7,8-Tetrahydro-4-methylquinoline, (S)-Actinidine, 3-Methyl-3-phenylazetidine","HMDB0029709, HMDB0030346, HMDB0061785","0","181361.640625","32858392","3","0","false","0.0002006242866627872",""
"Pacific Northwest National Laboratory","20201130_jl_lungmap_agarose_1","2020-12-01_22h59m24s","C9H17NOS2","M+Na","","C9H17NOS2+Na+","242.064377187","0.0029076391","0.5","0.003043331113093502","0.9582360685271252","0.9970542635658914","1-Isothiocyanato-7-(methylsulfinyl)heptane","HMDB0038441","0","182005.515625","27986212","1","0","false","0.00012190680718049407",""
"Pacific Northwest National Laboratory","20201130_jl_lungmap_agarose_1","2020-12-01_22h59m24s","C7H16NO3","M+Na","","C7H16NO3+Na+","185.10223905499998","0.0029200686","0.5","0.0030060927495486225","0.9773919172453235","0.9938524590163934","(S)-carnitinium","HMDB0062634","0","171976.9375","31007146","1","0","false","0.0007839821046218276",""
"Pacific Northwest National Laboratory","20201130_jl_lungmap_agarose_1","2020-12-01_22h59m24s","C12H26O","M+Na","","C12H26O+Na+","209.18758613499998","0.0029201752","0.5","0.0030356847854856564","0.9645825971846845","0.9972701149425287","2-Butyl-1-octanol, Dodecanol","HMDB0041288, HMDB0011626","0","198987.546875","29778566","2","0","false","0.00023096321092452854",""
"Pacific Northwest National Laboratory","20201130_jl_lungmap_agarose_1","2020-12-01_22h59m24s","C3H8S3","M+Na","","C3H8S3+Na+","162.968034449","0.002933569","0.5","0.003044676143304004","0.9657481548859612","0.9976800976800977","Methyl (methylthio)methyl disulfide, Ethyl methyl trisulfide","HMDB0031875, HMDB0038891","0","191725.234375","34466212","2","1","false","0.00014660187298431993","C2H4O5S+Na+"
"Pacific Northwest National Laboratory","20201130_jl_lungmap_agarose_1","2020-12-01_22h59m24s","C2H6SSe","M+Na","","C2H6SSe+Na+","158.930717945","0.0029350217","0.5","0.006561211036293161","0.44930639471285394","0.9955995599559956","Methyl methylthio selenide","HMDB0030879","0","180729.859375","38342200","1","0","false","0.00009918129217112437",""
"Pacific Northwest National Laboratory","20201130_jl_lungmap_agarose_1","2020-12-01_22h59m24s","C7H10O4","M+Na","","C7H10O4+Na+","181.047129483","0.0029420634","0.5","0.0030095179841564765","0.9803311782731384","0.9972","Succinylacetone, Isopropylmaleate, xi-2,3-Dihydro-3,5-dihydroxy-6-methyl-4H-pyran-4-one, Ethyl 5-oxotetrahydro-2-furancarboxylate","HMDB0000635, HMDB0012241, HMDB0036380, HMDB0059815","0","176823.03125","31846198","4","0","false","0.00015159671602305025",""
"Pacific Northwest National Laboratory","20201130_jl_lungmap_agarose_1","2020-12-01_22h59m24s","CH4O2Se","M+Na","","CH4O2Se+Na+","144.93282595099998","0.002947695","0.5","0.006586256386483824","0.451028316592072","0.9922934076137419","Methylselenic acid","HMDB0060489","0","172054.78125","45150452","1","0","false","0.00007449049007846043",""
"Pacific Northwest National Laboratory","20201130_jl_lungmap_agarose_1","2020-12-01_22h59m24s","C10H13NO2","M+Na","","C10H13NO2+Na+","202.08384933899998","0.002959571","0.5","0.003041954690769343","0.9749946041147478","0.9978696741854637","2(N)-Methyl-norsalsolinol, (R)-Salsolinol, N-methylphenylalanine, alpha-Methylphenylalanine, Maltoxazine, 3,5-Dimethylphenyl methylcarbamate, Ethyl N-methylanthranilate, 1,2,3,4,5,6-Hexahydro-5-(1-hydroxyethylidene)-7H-cyclopenta[b]pyridin-7-one, 2,3-Dihydro-5-(3-hydroxypropanoyl)-1H-pyrrolizine, 3,4-Methylenedioxyamphetamine, Salsolinol","HMDB0001189, HMDB0005199, HMDB0029224, HMDB0029223, HMDB0030372, HMDB0031811, HMDB0033763, HMDB0039655, HMDB0040021, HMDB0041931, HMDB0042012","0","205542.3125","34270160","11","0","false","0.00012180002522654831",""
"Pacific Northwest National Laboratory","20201130_jl_lungmap_agarose_1","2020-12-01_22h59m24s","C7H7NO3","M+Na","","C7H7NO3+Na+","176.03181376699996","0.0029600833","0.5","0.0030433380394085264","0.9780145485593928","0.9945083014048531","3-Hydroxyanthranilic acid, 3-Aminosalicylic acid, Aminosalicylic Acid, Mesalazine, 6-Methoxy-pyridine-3-carboxylic acid, 2-Nitro-p-cresol","HMDB0001476, HMDB0001972, HMDB0014378, HMDB0014389, HMDB0059749, HMDB0059811","0","174531.46875","33353630","6","0","false","0.0002514048246666789",""
"Pacific Northwest National Laboratory","20201130_jl_lungmap_agarose_1","2020-12-01_22h59m24s","C7H11N3O2","M+Na","","C7H11N3O2+Na+","192.07434727499998","0.0029800946","0.5","0.003062832018647218","0.9757493788388872","0.9971685971685972","1-Methylhistidine, 3-Methylhistidine","HMDB0000001, HMDB0000479","0","170398.3125","32799398","2","0","false","0.00020172991207800806",""
"Pacific Northwest National Laboratory","20201130_jl_lungmap_agarose_1","2020-12-01_22h59m24s","C8H12N2O","M+Na","","C8H12N2O+Na+","175.08418368699998","0.003027937","0.5","0.0031139865894308535","0.9771837922670913","0.9950704225352113","2-Isopropyl-5-methoxypyrazine, 2-Isopropyl-6-methoxypyrazine, 2-Methoxy-(3 or 5 or 6)-isopropylpyrazine, 2-Isopropyl-3-methoxypyrazine","HMDB0040052, HMDB0040053, HMDB0032381, HMDB0040340","0","169993.25","35841608","4","0","false","0.00004415680086822249",""
"Pacific Northwest National Laboratory","20201130_jl_lungmap_agarose_1","2020-12-01_22h59m24s","C8H16O2","M+Na","","C8H16O2+Na+","167.10425043499998","0.0030505138","0.5","0.0031582922184434734","0.9687309561164923","0.997051282051282","Ethyl hexanoate, 2-Ethylhexanoic acid, Pentyl propanoate, Isobutyl isobutyrate, Butyl isobutyrate, Isopropyl 3-methylbutanoate, Propyl 3-methylbutanoate, Ethyl 4-methylpentanoate, 3-Hydroxy-2-octanone, Valproic acid, Caprylic acid, Valeraldehyde propyleneglycol acetal, Heptyl formate, Hexyl acetate, (3R,5Z)-5-Octene-1,3-diol, 3-Methylbutyl propanoate, 1-Hydroxy-3-octanone, Methyl heptanoate, Ethyl (±)-2-methylpentanoate, 2-Methylheptanoic acid, 6-Methylheptanoic acid, Methyl 5-methylhexanoate, 2-Ethylbutyl acetate, cis- and trans-2-Isobutyl-4-methyl-1,3-dioxolane, 1,1-Dimethoxy-trans-2-hexene, 2-Methylpropyl butanoate, Ethyl (±)-3-methylpentanoate, (±)-5-Hydroxy-4-octanone, 3-(Hydroxymethyl)-2-heptanone, Isopropyl 2-methylbutanoate, Butyl butyrate, Propyl pentanoate, Ethyl 2-ethylbutanoate, Tetrahydro-2,5-dimethyl-2H-pyranmethanol","HMDB0040209, HMDB0031230, HMDB0031638, HMDB0040252, HMDB0040251, HMDB0032046, HMDB0032047, HMDB0032272, HMDB0032335, HMDB0001877, HMDB0000482, HMDB0032551, HMDB0034459, HMDB0029980, HMDB0030368, HMDB0034164, HMDB0031290, HMDB0031478, HMDB0031579, HMDB0031587, HMDB0031588, HMDB0031596, HMDB0031703, HMDB0032203, HMDB0032225, HMDB0034161, HMDB0034234, HMDB0035457, HMDB0036165, HMDB0039217, HMDB0039620, HMDB0040296, HMDB0040298, HMDB0061931","0","166220.53125","32969924","34","0","false","0.0014500265242531896",""
"Pacific Northwest National Laboratory","20201130_jl_lungmap_agarose_1","2020-12-01_22h59m24s","C7H15NO3","M+Na","","C7H15NO3+Na+","184.09441402299996","0.0030586885","0.5","0.003131208641439809","0.9791543649683007","0.9976359338061466","L-Carnitine, Malonyl-Carnitin","HMDB0000062, HMDB0062496","0","174673.71875","35929612","2","0","false","0.0000692275061737746",""
"Pacific Northwest National Laboratory","20201130_jl_lungmap_agarose_1","2020-12-01_22h59m24s","C23H36O5","M+Na","","C23H36O5+Na+","415.245494935","0.0030670953","0.5","0.0033852286767297943","0.925670195059086","0.9787752261656228","20,22-Dihydrodigoxigenin","HMDB0060730","0","248326.234375","71966016","1","0","false","0.00011121550778625533",""
"Pacific Northwest National Laboratory","20201130_jl_lungmap_agarose_1","2020-12-01_22h59m24s","C30H41NO6","M+Na","","C30H41NO6+Na+","534.282608715","0.0030826835","0.5","0.003462869377908204","0.898103164083667","0.9912121212121212","Cytochalasin Ppho","HMDB0035368","0","241704.84375","34950876","1","0","false","0.0002667231601662934",""
"Pacific Northwest National Laboratory","20201130_jl_lungmap_agarose_1","2020-12-01_22h59m24s","C7H13N3O4S","M+Na","","C7H13N3O4S+Na+","258.05189774900003","0.0030839494","0.5","0.003173605662692499","0.9759293754903904","0.9957169459962756","Cysteinyl-Asparagine, Asparaginyl-Cysteine","HMDB0028770, HMDB0028728","0","173539.453125","23530574","2","0","false","0.0002658604353200644",""
"Pacific Northwest National Laboratory","20201130_jl_lungmap_agarose_1","2020-12-01_22h59m24s","C9H14N3O6","M+Na","","C9H14N3O6+Na+","283.077480851","0.0031180535","0.5","0.0033176417553498036","0.9740819737484356","0.9648473034437947","Asparaginyl-Glutamate","HMDB0028730","0","220576.53125","145769520","1","1","false","0.00003310736792627722","C11H16O7+Na+"
"Pacific Northwest National Laboratory","20201130_jl_lungmap_agarose_1","2020-12-01_22h59m24s","C4H9NS","M+Na","","C4H9NS+Na+","126.03479114099999","0.003118458","0.5","0.0059920396984729975","0.5249986778665564","0.991304347826087","(±)-2-Methylthiazolidine","HMDB0031682","0","185777.03125","61271440","1","0","false","0.00011900599929504097",""
"Pacific Northwest National Laboratory","20201130_jl_lungmap_agarose_1","2020-12-01_22h59m24s","C2H6N2O","M+Na","","C2H6N2O+Na+","97.037233495","0.0031185877","0.5","0.0032673921485864552","0.9626838882103133","0.9914549653579676","N-Nitrosodimethylamine, Acetylhydrazine, glycinamide","HMDB0031419, HMDB0060428, HMDB0062472","0","164139.34375","45775900","3","0","false","0.000013741178008785937",""
"Pacific Northwest National Laboratory","20201130_jl_lungmap_agarose_1","2020-12-01_22h59m24s","C6H8N2O2S","M+Na","","C6H8N2O2S+Na+","195.01986934899998","0.0031233584","0.5","0.003187277788177607","0.9827533283282611","0.9971428571428571","Sulfanilamide","HMDB0014404","0","174290.140625","31067860","1","0","false","0.0002449487510602921",""
"Pacific Northwest National Laboratory","20201130_jl_lungmap_agarose_1","2020-12-01_22h59m24s","C9H14O4","M+Na","","C9H14O4+Na+","209.078429611","0.0031249756","0.5","0.0032356020799729295","0.9684234474243151","0.9973009446693657","5-(2-Methylpropyl)tetrahydro-2-oxo-3-furancarboxylic acid, 5-Butyltetrahydro-2-oxo-3-furancarboxylic acid","HMDB0030988, HMDB0030992","0","175324.40625","31368048","2","0","false","0.000135291091282852",""
"Pacific Northwest National Laboratory","20201130_jl_lungmap_agarose_1","2020-12-01_22h59m24s","C10H8O2","M+Na","","C10H8O2+Na+","183.041650179","0.0031284865","0.5","0.0032565868755779666","0.9635132968809152","0.9970430107526882","6-Methylcoumarin, Viburtinal, 7-Methyl-2-benzofurancarboxaldehyde, Naphthalene-1,2-diol","HMDB0032394, HMDB0036073, HMDB0041009, HMDB0060497","0","165224.40625","31464432","4","0","false","0.0001798346493160352",""
"Pacific Northwest National Laboratory","20201130_jl_lungmap_agarose_1","2020-12-01_22h59m24s","CH5AsO2","M+Na","","CH5AsO2+Na+","146.93977008299998","0.0031300306","0.5","0.003186657473557502","0.9864380460120455","0.995734126984127","Methylarsonite","HMDB0012259","0","166173.890625","42447880","1","0","false","0.00006430083885788918",""
"Pacific Northwest National Laboratory","20201130_jl_lungmap_agarose_1","2020-12-01_22h59m24s","C2H2Cl2O","M+Na","","C2H2Cl2O+Na+","134.93749076699999","0.0031319344","0.5","0.0038733508353031728","0.8180534817194701","0.9884259259259259","1,1-Dichloroethylene epoxide, 2,2-Dichloroacetaldehyde, Chloroacetyl chloride","HMDB0060333, HMDB0060357, HMDB0060452","0","189803.484375","53109864","3","0","false","0.00002131907422153745",""
"Pacific Northwest National Laboratory","20201130_jl_lungmap_agarose_1","2020-12-01_22h59m24s","C13H19Na2O5P","M+Na","","C13H19Na2O5P+Na+","355.06576995100005","0.0031324376","0.5","0.0032640060129429265","0.9641020382807584","0.9954248366013072","Fospropofol","HMDB0015661","0","186260.3125","21150226","1","0","false","0.0001160872561740689",""
"Pacific Northwest National Laboratory","20201130_jl_lungmap_agarose_1","2020-12-01_22h59m24s","C4H6O3Se","M+Na","","C4H6O3Se+Na+","198.943390635","0.003139479","0.5","0.007090682858912949","0.4453591054995927","0.9941666666666666","Methylselenopyruvate","HMDB0060490","0","165242.59375","35331012","1","0","false","0.0001655237574595958",""
"Pacific Northwest National Laboratory","20201130_jl_lungmap_agarose_1","2020-12-01_22h59m24s","C10H15O3PS2","M+Na","","C10H15O3PS2+Na+","301.00924436300005","0.0031403448","0.5","0.0033114175564484404","0.9514325965236538","0.9967479674796748","Fenthion","HMDB0033209","0","200466.78125","28889354","1","0","false","0.0006835450185462832",""
"Pacific Northwest National Laboratory","20201130_jl_lungmap_agarose_1","2020-12-01_22h59m24s","C16H34O9","M+Na","","C16H34O9+Na+","393.209503351","0.0031416127","0.5","0.0033184130573326873","0.952862110260701","0.9935555555555555","Octaethylene glycol","HMDB0094680","0","219362.96875","43036688","1","0","false","0.0000778026005718857",""
"Pacific Northwest National Laboratory","20201130_jl_lungmap_agarose_1","2020-12-01_22h59m24s","C6H12N3O8P","M+Na","","C6H12N3O8P+Na+","308.02542202700005","0.0031525411","0.5","0.0032592218485751586","0.9820081195887298","0.9849898580121704","2-(Formamido)-N1-(5-phospho-D-ribosyl)acetamidine","HMDB0006211","0","249167.75","71254544","1","0","false","0.000030620671168435365",""
"Pacific Northwest National Laboratory","20201130_jl_lungmap_agarose_1","2020-12-01_22h59m24s","C4H6S","M+Na","","C4H6S+Na+","109.00824204499999","0.0031584348","0.5","0.0033185428480067658","0.9662524703032873","0.984994640943194","2,3-Dihydrothiophene, Divinyl sulfide","HMDB0033875, HMDB0033922","0","221270.375","107295920","2","0","false","0.00006871790537843481",""
"Pacific Northwest National Laboratory","20201130_jl_lungmap_agarose_1","2020-12-01_22h59m24s","C19H26","M+Na","","C19H26+Na+","277.19267151500003","0.0031676078","0.5","0.0033944421363164327","0.9445124201427288","0.9879963065558633","18-Nor-4(19),8,11,13-abietatetraene","HMDB0041371","0","204699.75","49216368","1","0","false","0.00004399078170536086",""
"Pacific Northwest National Laboratory","20201130_jl_lungmap_agarose_1","2020-12-01_22h59m24s","C2HCl3O","M+Na","","C2HCl3O+Na+","168.89851843499997","0.0031759758","0.5","0.004467244227063376","0.7140006972375161","0.9957236842105263","TCE epoxide","HMDB0062533","0","178386.953125","38575976","1","0","false","0.0008567108307033777",""
"Pacific Northwest National Laboratory","20201130_jl_lungmap_agarose_1","2020-12-01_22h59m24s","C8H14","M+Na","","C8H14+Na+","133.09877113099998","0.0031797762","0.5","0.0032945706501697146","0.9726498501584155","0.9922959572845156","1,3-Octadiene, 2-(Methylenebutyl)-cyclopropane, 2,4-Octadiene, Dimethylhexa-1,4-diene, 2,5-Dimethyl-2,4-hexadiene","HMDB0040966, HMDB0061899, HMDB0061900, HMDB0061901, HMDB0061902","0","173598.625","53914616","5","0","false","0.00009502501779934391",""
"Pacific Northwest National Laboratory","20201130_jl_lungmap_agarose_1","2020-12-01_22h59m24s","C4H8O2","M+Na","","C4H8O2+Na+","111.041650179","0.00326212","0.5","0.003450007591813292","0.9593401897498505","0.9856148491879351","Propyl formate, Isobutyric acid, Butyric acid, Acetoin, Methyl propionate, 1-Hydroxy-2-butanone, Ethyl acetate, Isopropyl formate","HMDB0040253, HMDB0001873, HMDB0000039, HMDB0003243, HMDB0030062, HMDB0031507, HMDB0031217, HMDB0040579","0","250890.4375","101046776","8","0","false","0.00014658494910690933",""
"Pacific Northwest National Laboratory","20201130_jl_lungmap_agarose_1","2020-12-01_22h59m24s","C11H12N2OS","M+Na","","C11H12N2OS+Na+","243.05625485699997","0.0032782254","0.5","0.0034158921503304775","0.9632658001918885","0.9962962962962963","Dehydroxyzyleuton, Brassitin","HMDB0013970, HMDB0040977","0","187021.78125","23137910","2","0","false","0.000045478896936401725",""
"Pacific Northwest National Laboratory","20201130_jl_lungmap_agarose_1","2020-12-01_22h59m24s","C5H10O3S","M+Na","","C5H10O3S+Na+","173.02428603299998","0.0033117943","0.5","0.0033825957938540393","0.9833819509016207","0.9956140350877193","(±)-2-Hydroxy-4-(methylthio)butanoic acid","HMDB0037115","0","197436.0625","33918296","1","0","false","0.00005155162943992764",""
"Pacific Northwest National Laboratory","20201130_jl_lungmap_agarose_1","2020-12-01_22h59m24s","C21H32O4","M+Na","","C21H32O4+Na+","371.21928018700004","0.0033273625","0.5","0.0035787215578074877","0.9373465798749105","0.9919093851132686","3b,15b,17a-Trihydroxy-pregnenone, 3a,21-Dihydroxy-5b-pregnane-11,20-dione, 11b,21-Dihydroxy-5b-pregnane-3,20-dione, 17alpha,21-Dihydroxypregnenolone, 7'-Carboxy-alpha-chromanol, [10]-Gingerdione, [8]-Paradyl acetate, 9alpha-(3-Methyl-2E-pentenoyloxy)-4S-hydroxy-10(14)-oplopen-3-one, (4E)-6-hydroxy-1-(4-hydroxy-3-methoxyphenyl)tetradec-4-en-3-one","HMDB0000353, HMDB0006755, HMDB0006757, HMDB0006762, HMDB0012848, HMDB0029475, HMDB0040641, HMDB0040954, HMDB0137416","0","171519.890625","14126693","9","0","false","0.0005668172962032259",""
"Pacific Northwest National Laboratory","20201130_jl_lungmap_agarose_1","2020-12-01_22h59m24s","C5H12O4","M+Na","","C5H12O4+Na+","159.062779547","0.0033376021","0.5","0.0034106699973314386","0.9810739777638849","0.9974545454545455","2-Methylerythritol, 3-Deoxy-D-arabinitol, 2-Deoxy-D-ribitol, 1-Deoxy-D-ribitol, 1,2-Diacylglycerol-LD-PE-pool","HMDB0011659, HMDB0031201, HMDB0033919, HMDB0041486, HMDB0062269","0","172612.0625","34726276","5","1","false","0.000032494972401764244","C10H7NO+H+"
"Pacific Northwest National Laboratory","20201130_jl_lungmap_agarose_1","2020-12-01_22h59m24s","C9H14O9","M+Na","","C9H14O9+Na+","289.05300271100003","0.0033456865","0.5","0.0034555906921208226","0.9724048094640403","0.9956709956709957","Monoglyceride citrate, 3-oxo-3-[(3,4,5,6-tetrahydroxyoxan-2-yl)methoxy]propanoic acid","HMDB0032437, HMDB0125085","0","180990.625","20469114","2","0","false","0.00004263644586899318",""
"Pacific Northwest National Laboratory","20201130_jl_lungmap_agarose_1","2020-12-01_22h59m24s","C9H14N2O12P2","M+Na","","C9H14N2O12P2+Na+","426.991418571","0.003347332","0.5","0.003470652306301162","0.9693031746968492","0.9950113378684807","Uridine 5'-diphosphate","HMDB0000295","0","185785.78125","20972136","1","0","false","0.00020223412138875574",""
"Pacific Northwest National Laboratory","20201130_jl_lungmap_agarose_1","2020-12-01_22h59m24s","C5H8O3S","M+Na","","C5H8O3S+Na+","171.00863596899998","0.0033534695","0.5","0.0034776644739101395","0.9774708462216857","0.9865131578947368","2-Oxo-4-methylthiobutanoic acid","HMDB0001553","0","185201.671875","38315328","1","0","false","0.00006404260057024658",""
"Pacific Northwest National Laboratory","20201130_jl_lungmap_agarose_1","2020-12-01_22h59m24s","C13H18O2","M+Na","","C13H18O2+Na+","229.11990049899998","0.0034186502","0.5","0.0035559381337212865","0.9651093723642268","0.9961481481481481","2-Phenylethyl 2-methylbutanoate, 3-Methylbutyl phenylacetate, Benzyl hexanoate, Ibuprofen, Eremopetasinorone A, (E)-6-Methyl-6-(5-methyl-2-furanyl)-3-hepten-2-one, 2-Phenylpropyl butyrate, 2-Phenylpropyl isobutyrate, 3-Phenylpropyl 2-methylpropanoate, 3-Acetoxy-3-methyl-1-phenylbutane, 2-Phenylethyl pentanoate, 2-Phenylethyl 3-methylbutanoate, xi-8,9-Dehydrotheaspirone, 2,4,6-Trimethyl-4-phenyl-1,3-dioxane, Methyl 4-tert-butylphenylacetate, 1-Phenylpropyl butyrate, alpha-Methylphenethyl butyrate, Ethyl (±)-2-ethyl-3-phenylpropanoate, 10beta-12,13-Dinor-8-oxo-6-eremophilen-11-al, 1-Methyl-1-phenylethyl isobutyrate, Amyl phenylacetate, Etrogol, Hexyl benzoate, 1-(4-methoxyphenyl)-4-methylpent-1-en-3-ol, 1-(4-methoxyphenyl)-4-methylpentan-3-one","HMDB0037720, HMDB0035008, HMDB0032176, HMDB0001925, HMDB0029669, HMDB0033196, HMDB0034469, HMDB0034470, HMDB0034472, HMDB0034556, HMDB0035016, HMDB0035017, HMDB0035181, HMDB0036025, HMDB0036240, HMDB0036386, HMDB0036391, HMDB0037194, HMDB0037604, HMDB0037623, HMDB0038605, HMDB0039101, HMDB0040431, HMDB0132940, HMDB0132932","0","170959.875","28700340","25","0","false","0.00011883827392011881",""
"Pacific Northwest National Laboratory","20201130_jl_lungmap_agarose_1","2020-12-01_22h59m24s","C12H15NO5S","M+Na","","C12H15NO5S+Na+","308.056314433","0.003418786","0.5","0.0035278301957442173","0.974542254947162","0.9944055944055944","Faropenem","HMDB0041892","0","169739.78125","19011260","1","1","false","0.00011300182086415589","C15H12ClN3O+Na+"
"Pacific Northwest National Laboratory","20201130_jl_lungmap_agarose_1","2020-12-01_22h59m24s","C12H10N2O5S","M+Na","","C12H10N2O5S+Na+","317.020263273","0.0034268661","0.5","0.0037022947209529727","0.9593212386155127","0.9648550724637681","4-[(2,4-Dihydroxyphenyl)azo]benzenesulfonic acid","HMDB0037835","0","239847.515625","95666120","1","0","false","0.00001324978620687034",""
"Pacific Northwest National Laboratory","20201130_jl_lungmap_agarose_1","2020-12-01_22h59m24s","C12H24N2O4","M+Na","","C12H24N2O4+Na+","283.16282793100004","0.0034273916","0.5","0.0035758530531591884","0.963752759845211","0.99453125","Carisoprodol","HMDB0014539","0","178342.703125","16983092","1","0","false","0.000555147067643702",""
"Pacific Northwest National Laboratory","20201130_jl_lungmap_agarose_1","2020-12-01_22h59m24s","C19H16ClNO4","M+Na","","C19H16ClNO4+Na+","380.0660063750001","0.0034289109","0.5","0.0038122610109602487","0.9029543499662976","0.9961111111111111","Indomethacin","HMDB0014473","0","231335.8125","43180608","1","2","false","0.00006664232205366716","C15H16O10+Na+, C12H20O11+K+"
"Pacific Northwest National Laboratory","20201130_jl_lungmap_agarose_1","2020-12-01_22h59m24s","C4H7NO2","M+Na","","C4H7NO2+Na+","124.036899147","0.0034461918","0.5","0.003577865234577486","0.979467458812658","0.9833892617449664","L-3-Aminodihydro-2(3H)-furanone, (S)-2-Azetidinecarboxylic acid, 1-Aminocyclopropanecarboxylic acid","HMDB0029387, HMDB0029615, HMDB0036458","0","172520.84375","71705816","3","0","false","0.000005379725735110696",""
"Pacific Northwest National Laboratory","20201130_jl_lungmap_agarose_1","2020-12-01_22h59m24s","C6H8N2S","M+Na","","C6H8N2S+Na+","163.03004010899997","0.0034708434","0.5","0.0035547919285429832","0.9791259951473241","0.9972","Pyrazineethanethiol, 2-Methyl-5-(methylthio)pyrazine, 2-Methyl-6-(methylthio)pyrazine, 2-Methyl-(3 or 5 or 6)-(methylthio)pyrazine (mixture of isomers)","HMDB0037169, HMDB0040060, HMDB0040061, HMDB0032384","0","169215.6875","31752384","4","0","false","0.00012784471618942916",""
"Pacific Northwest National Laboratory","20201130_jl_lungmap_agarose_1","2020-12-01_22h59m24s","C15H14O8","M+Na","","C15H14O8+Na+","345.058088091","0.0034751575","0.5","0.0036751528540472913","0.9544324011710565","0.9907268170426066","2-(3,4,5-trihydroxyphenyl)-3,4-dihydro-2H-1-benzopyran-3,4,5,7-tetrol","HMDB0136090","0","205633.953125","18327026","1","0","false","0.0001909043494379148",""
"Pacific Northwest National Laboratory","20201130_jl_lungmap_agarose_1","2020-12-01_22h59m24s","C6H14NO","M+Na","","C6H14NO+Na+","139.09675975099998","0.003475208","0.5","0.003556905362567143","0.9807122966759235","0.9962466487935657","Trimethylaminoacetone","HMDB0012296","0","169339.796875","45979848","1","0","false","0.00003399714842089452",""
"Pacific Northwest National Laboratory","20201130_jl_lungmap_agarose_1","2020-12-01_22h59m24s","C8H8O2","M+Na","","C8H8O2+Na+","159.041650179","0.0034753866","0.5","0.003544883860349237","0.9844067387753803","0.9959247648902821","2-Methylbenzoic acid, 3-(5-Methyl-2-furyl)prop-2-enal, 2'-Hydroxyacetophenone, 2-Hydroxy-4-methylbenzaldehyde, Phenylacetic acid, 4-Hydroxyphenylacetaldehyde, 4-Methylbenzoic acid, 4-Methoxybenzaldehyde, 3-Methoxybenzaldehyde, 4-(2-Furanyl)-3-buten-2-one, 2-Methoxybenzaldehyde, Methyl benzoate, alpha-Methyl-2-furanacrolein, 3-(3-Furanyl)-2-methyl-2-propenal, Phenyl acetate, Benzyl formate, M-toluic Acid, 5-ethenylbenzene-1,3-diol, 4-ethenylbenzene-1,2-diol, 4-ethenylbenzene-1,3-diol","HMDB0002340, HMDB0032400, HMDB0032568, HMDB0032603, HMDB0000209, HMDB0003767, HMDB0029635, HMDB0029686, HMDB0031459, HMDB0033128, HMDB0033766, HMDB0033968, HMDB0038176, HMDB0040638, HMDB0040733, HMDB0041485, HMDB0062810, HMDB0125535, HMDB0124942, HMDB0126385","0","185117.34375","40281724","20","0","false","0.00018558143347036093",""
"Pacific Northwest National Laboratory","20201130_jl_lungmap_agarose_1","2020-12-01_22h59m24s","C8H18N4O2","M+Na","","C8H18N4O2+Na+","225.13219649899997","0.003475817","0.5","0.003570386379057564","0.9764717993098959","0.996969696969697","Asymmetric dimethylarginine, Symmetric dimethylarginine","HMDB0001539, HMDB0003334","0","170074.671875","30954284","2","1","false","0.00007727348565822467","C12H17NO3+H+"
"Pacific Northwest National Laboratory","20201130_jl_lungmap_agarose_1","2020-12-01_22h59m24s","C8H14N2O3","M+Na","","C8H14N2O3+Na+","209.08966299099995","0.003501762","0.5","0.0035990975587155386","0.9765909251541008","0.9962774957698816","Alanyl-Proline, Prolyl-Alanine","HMDB0028695, HMDB0029010","0","162448","25063238","2","0","false","0.0003661138762254268",""
"Pacific Northwest National Laboratory","20201130_jl_lungmap_agarose_1","2020-12-01_22h59m24s","C8H15N5O","M+Na","","C8H15N5O+Na+","220.11688078299997","0.0035226475","0.5","0.0036284846163202726","0.9739071216430517","0.9968421052631579","4-ethylamino-6-isopropylamino-1,3,5-triazin-2-ol","HMDB0062766","0","192336.8125","24354038","1","0","false","0.00020162705914117396",""
"Pacific Northwest National Laboratory","20201130_jl_lungmap_agarose_1","2020-12-01_22h59m24s","C6H8OS","M+Na","","C6H8OS+Na+","151.01880672899998","0.0035316648","0.5","0.00362517682098599","0.9767465753067891","0.9973977695167286","2-(Methylthiomethyl)furan, 2-Methyl-3-(methylthio)furan, 2-(1-Mercaptoethyl)furan, 5-Methyl-2-furanmethanethiol, 2,5-Dimethyl-3-furanthiol, 2-Methyl-5-(methylthio)furan","HMDB0032916, HMDB0036610, HMDB0039586, HMDB0039800, HMDB0040197, HMDB0041566","0","176251.28125","34140400","6","0","false","0.00007239863043650985",""
"Pacific Northwest National Laboratory","20201130_jl_lungmap_agarose_1","2020-12-01_22h59m24s","C12H22N2","M+Na","","C12H22N2+Na+","217.16751938699997","0.0035356157","0.5","0.0036853510345085947","0.9620995074524766","0.9971631205673759","3-Nonyl-1H-pyrazole","HMDB0034210","0","189976.625","30238338","1","0","false","0.00003379511690582149",""
"Pacific Northwest National Laboratory","20201130_jl_lungmap_agarose_1","2020-12-01_22h59m24s","C11H16O6S","M+Na","","C11H16O6S+Na+","299.05598008500004","0.0035438759","0.5","0.003930012398745029","0.9416975585743477","0.9575757575757575","[4-(3-hydroxybutyl)-2-methoxyphenyl]oxidanesulfonic acid, {[4-(4-hydroxy-3-methoxyphenyl)butan-2-yl]oxy}sulfonic acid","HMDB0135717, HMDB0135718","0","244126.71875","185595456","2","1","false","0.00004681030259234831","C16H10O6+H+"
"Pacific Northwest National Laboratory","20201130_jl_lungmap_agarose_1","2020-12-01_22h59m24s","C15H20O11","M+Na","","C15H20O11+Na+","399.08978214300004","0.0035581838","0.5","0.0037775318921213124","0.9502291634329193","0.9912698412698413","Furaneol 4-(6-malonylglucoside)","HMDB0029778","0","186597.109375","11923734","1","0","false","0.00008310467092087492",""
"Pacific Northwest National Laboratory","20201130_jl_lungmap_agarose_1","2020-12-01_22h59m24s","C17H24N4O3","M+Na","","C17H24N4O3+Na+","355.174061311","0.003565345","0.5","0.003784356901979419","0.9483927087628174","0.9933933933933934","Lysyl-Tryptophan, Tryptophyl-Lysine","HMDB0028962, HMDB0029088","0","178817.046875","15163396","2","0","false","0.00023953174240887165",""
"Pacific Northwest National Laboratory","20201130_jl_lungmap_agarose_1","2020-12-01_22h59m24s","C16H30O6","M+Na","","C16H30O6+Na+","341.19345936300004","0.0036027487","0.5","0.0037972178258653005","0.954707079128806","0.993798449612403","Menthyl pyrrolidone carboxylate, L-Citronellol glucoside","HMDB0032368, HMDB0029850","0","168473.21875","17289080","2","0","false","0.00005252123446553014",""
"Pacific Northwest National Laboratory","20201130_jl_lungmap_agarose_1","2020-12-01_22h59m24s","C24H24","M+Na","","C24H24+Na+","335.17702145100003","0.003603146","0.5","0.003941848287787814","0.9200997304790659","0.993452380952381","1,3,5-Triphenylcyclohexane, (±)-2,4,6-Triphenyl-1-hexene, 1,2,3,4-Tetrahydro-1-phenyl-4-(2-phenylethyl)naphthalene, 1,2,3,4-Tetrahydro-1-phenyl-4-(1-phenylethyl)naphthalene","HMDB0037518, HMDB0039361, HMDB0040519, HMDB0040520","0","178253.15625","15222136","4","0","false","0.000049826590839074925",""
"Pacific Northwest National Laboratory","20201130_jl_lungmap_agarose_1","2020-12-01_22h59m24s","C4H11NO4S","M+Na","","C4H11NO4S+Na+","192.03009968499998","0.0036231484","0.5","0.0036825503720751083","0.986208170394889","0.9976284584980237","[2-(dimethylamino)ethoxy]sulfonic acid","HMDB0142542","0","197877.703125","32466240","1","0","false","0.00002108583976223599",""
"Pacific Northwest National Laboratory","20201130_jl_lungmap_agarose_1","2020-12-01_22h59m24s","C10H16N2O11P2","M+Na","","C10H16N2O11P2+Na+","425.012154015","0.0036234676","0.5","0.0037949335182107624","0.9682575530458113","0.9861189801699717","dTDP","HMDB0001274","0","233281.890625","54056608","1","0","false","0.00008350049756700173",""
"Pacific Northwest National Laboratory","20201130_jl_lungmap_agarose_1","2020-12-01_22h59m24s","C9H19N3O4","M+Na","","C9H19N3O4+Na+","256.12677677100004","0.0036309073","0.5","0.0037346227204331692","0.9765955630541673","0.9955284552845528","Lysyl-Serine, Seryllysine, Lysinoalanine","HMDB0028960, HMDB0029044, HMDB0029447","0","188389.875","21484576","3","0","false","0.0011101003037765622",""
"Pacific Northwest National Laboratory","20201130_jl_lungmap_agarose_1","2020-12-01_22h59m24s","C20H20O10S","M+Na","","C20H20O10S+Na+","475.066938693","0.0036376633","0.5","0.00394585105195456","0.9282861532792901","0.9931159420289855","Torvanol A, ({4-[4,6-dihydroxy-3-(6-hydroxy-3-oxo-2,3-dihydro-1-benzofuran-2-yl)-2-methoxyphenyl]-2-methylbut-2-en-1-yl}oxy)sulfonic acid","HMDB0038789, HMDB0125974","0","230389.6875","28035042","2","0","false","0.00021657008619513363",""
"Pacific Northwest National Laboratory","20201130_jl_lungmap_agarose_1","2020-12-01_22h59m24s","C6H10O5","M+Na","","C6H10O5+Na+","185.04204410299997","0.0036611848","0.5","0.0037500358983958873","0.979178883928075","0.9970666666666667","Diethyl dicarbonate, 3-Hydroxyadipic acid, 2-Hydroxyadipic acid, 3-Hydroxymethylglutaric acid, 2(R)-Hydroxyadipic acid, Levoglucosan, D-1-Deoxy-erythro-hexo-2,3-diulose, D-1,5-Anhydrofructose, 2-Hydroxy-2-ethylsuccinic acid","HMDB0032873, HMDB0000345, HMDB0000321, HMDB0000355, HMDB0000368, HMDB0000640, HMDB0029934, HMDB0041561, HMDB0059758","0","172448.046875","31783896","9","0","false","0.00022845351486466825",""
"Pacific Northwest National Laboratory","20201130_jl_lungmap_agarose_1","2020-12-01_22h59m24s","C4H8N2","M+Na","","C4H8N2+Na+","107.05796893899999","0.003681081","0.5","0.003952041556695086","0.9500968623460743","0.9803609341825902","2-(Dimethylamino)acetonitrile","HMDB0061875","0","264921.9375","108661584","1","0","false","0.000016790037989267148",""
"Pacific Northwest National Laboratory","20201130_jl_lungmap_agarose_1","2020-12-01_22h59m24s","C18H21ClN2","M+Na","","C18H21ClN2+Na+","323.12854705500007","0.0036942554","0.5","0.004344591774108191","0.8565061511396426","0.9927672955974842","desmethylclomipramine, Chlorcyclizine","HMDB0060947, HMDB0240224","0","170614.265625","14071862","2","0","false","0.000028742644644808024",""
"Pacific Northwest National Laboratory","20201130_jl_lungmap_agarose_1","2020-12-01_22h59m24s","C6H6N2O3","M+Na","","C6H6N2O3+Na+","177.02706273499996","0.0037033332","0.5","0.003809828942732166","0.9805300493043465","0.9913486005089058","5-(2-carboxylatoethyl)-4-oxo-4,5-dihydro-1H-imidazol-5-ide","HMDB0062719","0","160961.765625","33283516","1","0","false","0.00014102341083344072",""
"Pacific Northwest National Laboratory","20201130_jl_lungmap_agarose_1","2020-12-01_22h59m24s","C3H5NO2","M+Na","","C3H5NO2+Na+","110.021249083","0.003714975","0.5","0.003971111269030953","0.9514465327788548","0.9832398054620277","2-Aminoacrylic acid, 3-Isoxazolidinone","HMDB0003609, HMDB0039426","0","246424.09375","103327632","2","0","false","0.000021356536308303475",""
"Pacific Northwest National Laboratory","20201130_jl_lungmap_agarose_1","2020-12-01_22h59m24s","C5H14NO","M+Na","","C5H14NO+Na+","127.096759751","0.003724425","0.5","0.0038837963085206996","0.9725286951544388","0.9860532407407407","Choline","HMDB0000097","0","218297.875","69769536","1","0","false","0.000013727307305089198",""
"Pacific Northwest National Laboratory","20201130_jl_lungmap_agarose_1","2020-12-01_22h59m24s","C2H4O3","M+Na","","C2H4O3+Na+","99.00526467099999","0.0037299024","0.5","0.003981224142909673","0.9514981276211373","0.9846296296296296","Glycolic acid, Peracetic acid","HMDB0000115, HMDB0031608","0","217286.8125","78222280","2","0","false","0.00005485280053107999",""
"Pacific Northwest National Laboratory","20201130_jl_lungmap_agarose_1","2020-12-01_22h59m24s","C8H9NO3","M+Na","","C8H9NO3+Na+","190.04746383099996","0.003759676","0.5","0.00386134439025164","0.9764151277503776","0.9971887550200803","Pyridoxal, Isopyridoxal, 3alpha,4,5,7alpha-Tetrahydro-5-hydroxy-1H-isoindole-1,3(2H)-dione, 3alpha,4,7,7alpha-Tetrahydro-4-hydroxy-1H-isoindole-1,3(2H)-dione, 3-Methoxyanthranilate","HMDB0001545, HMDB0004290, HMDB0034887, HMDB0034889, HMDB0060374","0","179120.296875","31675648","5","0","false","0.00013460998889058828",""
"Pacific Northwest National Laboratory","20201130_jl_lungmap_agarose_1","2020-12-01_22h59m24s","C17H14O5","M+Na","","C17H14O5+Na+","321.073344231","0.003782689","0.5","0.004010877736667462","0.947620035637383","0.9952380952380953","4',5-Dihydroxy-7-methoxy-6-methylflavone, Sayanedin, Alfalone, 8-hydroxy-7-methoxy-3-(3-methoxyphenyl)-4H-chromen-4-one, 5-hydroxy-7-methoxy-3-(3-methoxyphenyl)-4H-chromen-4-one, 7-hydroxy-5,6-dimethoxy-2-phenyl-4H-chromen-4-one, 3-(3-hydroxy-4-methoxyphenyl)-7-methoxy-4H-chromen-4-one, 3-(3,4-dimethoxyphenyl)-7-hydroxy-4H-chromen-4-one, 6-hydroxy-7-methoxy-3-(3-methoxyphenyl)-4H-chromen-4-one, 6-hydroxy-5,7-dimethoxy-3-phenyl-4H-chromen-4-one, 3-(4-hydroxyphenyl)-5,7-dimethoxy-4H-chromen-4-one, 2-(2-hydroxyphenyl)-5,6-dimethoxy-4H-chromen-4-one, 2-(4-hydroxyphenyl)-5,7-dimethoxy-4H-chromen-4-one, 7-hydroxy-5-methoxy-2-(4-methoxyphenyl)-4H-chromen-4-one, 5-hydroxy-7-methoxy-2-(4-methoxyphenyl)-4H-chromen-4-one, 7-hydroxy-6-methoxy-3-(4-methoxyphenyl)-4H-chromen-4-one, 2-(4-hydroxy-3,5-dimethoxyphenyl)-4H-chromen-4-one, 2-(3-hydroxy-4,5-dimethoxyphenyl)-4H-chromen-4-one, 2-(3,5-dimethoxyphenyl)-7-hydroxy-4H-chromen-4-one","HMDB0029512, HMDB0030718, HMDB0038811, HMDB0130392, HMDB0130396, HMDB0128582, HMDB0130361, HMDB0130362, HMDB0130368, HMDB0130763, HMDB0130767, HMDB0130900, HMDB0132452, HMDB0132453, HMDB0132454, HMDB0132849, HMDB0140449, HMDB0140450, HMDB0140455","0","209913.546875","17857158","19","1","false","0.000031222331017488614","C11H15NO10+H+"
"Pacific Northwest National Laboratory","20201130_jl_lungmap_agarose_1","2020-12-01_22h59m24s","C13H24","M+Na","","C13H24+Na+","203.17702145099997","0.003788117","0.5","0.003945270478094882","0.9671197870466152","0.9928104575163399","(Z)-1,5-Tridecadiene","HMDB0041081","0","166156.140625","25942414","1","0","false","0.00045905751176178455",""
"Pacific Northwest National Laboratory","20201130_jl_lungmap_agarose_1","2020-12-01_22h59m24s","C4H6O5","M+Na","","C4H6O5+Na+","157.01074397499997","0.0038003284","0.5","0.003968131998121816","0.987744705660079","0.9695948656237465","L-Malic acid, Velcorin, Malic acid, D-Malic acid","HMDB0000156, HMDB0032872, HMDB0000744, HMDB0031518","0","246855.421875","227690816","4","0","false","0.00010368163930252194",""
"Pacific Northwest National Laboratory","20201130_jl_lungmap_agarose_1","2020-12-01_22h59m24s","C7H14O","M+Na","","C7H14O+Na+","137.09368575099998","0.0038063184","0.5","0.003925307147775381","0.9739115167337193","0.995662100456621","3-Methylhexanal, 2-Heptanone, 4-Heptanone, Ethyl isobutyl ketone, 1-Ethoxy-3-methyl-2-butene, (Z)-4-Hepten-1-ol, 2,4-Dimethyl-3-pentanone, Heptanal, 3-Heptanone, 3-Methylcyclohexanol, 5-Methyl-2-hexanone, (±)-2-Methylhexanal, (2R,4Z)-4-Hepten-2-ol, 2-Methyl-3-hexanone, 1-Methylcyclohexanol","HMDB0032405, HMDB0003671, HMDB0004814, HMDB0005841, HMDB0038052, HMDB0031405, HMDB0031429, HMDB0031475, HMDB0031482, HMDB0031538, HMDB0031549, HMDB0040191, HMDB0041320, HMDB0061896, HMDB0059693","0","192476.75","54132192","15","0","false","0.00004314563557272777",""
"Pacific Northwest National Laboratory","20201130_jl_lungmap_agarose_1","2020-12-01_22h59m24s","C4H4O3","M+Na","","C4H4O3+Na+","123.00526467099999","0.0038075491","0.5","0.003952886722808322","0.9719552161906166","0.9910256410256411","Succinic anhydride","HMDB0032523","0","170458.765625","62002992","1","0","false","0.000032541680411668494",""
"Pacific Northwest National Laboratory","20201130_jl_lungmap_agarose_1","2020-12-01_22h59m24s","C11H15NO3S","M+Na","","C11H15NO3S+Na+","264.066485193","0.0038100532","0.5","0.003977332755222772","0.9628168104592181","0.9949367088607595","2-(Ethylsulfinylmethyl)phenyl methylcarbamate","HMDB0040289","0","171812.984375","21013954","1","0","false","0.0010773983085528016",""
"Pacific Northwest National Laboratory","20201130_jl_lungmap_agarose_1","2020-12-01_22h59m24s","C18H23N2S","M+Na","","C18H23N2S+Na+","322.14741558900005","0.003822714","0.5","0.004082323024628599","0.9414092370551763","0.9946859903381643","Thiazinamium","HMDB0240235","0","175829.296875","18407966","1","0","false","0.0010281599825248122",""
"Pacific Northwest National Laboratory","20201130_jl_lungmap_agarose_1","2020-12-01_22h59m24s","C6H7NO3","M+Na","","C6H7NO3+Na+","164.03181376699996","0.0038304843","0.5","0.003910256494205055","0.9822871093467604","0.9972636815920398","2-Aminomuconic acid semialdehyde","HMDB0001280","0","169497.703125","33860736","1","0","false","0.000060431728343246505",""
"Pacific Northwest National Laboratory","20201130_jl_lungmap_agarose_1","2020-12-01_22h59m24s","C6H14","M+Na","","C6H14+Na+","109.09877113099999","0.0038455129","0.5","0.0040825692605956625","0.959415814642747","0.9817792068595927","Hexane, 3-Methylpentane, 2-Methylpentane","HMDB0029600, HMDB0061885, HMDB0061884","0","243069.65625","107707048","3","0","false","0.00014446220302488655",""
"Pacific Northwest National Laboratory","20201130_jl_lungmap_agarose_1","2020-12-01_22h59m24s","C9H12FN2O9P","M+Na","","C9H12FN2O9P+Na+","365.01566580700006","0.0038558526","0.5","0.003992529586632781","0.9734229731854698","0.9921348314606742","5-Fluorouridine monophosphate","HMDB0060397","0","186730.90625","12258782","1","0","false","0.00005675302600138821",""
"Pacific Northwest National Laboratory","20201130_jl_lungmap_agarose_1","2020-12-01_22h59m24s","C9H17NS2","M+Na","","C9H17NS2+Na+","226.06946256699996","0.0038562007","0.5","0.004031024447361428","0.9622576912831688","0.9941520467836258","1-Isothiocyanato-7-(methylthio)heptane","HMDB0038440","0","181156.875","29326756","1","0","false","0.00010090241266880184",""
"Pacific Northwest National Laboratory","20201130_jl_lungmap_agarose_1","2020-12-01_22h59m24s","C17H16O9","M+Na","","C17H16O9+Na+","387.06865277500003","0.0038685661","0.5","0.004187295906823833","0.9479484524389125","0.9746117732033225","Xanthotoxol glucoside, 2-(3,4-dihydroxy-5-methoxyphenyl)-3,5,7-trihydroxy-6-methoxy-3,4-dihydro-2H-1-benzopyran-4-one, 3-(3,4-dihydroxy-5-methoxyphenyl)-1-(2,4,6-trihydroxy-3-methoxyphenyl)propane-1,2-dione, 3,5,7-trihydroxy-2-(1-hydroxy-5-methoxy-4-oxocyclohex-2-en-1-yl)-6-methoxy-4H-chromen-4-one, 3,5,7-trihydroxy-2-(1-hydroxy-3-methoxy-4-oxocyclohex-2-en-1-yl)-6-methoxy-4H-chromen-4-one, 2-(3,4-dimethoxyphenyl)-3,5,6,7,8-pentahydroxy-3,4-dihydro-2H-1-benzopyran-4-one, 2-(2,3-dihydroxy-4-methoxyphenyl)-3,5,7-trihydroxy-6-methoxy-3,4-dihydro-2H-1-benzopyran-4-one, 2-(2,5-dihydroxy-4-methoxyphenyl)-3,5,7-trihydroxy-6-methoxy-3,4-dihydro-2H-1-benzopyran-4-one","HMDB0038626, HMDB0128761, HMDB0128763, HMDB0128766, HMDB0128767, HMDB0129280, HMDB0130278, HMDB0130282","0","339012.03125","143357200","8","0","false","0.000005231633167568361",""
"Pacific Northwest National Laboratory","20201130_jl_lungmap_agarose_1","2020-12-01_22h59m24s","C8H10NO6P","M+Na","","C8H10NO6P+Na+","270.013794723","0.0038703526","0.5","0.0039952818970593745","0.9728546561319048","0.9957610789980732","Pyridoxal 5'-phosphate","HMDB0001491","0","171534.75","22679642","1","0","false","0.00037773369695059955",""
"Pacific Northwest National Laboratory","20201130_jl_lungmap_agarose_1","2020-12-01_22h59m24s","C5H8S","M+Na","","C5H8S+Na+","123.02389210899999","0.003875222","0.5","0.0039470770574026965","0.9870159495836582","0.9947107438016529","2,3-Dihydro-2-methylthiophene, 2,3-Dihydro-5-methylthiophene","HMDB0033564, HMDB0033565","0","250452.5625","73211536","2","0","false","0.000017089247194235213",""
"Pacific Northwest National Laboratory","20201130_jl_lungmap_agarose_1","2020-12-01_22h59m24s","C16H20N2O","M+H","","C16H20N2O+H+","257.164839695","0.0038971505","0.5","0.004124161432033081","0.9518158040566514","0.9927927927927928","(-)-Fumigaclavine B","HMDB0030201","0","182246.296875","24008724","1","0","false","0.00019264567526988685",""
"Pacific Northwest National Laboratory","20201130_jl_lungmap_agarose_1","2020-12-01_22h59m24s","C20H39NO2","M+H","","C20H39NO2+H+","326.30535592300004","0.0038977973","0.5","0.004262077363000474","0.9387378600833063","0.974212271973466","N-Oleoylethanolamine","HMDB0002088","0","278625.84375","57673504","1","0","false","0.00005101645365357399",""
"Pacific Northwest National Laboratory","20201130_jl_lungmap_agarose_1","2020-12-01_22h59m24s","C7H10N2O5","M+Na","","C7H10N2O5+Na+","225.04819210299996","0.003916603","0.5","0.004026825451849249","0.9759934482199926","0.996551724137931","Penmacric acid","HMDB0029436","0","167866.515625","25921904","1","0","false","0.000662897014990449",""
"Pacific Northwest National Laboratory","20201130_jl_lungmap_agarose_1","2020-12-01_22h59m24s","C5H9NS","M+Na","","C5H9NS+Na+","138.03479114099997","0.003928294","0.5","0.004008931718342815","0.9833449591587563","0.9964819700967458","Isobutyl isothiocyanate, 1-Isothiocyanatobutane, xi-2,5-Dihydro-2,4-dimethylthiazole","HMDB0032345, HMDB0031328, HMDB0040331","0","176014.046875","47031076","3","1","false","0.00007771124364808202","C2H8AlNO4+H+"
"Pacific Northwest National Laboratory","20201130_jl_lungmap_agarose_1","2020-12-01_22h59m24s","C6H8N2","M+Na","","C6H8N2+Na+","131.05796893899998","0.0039522583","0.5","0.004060214839478989","0.9805162540640979","0.9927536231884058","2,3-Dimethylpyrazine, 2-Ethylpyrazine, 2,6-Dimethylpyrazine, 2,5-Dimethylpyrazine","HMDB0032971, HMDB0031849, HMDB0035248, HMDB0035289","0","172125.8125","56204912","4","0","false","0.00009724681149236858",""
"Pacific Northwest National Laboratory","20201130_jl_lungmap_agarose_1","2020-12-01_22h59m24s","C6H4Cl2O5","M+Na","","C6H4Cl2O5+Na+","248.93279931099997","0.0039612385","0.5","0.004953359757666955","0.8022478883956565","0.9968333333333333","2,5-Dichloro-4-oxohex-2-enedioate","HMDB0060363","0","181242.71875","26008536","1","0","false","0.0001534123730380088",""
"Pacific Northwest National Laboratory","20201130_jl_lungmap_agarose_1","2020-12-01_22h59m24s","C9H8ClNO3","M+Na","","C9H8ClNO3+Na+","236.008491499","0.003964127","0.5","0.004447462503034898","0.8950086065718881","0.9958823529411764","m-Chlorohippuric acid","HMDB0001309","0","162765.40625","21813888","1","0","false","0.0001779552549123764",""
"Pacific Northwest National Laboratory","20201130_jl_lungmap_agarose_1","2020-12-01_22h59m24s","C12H10OS2","M+H","","C12H10OS2+H+","235.02458371499998","0.003964436","0.5","0.0041926753877122355","0.9492074693996954","0.9961597542242704","4-[2,2'-Bithiophen-5-yl]-3-butyn-1-ol","HMDB0034453","0","169185.34375","27991676","1","0","false","0.0019972478039562702",""
"Pacific Northwest National Laboratory","20201130_jl_lungmap_agarose_1","2020-12-01_22h59m24s","C11H11N5","M+Na","","C11H11N5+Na+","236.09066603499997","0.003981792","0.5","0.004117826067645282","0.9699443796781966","0.9969278033794163","Phenazopyridine, 2-Amino-3,8-dimethyl-3H-imidazo[4,5-f]quinoxaline","HMDB0015506, HMDB0029864","0","181120.09375","27914544","2","0","false","0.0004120355879422277",""
"Pacific Northwest National Laboratory","20201130_jl_lungmap_agarose_1","2020-12-01_22h59m24s","CH5AsO3","M+H","","CH5AsO3+H+","140.952740455","0.003988307","0.5","0.004084198936756033","0.9825981178279932","0.9938155136268344","Methylarsonate","HMDB0012258","0","182575.078125","39920644","1","0","false","0.000024594088245066814",""
"Pacific Northwest National Laboratory","20201130_jl_lungmap_agarose_1","2020-12-01_22h59m24s","C13H12","M+Na","","C13H12+Na+","191.08312106699998","0.0039948896","0.5","0.0041884830790468374","0.9584150359351006","0.9951633986928105","4-Methylbiphenyl, 2,4,6,8-Tridecatetrayne, (E,E,E)-1,3,5,11-Tridecatetraene-7,9-diyne","HMDB0032610, HMDB0030929, HMDB0038754","0","192443.515625","32584424","3","2","false","0.000017375516108586453","C7H13NO5+H+, C8H13N2O2+Na+"
"Pacific Northwest National Laboratory","20201130_jl_lungmap_agarose_1","2020-12-01_22h59m24s","C6H11NO","M+H","","C6H11NO+H+","114.09134040699999","0.0040107556","0.5","0.004207725386823702","0.9691458380143526","0.9835346215780998","2,5-Dihydro-2,4,5-trimethyloxazole, 1-Piperidinecarboxaldehyde, 2-Acetylpyrrolidine, Epsilon-caprolactam","HMDB0031199, HMDB0031702, HMDB0037293, HMDB0062769","0","240369.3125","97099688","4","0","false","0.00002582744855317287",""
"Pacific Northwest National Laboratory","20201130_jl_lungmap_agarose_1","2020-12-01_22h59m24s","C10H12N2","M+H","","C10H12N2+H+","161.10732481899998","0.00402598","0.5","0.004190960276424148","0.9736157943182517","0.9866666666666667","Tryptamine, Anatabine, Tolazoline, N-Norgramine","HMDB0000303, HMDB0004476, HMDB0014935, HMDB0038456","0","184798.171875","36666376","4","0","false","0.00006105081411078572",""
"Pacific Northwest National Laboratory","20201130_jl_lungmap_agarose_1","2020-12-01_22h59m24s","C4H8NO2","M+H","","C4H8NO2+H+","103.062779931","0.0040263142","0.5","0.004358428936225346","0.946889815127858","0.9756145526057031","3-Aminobutyrate","HMDB0094693","0","215095.265625","114448304","1","0","false","0.00006459552969317883",""
"Pacific Northwest National Laboratory","20201130_jl_lungmap_agarose_1","2020-12-01_22h59m24s","C12H18O4","M+H","","C12H18O4+H+","227.12778549099997","0.004027919","0.5","0.0041818293030870795","0.9672926179070898","0.9957642725598527","Allixin, 3,4-Methylenesebacic acid","HMDB0040705, HMDB0059729","0","162619.625","23278642","2","0","false","0.0010579796507954597",""
"Pacific Northwest National Laboratory","20201130_jl_lungmap_agarose_1","2020-12-01_22h59m24s","C12H20O2","M+Na","","C12H20O2+Na+","219.13555056299998","0.004047318","0.5","0.004210537124203277","0.9673917092369757","0.9936363636363637","Allyl 3-cyclohexylpropionate, 6-Heptyl-5,6-dihydro-2H-pyran-2-one, Isopulegol acetate, alpha-Terpineol acetate, alpha-Campholene acetate, (Z)-4-Hydroxy-6-dodecenoic acid lactone, Dihydro-5-(2-octenyl)-2(3H)-furanone, Methyl 2-undecynoate, cis-3-Hexenyl trans-4-hexenoate, Yuzu lactone, (3R,3aR,7aS)-3-Butylhexahydro-1(3H)-isobenzofuranone, Geranyl acetate, Artemisia alcohol acetate, Ethyl 2Z,4E-decadienoic acid, p-Menth-1-en-9-ol acetate, cis-3-Hexenyl cis-3-hexenoate, cis-3-Hexenyl trans-2-hexenoate, Linalyl acetate, (-)-Bornyl acetate, Fenchyl acetate, Dihydrocarveol acetate, (S)-Santolina acetate, 3,7-Dimethyl-2,6-octadien-1-ylacetate","HMDB0040206, HMDB0031030, HMDB0040227, HMDB0032051, HMDB0032193, HMDB0032331, HMDB0030867, HMDB0030945, HMDB0031692, HMDB0032901, HMDB0034903, HMDB0035157, HMDB0036048, HMDB0036599, HMDB0037301, HMDB0038270, HMDB0038280, HMDB0039522, HMDB0040397, HMDB0040725, HMDB0041469, HMDB0041494, HMDB0061816","0","168213.53125","27710008","23","0","false","0.00002619626138766762",""
"Pacific Northwest National Laboratory","20201130_jl_lungmap_agarose_1","2020-12-01_22h59m24s","C17H14F3N3O3S","M+H","","C17H14F3N3O3S+H+","398.078073393","0.0040478334","0.5","0.004321789083815243","0.938102632721499","0.9984095268542199","Hydroxycelecoxib","HMDB0013995","0","1979513.25","10947036160","1","2","false","0.00010790479427669197","C15H18O11+Na+, C19H18ClNO5+Na+"
"Pacific Northwest National Laboratory","20201130_jl_lungmap_agarose_1","2020-12-01_22h59m24s","C4H11O2PS2","M+Na","","C4H11O2PS2+Na+","208.98302961499996","0.0040577864","0.5","0.004209478991183698","0.9699399717336866","0.9938388625592417","Diethyldithiophosphate","HMDB0061736","0","182610.09375","27027582","1","0","false","0.0002479615795891732",""
"Pacific Northwest National Laboratory","20201130_jl_lungmap_agarose_1","2020-12-01_22h59m24s","C22H32O14","M+Na","","C22H32O14+Na+","543.168426387","0.0040596956","0.5","0.004552995556925625","0.923222608859167","0.9658058345289335","Citrusin F","HMDB0039235","0","226758.546875","111864128","1","0","false","0.00004581678513204679",""
"Pacific Northwest National Laboratory","20201130_jl_lungmap_agarose_1","2020-12-01_22h59m24s","C2H6N2O2","M+Na","","C2H6N2O2+Na+","113.032148115","0.0040603615","0.5","0.004320858393378744","0.9528251909247604","0.9862373737373737","(aminomethyl)carbamic acid","HMDB0143050","0","244605.515625","92782632","1","0","false","0.000034312830393901095",""
"Pacific Northwest National Laboratory","20201130_jl_lungmap_agarose_1","2020-12-01_22h59m24s","C6H11O6PS","M+H","","C6H11O6PS+H+","243.00867267699996","0.0040614717","0.5","0.0041669795395571484","0.9795335224627507","0.9950450450450451","5-(methylthio)-2,3-Dioxopentyl phosphate","HMDB0059620","0","172601.125","18957146","1","0","false","0.0001383283088216558",""
"Pacific Northwest National Laboratory","20201130_jl_lungmap_agarose_1","2020-12-01_22h59m24s","C7H8O4S","M+H","","C7H8O4S+H+","189.02160634099997","0.0040619522","0.5","0.004182646432247634","0.9764110442887812","0.9946058091286307","p-Cresol sulfate, Benzyl sulfate","HMDB0011635, HMDB0034782","0","186187.1875","30663132","2","0","false","0.00016374206461478025",""
"Pacific Northwest National Laboratory","20201130_jl_lungmap_agarose_1","2020-12-01_22h59m24s","C22H18O11","M+H","","C22H18O11+H+","459.09218783100005","0.0040621916","0.5","0.004491391552457351","0.925720379348797","0.9770114942528736","Epigallocatechin gallate, 3-Galloylgallocatechin, 2-(3,4-dihydroxyphenyl)-5,6,7-trihydroxy-3,4-dihydro-2H-1-benzopyran-3-yl 3,4,5-trihydroxybenzoate, 5,7-dihydroxy-2-(2,4,5-trihydroxyphenyl)-3,4-dihydro-2H-1-benzopyran-3-yl 3,4,5-trihydroxybenzoate, 2-(3,4-dihydroxyphenyl)-5,7-dihydroxy-3,4-dihydro-2H-1-benzopyran-3-yl 2,3,4,5-tetrahydroxybenzoate","HMDB0003153, HMDB0041598, HMDB0128175, HMDB0128176, HMDB0128177","0","236489.828125","59125828","5","0","false","0.00001493898071203148",""
"Pacific Northwest National Laboratory","20201130_jl_lungmap_agarose_1","2020-12-01_22h59m24s","C6H5Cl","M+H","","C6H5Cl+H+","113.01525429499999","0.004069678","0.5","0.004499233346847162","0.9161501173789348","0.9873131313131314","Chlorobenzene","HMDB0041855","0","247236.125","96964016","1","0","false","0.000018191109120380133",""
"Pacific Northwest National Laboratory","20201130_jl_lungmap_agarose_1","2020-12-01_22h59m24s","C4H6O7S","M+H","","C4H6O7S+H+","198.99070013699998","0.004070015","0.5","0.004130222578913965","0.9878822077673133","0.9975103734439834","(±)-Sulfobutanedioic acid","HMDB0040585","0","191269.875","30774064","1","0","false","0.00013307035260368139",""
"Pacific Northwest National Laboratory","20201130_jl_lungmap_agarose_1","2020-12-01_22h59m24s","C10H18N2O3","M+H","","C10H18N2O3+H+","215.139018871","0.0040705097","0.5","0.004206789029578287","0.9709414230381144","0.9965635738831615","Prolyl-Valine, Valyl-Proline, Dethiobiotin","HMDB0029030, HMDB0029135, HMDB0003581","0","174067.171875","24872794","3","0","false","0.00009454660903429613",""
"Pacific Northwest National Laboratory","20201130_jl_lungmap_agarose_1","2020-12-01_22h59m24s","C7H9ClO","M+H","","C7H9ClO+H+","145.04146904299998","0.004076131","0.5","0.0045125652867004755","0.9092347268851467","0.9934560327198364","Ethchlorvynol","HMDB0014335","0","172066.875","40995788","1","0","false","0.00006526050856336951",""
"Pacific Northwest National Laboratory","20201130_jl_lungmap_agarose_1","2020-12-01_22h59m24s","C40H70N7O18P3S","M+Na","","C40H70N7O18P3S+Na+","1084.360311253","0.0040791845","0.5","0.004857769074260214","0.851610870689778","0.9860416666666667","Pristanoyl-CoA, 3-Oxopristanoyl-CoA","HMDB0002057, HMDB0060181","0","315792.125","29080854","2","0","false","0.0006703310064040124",""
"Pacific Northwest National Laboratory","20201130_jl_lungmap_agarose_1","2020-12-01_22h59m24s","C11H10","M+Na","","C11H10+Na+","165.06747100299998","0.004081111","0.5","0.0042219483798931964","0.9688089631038671","0.9977628635346756","1-Methylnaphthalene","HMDB0032860","0","180647.9375","37731004","1","0","false","0.0001508453133283183",""
"Pacific Northwest National Laboratory","20201130_jl_lungmap_agarose_1","2020-12-01_22h59m24s","C6H4Cl2","M+H","","C6H4Cl2+H+","146.976281963","0.004081877","0.5","0.00509230799048624","0.8113061138584703","0.9880081300813008","P-Dichlorobenzene, m-Dichlorobenzene","HMDB0041971, HMDB0059855","0","187926.171875","40997664","2","0","false","0.000014535256013914477",""
"Pacific Northwest National Laboratory","20201130_jl_lungmap_agarose_1","2020-12-01_22h59m24s","C8H18O3","M+Na","","C8H18O3+Na+","185.11481511899996","0.00408214","0.5","0.004186857685072659","0.9776276691523035","0.9973009446693657","(3R,7R)-1,3,7-Octanetriol","HMDB0033625","0","172996.703125","31169168","1","0","false","0.00004237096072756685",""
"Pacific Northwest National Laboratory","20201130_jl_lungmap_agarose_1","2020-12-01_22h59m24s","C5H12N2O2","M+Na","","C5H12N2O2+Na+","155.07909830699998","0.0040827175","0.5","0.00416795728996514","0.9839372725099501","0.9955399061032864","Ornithine, D-Ornithine","HMDB0000214, HMDB0003374","0","186027.765625","36386720","2","0","false","0.00007841800106689334",""
"Pacific Northwest National Laboratory","20201130_jl_lungmap_agarose_1","2020-12-01_22h59m24s","C12H23NO9S3","M+H","","C12H23NO9S3+H+","422.06077126100007","0.0040920554","0.5","0.004641603578595262","0.9072693643645433","0.9717112415742553","Glucoerucin","HMDB0038403","0","462603.40625","342789344","1","0","false","0.00000892055959411664",""
"Pacific Northwest National Laboratory","20201130_jl_lungmap_agarose_1","2020-12-01_22h59m24s","C8H15NO2","M+Na","","C8H15NO2+Na+","180.09949940299998","0.00410056","0.5","0.004220189057055046","0.9742616823276348","0.9973226238286479","Tranexamic Acid, (S)-Homostachydrine","HMDB0014447, HMDB0033433","0","181936.203125","31878264","2","0","false","0.00006214145832927898",""
"Pacific Northwest National Laboratory","20201130_jl_lungmap_agarose_1","2020-12-01_22h59m24s","C7H7NO2","M+H","","C7H7NO2+H+","138.054954899","0.004105674","0.5","0.004236577238175587","0.9786033591806956","0.9902905198776758","m-Aminobenzoic acid, Trigonelline, 2-Aminobenzoic acid, p-Aminobenzoic acid, 3-Pyridylacetic acid, Salicylamide, Methyl nicotinate, 2-Pyridylacetic acid","HMDB0001891, HMDB0000875, HMDB0001123, HMDB0001392, HMDB0001538, HMDB0015687, HMDB0029806, HMDB0060722","0","174720.890625","54253648","8","0","false","0.00002065869739453774",""
"Pacific Northwest National Laboratory","20201130_jl_lungmap_agarose_1","2020-12-01_22h59m24s","C8H6N2S3","M+Na","","C8H6N2S3+Na+","248.95853238499998","0.004105778","0.5","0.0043340254717496515","0.9502784433582778","0.9969034608378871","Oltipraz","HMDB0041967","0","215170.984375","23814602","1","0","false","0.0001158994491561316",""
"Pacific Northwest National Laboratory","20201130_jl_lungmap_agarose_1","2020-12-01_22h59m24s","C5H6O4","M+H","","C5H6O4+H+","131.03388510699997","0.0041077062","0.5","0.004202590221347145","0.9839065275136132","0.9934099616858237","Glutaconic acid, Citraconic acid, Mesaconic acid, Itaconic acid, Gamma-delta-Dioxovaleric acid, Methyl hydrogen fumarate, 2,5-Dioxopentanoate, 2-Hydroxyglutaric acid lactone","HMDB0000620, HMDB0000634, HMDB0000749, HMDB0002092, HMDB0013233, HMDB0033809, HMDB0060365, HMDB0059743","0","248186.828125","53636880","8","0","false","0.00004326198177295737",""
"Pacific Northwest National Laboratory","20201130_jl_lungmap_agarose_1","2020-12-01_22h59m24s","C4H5NO2","M+H","","C4H5NO2+H+","100.039304835","0.0041103903","0.5","0.004354157707448593","0.9568782163680553","0.9865571007163928","(R)-Dihydromaleimide","HMDB0030276","0","227251.1875","86606400","1","0","false","0.00003692337486427277",""
"Pacific Northwest National Laboratory","20201130_jl_lungmap_agarose_1","2020-12-01_22h59m24s","C7H9N2O","M+H","","C7H9N2O+H+","138.078764343","0.0041156774","0.5","0.004245101273816534","0.9746905244521787","0.994687232219366","1-Methylnicotinamide, Pralidoxime","HMDB0000699, HMDB0014871","0","177059.09375","48325736","2","0","false","0.00002954886258521583",""
"Pacific Northwest National Laboratory","20201130_jl_lungmap_agarose_1","2020-12-01_22h59m24s","C2H6O5S","M+H","","C2H6O5S+H+","143.000870897","0.0041174693","0.5","0.004193913334275978","0.9893158204859803","0.992375366568915","(2-hydroxyethoxy)sulfonic acid","HMDB0131295","0","176316.8125","42897292","1","0","false","0.000031024836061988026",""
"Pacific Northwest National Laboratory","20201130_jl_lungmap_agarose_1","2020-12-01_22h59m24s","C14H17N3O3S","M+H","","C14H17N3O3S+H+","308.106339009","0.004118335","0.5","0.004360841014687706","0.9508364341918535","0.9932203389830508","Cysteinyl-Tryptophan, Tryptophyl-Cysteine","HMDB0028786, HMDB0029080","0","165411.78125","15669601","2","0","false","0.0003494143020361662",""
"Pacific Northwest National Laboratory","20201130_jl_lungmap_agarose_1","2020-12-01_22h59m24s","CHBr3","M+Na","","CHBr3+Na+","272.75205971500003","0.0041184383","0.5","0.009565932994169569","0.4330279311000841","0.994235588972431","Bromoform","HMDB0062089","0","168506.96875","17336914","1","0","false","0.00007707073382334784",""
"Pacific Northwest National Laboratory","20201130_jl_lungmap_agarose_1","2020-12-01_22h59m24s","C10H18O7","M+H","","C10H18O7+H+","251.11252935099998","0.0041395565","0.5","0.004283699261195495","0.9692155623348663","0.9970443349753695","Isopropyl citrate","HMDB0032353","0","200690.125","26657208","1","0","false","0.00004203125718049705",""
"Pacific Northwest National Laboratory","20201130_jl_lungmap_agarose_1","2020-12-01_22h59m24s","C15H16O2","M+Na","","C15H16O2+Na+","251.10425043499998","0.0041678967","0.5","0.004355847562388588","0.9597740934457945","0.9969543147208122","Nabumetone, Bisphenol A, (S)-Curzeone, bis(Benzyloxy)methane, 4-(3-hydroxy-3-phenylpropyl)phenol","HMDB0014604, HMDB0032133, HMDB0033878, HMDB0061836, HMDB0135597","0","197192.59375","25556916","5","0","false","0.00016961811343207955",""
"Pacific Northwest National Laboratory","20201130_jl_lungmap_agarose_1","2020-12-01_22h59m24s","C21H32N2O2","M+H","","C21H32N2O2+H+","345.25365469900004","0.004173665","0.5","0.004485411141252853","0.939665184668642","0.9902439024390244","16b-Hydroxystanozolol, 4b-Hydroxystanozolol, 3'-Hydroxystanozolol","HMDB0003166, HMDB0003318, HMDB0006001","0","152933.078125","10896751","3","0","false","0.0009686576668173075",""
"Pacific Northwest National Laboratory","20201130_jl_lungmap_agarose_1","2020-12-01_22h59m24s","C11H14N2O5","M+H","","C11H14N2O5+H+","255.097547983","0.004175558","0.5","0.004331296823685614","0.9687741692348499","0.9951167728237792","L-Agaridoxin, p-Hydroxyfelbamate, 2-Hydroxyfelbamate","HMDB0029445, HMDB0060669, HMDB0060670","0","170206.515625","20467162","3","0","false","0.00012831333151552826",""
"Pacific Northwest National Laboratory","20201130_jl_lungmap_agarose_1","2020-12-01_22h59m24s","C14H18O7S","M+Na","","C14H18O7S+Na+","353.066544769","0.004176796","0.5","0.004456092006868502","0.9555884082647231","0.9808853118712274","2-hydroxy-3-[3-(3-methylbut-2-en-1-yl)-4-(sulfooxy)phenyl]propanoic acid, 3-[4-hydroxy-3-(3-methylbut-2-en-1-yl)phenyl]-2-(sulfooxy)propanoic acid, 2-[3-hydroxy-5-(3-methylbut-2-en-1-yl)-4-(sulfooxy)phenyl]propanoic acid","HMDB0133208, HMDB0133209, HMDB0134760","0","288602.0625","74076816","3","1","false","0.00003718479274539277","C17H12ClF3N2O+H+"
"Pacific Northwest National Laboratory","20201130_jl_lungmap_agarose_1","2020-12-01_22h59m24s","C33H52O5","M+H","","C33H52O5+H+","529.388751199","0.004194921","0.5","0.004880038966556603","0.887236951554629","0.968859649122807","Tsugaric acid B","HMDB0031962","0","235403.671875","99003240","1","0","false","0.000013688912076759152",""
"Pacific Northwest National Laboratory","20201130_jl_lungmap_agarose_1","2020-12-01_22h59m24s","C3H6N2O4","M+H","","C3H6N2O4+H+","135.04003310699997","0.004205009","0.5","0.0042801344379517015","0.9873324930073119","0.9950527169505272","(S)-Ureidoglycolic acid","HMDB0001005","0","172972.515625","50579248","1","0","false","0.00004095549593330361",""
"Pacific Northwest National Laboratory","20201130_jl_lungmap_agarose_1","2020-12-01_22h59m24s","C10H15N3","M+Na","","C10H15N3+Na+","200.11581816299997","0.0042080213","0.5","0.004364971430509766","0.9697141054303418","0.9941520467836258","Bethanidine","HMDB0014362","0","185601.890625","29209246","1","0","false","0.00003309903331683017",""
"Pacific Northwest National Laboratory","20201130_jl_lungmap_agarose_1","2020-12-01_22h59m24s","C22H30O6","M+Na","","C22H30O6+Na+","413.19345936300004","0.00420895","0.5","0.004607328508928533","0.9267209378784096","0.9857699805068226","6,7-Dimethoxy-7-epirosmanol, 11,12-Dihydroxy-7,14-dimethoxy-8,11,13-abietatrien-20,6-olide, Bakkenolide B, Nigakihemiacetal B","HMDB0030844, HMDB0031933, HMDB0035206, HMDB0035922","0","238177.0625","24956868","4","1","false","0.000653531460557133","C19H34O7+K+"
"Pacific Northwest National Laboratory","20201130_jl_lungmap_agarose_1","2020-12-01_22h59m24s","C10H8N2O2","M+Na","","C10H8N2O2+Na+","211.04779817899998","0.0042094104","0.5","0.004338001303716599","0.9754242623481555","0.9948051948051948","(-)-3-Cyanomethyl-3-hydroxy-1H-indol-2(3H)-one","HMDB0038633","0","193481.53125","29713592","1","0","false","0.00016294338274747133",""
"Pacific Northwest National Laboratory","20201130_jl_lungmap_agarose_1","2020-12-01_22h59m24s","C14H20O","M+H","","C14H20O+H+","205.158691695","0.0042143837","0.5","0.004426206439579738","0.957098208578482","0.9948232323232323","2,4-Di-tert-butylphenol, (6R,7S)-6,7-Epoxy-1,3-tetradecadiyne, 2-Benzylidene-1-heptanol, 3-Benzyl-4-heptanone, 2-benzylheptanal","HMDB0013816, HMDB0031776, HMDB0036170, HMDB0041482, HMDB0133154","0","186629.796875","33726128","5","0","false","0.0000208496112463763",""
"Pacific Northwest National Laboratory","20201130_jl_lungmap_agarose_1","2020-12-01_22h59m24s","C18H37NO","M+H","","C18H37NO+H+","284.294791239","0.004221072","0.5","0.0044870467191163565","0.9485807627258307","0.9917171717171717","Octadecanamide","HMDB0034146","0","183905","21951440","1","0","false","0.00015567596710752696",""
"Pacific Northwest National Laboratory","20201130_jl_lungmap_agarose_1","2020-12-01_22h59m24s","C5H10N","M+Na","","C5H10N+Na+","107.07054500299999","0.0042217537","0.5","0.0045089142686025275","0.9541976286304888","0.9812565445026178","1-Methylpyrrolinium","HMDB0060253","0","260454","110287392","1","0","false","0.000028787742849090137",""
"Pacific Northwest National Laboratory","20201130_jl_lungmap_agarose_1","2020-12-01_22h59m24s","C12H31N4O","M+Na","","C12H31N4O+Na+","270.239007295","0.0042284788","0.5","0.004400989382055648","0.9650626265336112","0.9955849889624724","N(1)-acetylsperminium(3+)","HMDB0062644","0","178632.859375","20036748","1","0","false","0.00005136211620992981",""
"Pacific Northwest National Laboratory","20201130_jl_lungmap_agarose_1","2020-12-01_22h59m24s","C8H14O2S2","M+Na","","C8H14O2S2+Na+","229.03274271099997","0.0042378325","0.5","0.004448679294961512","0.9585593390064345","0.9937878787878788","(R)-lipoic acid","HMDB0001451","0","174613.5625","28006902","1","0","false","0.00006220856448635459",""
"Pacific Northwest National Laboratory","20201130_jl_lungmap_agarose_1","2020-12-01_22h59m24s","C12H21N5O3","M+Na","","C12H21N5O3+Na+","306.153660215","0.0042388947","0.5","0.004418736389665888","0.9656227535653444","0.993452380952381","Histidinyl-Lysine, Lysyl-Histidine, Oxtriphylline, Cadralazine","HMDB0028890, HMDB0028953, HMDB0015415, HMDB0041845","0","183309.84375","14845522","4","0","false","0.00015079672448337078",""
"Pacific Northwest National Laboratory","20201130_jl_lungmap_agarose_1","2020-12-01_22h59m24s","C2H5NO3","M+Na","","C2H5NO3+Na+","114.01616370299999","0.0042399648","0.5","0.004477463963923308","0.9555798187886659","0.99097605893186","(hydroxymethyl)carbamic acid","HMDB0143414","0","219424.0625","85080168","1","0","false","0.000015433148291776888",""
"Pacific Northwest National Laboratory","20201130_jl_lungmap_agarose_1","2020-12-01_22h59m24s","C19H17NOS","M+Na","","C19H17NOS+Na+","330.092306017","0.0042433348","0.5","0.004565794291154748","0.9352200951778005","0.99375","Tolnaftate","HMDB0005005","0","174846.328125","15122491","1","0","false","0.00012216596223879606",""
"Pacific Northwest National Laboratory","20201130_jl_lungmap_agarose_1","2020-12-01_22h59m24s","C10H18","M+H","","C10H18+H+","139.14812701099999","0.004253498","0.5","0.004442649076334313","0.9731487487910843","0.9838411819021238","xi-p-Menth-3-ene, (S)-3,7-Dimethyl-1,6-octadiene, cis-Carane, 2-Menthene, 1-Methyl-3-(2-methyl-1-propenyl)cyclopentane, 1-Methyl-3-(2-methyl-2-propenyl)-cyclopentane, 1-(3-Methylbutyl)-cyclopentene, 3-(2-Methylpropyl)-cyclohexene","HMDB0037213, HMDB0061795, HMDB0061796, HMDB0061797, HMDB0061798, HMDB0061799, HMDB0061800, HMDB0061801","0","187783.90625","44879528","8","0","false","0.000244511931668967",""
"Pacific Northwest National Laboratory","20201130_jl_lungmap_agarose_1","2020-12-01_22h59m24s","C15H26","M+Na","","C15H26+Na+","229.19267151499997","0.0042538983","0.5","0.004479645042348785","0.9551164096349057","0.9942307692307693","1,1,2-Trimethyl-3,5-bis(1-methylethenyl)cyclohexane","HMDB0061780","0","156892.359375","32971628","1","0","false","0.0004922184743918478",""
"Pacific Northwest National Laboratory","20201130_jl_lungmap_agarose_1","2020-12-01_22h59m24s","C9H5Cl2NO","M+Na","","C9H5Cl2NO+Na+","235.96403986299998","0.004262466","0.5","0.0053920388833505455","0.7935377265378122","0.9961857379767828","Chloroxine","HMDB0015373","0","159609.3125","25538296","1","0","false","0.00012249444262124598",""
"Pacific Northwest National Laboratory","20201130_jl_lungmap_agarose_1","2020-12-01_22h59m24s","C43H76NO8P","M+H","","C43H76NO8P+H+","766.5381318269999","0.0042686365","0.5","0.005170053165152313","0.8428539824995405","0.979584261321455","PC(15:0/20:5(5Z,8Z,11Z,14Z,17Z)), PC(20:5(5Z,8Z,11Z,14Z,17Z)/15:0), PE(16:0/22:5(4Z,7Z,10Z,13Z,16Z)), PE(16:0/22:5(7Z,10Z,13Z,16Z,19Z)), PE(16:1(9Z)/22:4(7Z,10Z,13Z,16Z)), PE(18:0/20:5(5Z,8Z,11Z,14Z,17Z)), PE(18:1(11Z)/20:4(5Z,8Z,11Z,14Z)), PE(18:1(11Z)/20:4(8Z,11Z,14Z,17Z)), PE(18:1(9Z)/20:4(5Z,8Z,11Z,14Z)), PE(18:1(9Z)/20:4(8Z,11Z,14Z,17Z)), PE(18:2(9Z,12Z)/20:3(5Z,8Z,11Z)), PE(18:2(9Z,12Z)/20:3(8Z,11Z,14Z)), PE(18:3(6Z,9Z,12Z)/20:2(11Z,14Z)), PE(18:3(9Z,12Z,15Z)/20:2(11Z,14Z)), PE(18:4(6Z,9Z,12Z,15Z)/20:1(11Z)), PE(20:1(11Z)/18:4(6Z,9Z,12Z,15Z)), PE(20:2(11Z,14Z)/18:3(6Z,9Z,12Z)), PE(20:2(11Z,14Z)/18:3(9Z,12Z,15Z)), PE(20:3(5Z,8Z,11Z)/18:2(9Z,12Z)), PE(20:3(8Z,11Z,14Z)/18:2(9Z,12Z)), PE(20:4(5Z,8Z,11Z,14Z)/18:1(11Z)), PE(20:4(5Z,8Z,11Z,14Z)/18:1(9Z)), PE(20:4(8Z,11Z,14Z,17Z)/18:1(11Z)), PE(20:4(8Z,11Z,14Z,17Z)/18:1(9Z)), PE(20:5(5Z,8Z,11Z,14Z,17Z)/18:0), PE(22:4(7Z,10Z,13Z,16Z)/16:1(9Z)), PE(22:5(4Z,7Z,10Z,13Z,16Z)/16:0), PE(22:5(7Z,10Z,13Z,16Z,19Z)/16:0), PE-NMe(15:0/22:5(7Z,10Z,13Z,16Z,19Z)), PE-NMe(15:0/22:5(4Z,7Z,10Z,13Z,16Z)), PE-NMe(22:5(4Z,7Z,10Z,13Z,16Z)/15:0), PE-NMe(22:5(7Z,10Z,13Z,16Z,19Z)/15:0), PE-NMe2(14:0/22:5(4Z,7Z,10Z,13Z,16Z)), PE-NMe2(14:0/22:5(7Z,10Z,13Z,16Z,19Z)), PE-NMe2(14:1(9Z)/22:4(7Z,10Z,13Z,16Z)), PE-NMe2(16:0/20:5(5Z,8Z,11Z,14Z,17Z)), PE-NMe2(16:1(9Z)/20:4(5Z,8Z,11Z,14Z)), PE-NMe2(16:1(9Z)/20:4(8Z,11Z,14Z,17Z)), PE-NMe2(18:1(11Z)/18:4(6Z,9Z,12Z,15Z)), PE-NMe2(18:1(9Z)/18:4(6Z,9Z,12Z,15Z)), PE-NMe2(18:2(9Z,12Z)/18:3(6Z,9Z,12Z)), PE-NMe2(18:2(9Z,12Z)/18:3(9Z,12Z,15Z)), PE-NMe2(18:3(6Z,9Z,12Z)/18:2(9Z,12Z)), PE-NMe2(18:3(9Z,12Z,15Z)/18:2(9Z,12Z)), PE-NMe2(18:4(6Z,9Z,12Z,15Z)/18:1(11Z)), PE-NMe2(18:4(6Z,9Z,12Z,15Z)/18:1(9Z)), PE-NMe2(20:4(5Z,8Z,11Z,14Z)/16:1(9Z)), PE-NMe2(20:4(8Z,11Z,14Z,17Z)/16:1(9Z)), PE-NMe2(20:5(5Z,8Z,11Z,14Z,17Z)/16:0), PE-NMe2(22:4(7Z,10Z,13Z,16Z)/14:1(9Z))","HMDB0007951, HMDB0008494, HMDB0008944, HMDB0008945, HMDB0008976, HMDB0009005, HMDB0009036, HMDB0009037, HMDB0009069, HMDB0009070, HMDB0009100, HMDB0009101, HMDB0009132, HMDB0009165, HMDB0009197, HMDB0009261, HMDB0009292, HMDB0009293, HMDB0009324, HMDB0009357, HMDB0009388, HMDB0009389, HMDB0009421, HMDB0009422, HMDB0009453, HMDB0009584, HMDB0009616, HMDB0009649, HMDB0112978, HMDB0113035, HMDB0113622, HMDB0113648, HMDB0113894, HMDB0113895, HMDB0113912, HMDB0113952, HMDB0113973, HMDB0113974, HMDB0114020, HMDB0114047, HMDB0114074, HMDB0114075, HMDB0114102, HMDB0114131, HMDB0114158, HMDB0114159, HMDB0114328, HMDB0114356, HMDB0114384, HMDB0114496","0","1288416.875","249445472","50","1","false","0.00003053884574910626","C41H78NO8P+Na+"
"Pacific Northwest National Laboratory","20201130_jl_lungmap_agarose_1","2020-12-01_22h59m24s","C21H37O6P","M+Na","","C21H37O6P+Na+","439.22199658700004","0.004293883","0.5","0.004708426772221495","0.9333017076904802","0.9771300448430493","CPA(18:2(9Z,12Z)/0:0)","HMDB0007007","0","239157.78125","102946184","1","2","false","0.000017775058950064704","C25H30N2O5+H+, C23H32N2O5+Na+"
"Pacific Northwest National Laboratory","20201130_jl_lungmap_agarose_1","2020-12-01_22h59m24s","C8H18S3","M+H","","C8H18S3+H+","211.064340521","0.0043052714","0.5","0.004558286848010363","0.9478841259970764","0.9964227642276423","Ethyl 1-(propylthio)propyl disulfide, Butyl 1-(methylthio)propyl disulfide","HMDB0033048, HMDB0033049","0","165127.265625","26381758","2","1","false","0.000027242942451266572","C6H11N3O4+Na+"
"Pacific Northwest National Laboratory","20201130_jl_lungmap_agarose_1","2020-12-01_22h59m24s","C9H14N2O3","M+H","","C9H14N2O3+H+","199.107718743","0.0043119537","0.5","0.004452097673663439","0.9714785295058774","0.9969565217391304","Metharbital","HMDB0014606","0","167411.203125","29360172","1","0","false","0.0004607817973010242",""
"Pacific Northwest National Laboratory","20201130_jl_lungmap_agarose_1","2020-12-01_22h59m24s","C27H35N9O15P2","M+Na","","C27H35N9O15P2+Na+","810.1620061030001","0.004316974","0.5","0.004951407757116706","0.9019674978698369","0.9666290868094701","FADH","HMDB0001197","0","1599308.125","576352000","1","0","false","0.000024039985873969272",""
"Pacific Northwest National Laboratory","20201130_jl_lungmap_agarose_1","2020-12-01_22h59m24s","C12H24O2","M+H","","C12H24O2+H+","201.184906443","0.0043212855","0.5","0.004504682760510524","0.962043232681652","0.9971354166666667","Isopropyl nonanoate, Octyl butanoate, Octyl 2-methylpropanoate, 2-Heptyl butyrate, Dodecanoic acid, Ethyl decanoate, Nonanal propyleneglycol acetal, Hexyl hexanoate, (R)-Dihydrocitronellol acetate, Pentyl heptanoate, Decyl acetate, Isobutyl octanoate","HMDB0034128, HMDB0034136, HMDB0034137, HMDB0032310, HMDB0000638, HMDB0030998, HMDB0032440, HMDB0033619, HMDB0035410, HMDB0036225, HMDB0040166, HMDB0059868","0","173763.734375","32534742","12","0","false","0.00014738269965164363",""
"Pacific Northwest National Laboratory","20201130_jl_lungmap_agarose_1","2020-12-01_22h59m24s","C6H5NO2","M+H","","C6H5NO2+H+","124.039304835","0.004339857","0.5","0.004495853167074118","0.9734955568690821","0.9915836101882614","Nicotinic acid, Picolinic acid, 2-Hydroxy-4-imino-2,5-cyclohexadienone, Nitrobenzene, Isonicotinic acid","HMDB0001488, HMDB0002243, HMDB0031713, HMDB0041950, HMDB0060665","0","256728.96875","72873120","5","0","false","0.00000999850090011023",""
"Pacific Northwest National Laboratory","20201130_jl_lungmap_agarose_1","2020-12-01_22h59m24s","C9H10O2","M+H","","C9H10O2+H+","151.075355995","0.004364317","0.5","0.00452841447478268","0.9686697888222437","0.9949341438703141","1-Phenylethyl formate, o-Tolyl acetate, p-Tolyl acetate, 2'-Methoxyacetophenone, 4'-Methoxyacetophenone, 2'-Hydroxy-5'-methylacetophenone, Methyl phenylacetate, 2-Phenylpropionate, 4-Ethylbenzoic acid, Hydrocinnamic acid, 3-Methylphenylacetic acid, 3,4-Dimethylbenzoic acid, 4-Coumaryl alcohol, 2-Methoxy-4-vinylphenol, Benzyl acetate, Ethyl benzoate, 4-Ethoxybenzaldehyde, 2-Ethyl-4-(2-furanyl)-2-propenal, 2-Phenylethyl formate, 2-(2-Furanyl)-3-methyl-2-butenal, 4-Hydroxy-3-methylacetophenone, 3'-carboxy-alpha-chromanol, 3-ethenyl-5-methoxyphenol, 3-(2-hydroxyphenyl)propanal, 2-(3-hydroxyprop-1-en-1-yl)phenol, 4-(prop-2-en-1-yl)benzene-1,2-diol, 2-hydroxy-3-phenylpropanal, 3-hydroxy-3-phenylpropanal, 3-(3-hydroxyphenyl)propanal, 3-(4-hydroxyphenyl)propanal, 3-[(1E)-3-hydroxyprop-1-en-1-yl]phenol, (3-phenyloxiran-2-yl)methanol, 4-(3-hydroxyprop-1-en-1-yl)phenol","HMDB0037715, HMDB0032073, HMDB0032075, HMDB0032569, HMDB0032570, HMDB0032592, HMDB0032617, HMDB0011743, HMDB0002097, HMDB0000764, HMDB0002222, HMDB0002237, HMDB0003654, HMDB0013744, HMDB0031310, HMDB0033967, HMDB0033970, HMDB0038355, HMDB0040428, HMDB0040925, HMDB0059824, HMDB0062349, HMDB0125532, HMDB0134026, HMDB0134027, HMDB0135239, HMDB0135276, HMDB0135277, HMDB0135278, HMDB0135279, HMDB0135280, HMDB0135281, HMDB0135644","0","160091.34375","41357264","33","0","false","0.00015208653348963708",""
"Pacific Northwest National Laboratory","20201130_jl_lungmap_agarose_1","2020-12-01_22h59m24s","C25H30O3","M+Na","","C25H30O3+Na+","401.208715503","0.004365158","0.5","0.004788082451153846","0.9191237261743515","0.9918918918918919","Methyl (9Z)-6'-oxo-6,6'-diapo-6-carotenoate","HMDB0031978","0","207728.078125","10317985","1","0","false","0.00020450593729037791",""
"Pacific Northwest National Laboratory","20201130_jl_lungmap_agarose_1","2020-12-01_22h59m24s","C19H24O4","M+Na","","C19H24O4+Na+","339.15667993100004","0.004372436","0.5","0.004663360679241706","0.9447138751263728","0.992485549132948","Isopulegone caffeate, 3-[8-hydroxy-2-methyl-2-(4-methylpent-3-en-1-yl)-2H-chromen-5-yl]propanoic acid","HMDB0029566, HMDB0134704","0","205397.046875","23620656","2","0","false","0.0015358771197497845",""
"Pacific Northwest National Laboratory","20201130_jl_lungmap_agarose_1","2020-12-01_22h59m24s","C8H8O","M+Na","","C8H8O+Na+","143.04673555899998","0.004378012","0.5","0.004513851171906963","0.973311872291023","0.996500920810313","4-Hydroxystyrene, Phenylacetaldehyde, 2,3-Dihydrobenzofuran, 2-Methylbenzaldehyde, 3-Methylbenzaldehyde, 4-Methylbenzaldehyde, Acetophenone, Lentialexin, Styrene Oxide, 3-ethenylphenol","HMDB0004072, HMDB0006236, HMDB0013815, HMDB0029636, HMDB0029637, HMDB0029638, HMDB0033910, HMDB0038997, HMDB0062765, HMDB0124943","0","180790.703125","45308236","10","0","false","0.00010748189379228279",""
"Pacific Northwest National Laboratory","20201130_jl_lungmap_agarose_1","2020-12-01_22h59m24s","C12H13N3O2","M+H","","C12H13N3O2+H+","232.108053091","0.0043807644","0.5","0.004528185450262517","0.9699696044375113","0.9973958333333334","Isocarboxazid","HMDB0015377","0","179186.515625","32926224","1","0","false","0.0003000296710524708",""
"Pacific Northwest National Laboratory","20201130_jl_lungmap_agarose_1","2020-12-01_22h59m24s","C5H7NO3","M+H","","C5H7NO3+H+","130.049869519","0.0043877177","0.5","0.004498619248406013","0.9844021292695466","0.9908020603384842","Pyroglutamic acid, Pyrrolidonecarboxylic acid, Pyrroline hydroxycarboxylic acid, N-Acryloylglycine, 1-Pyrroline-4-hydroxy-2-carboxylate, dimethadione, (3R,5S)-1-pyrroline-3-hydroxy-5-carboxylic Acid","HMDB0000267, HMDB0000805, HMDB0001369, HMDB0001843, HMDB0002234, HMDB0061093, HMDB0062585","0","178691.578125","55172032","7","0","false","0.00006606317037949339",""
"Pacific Northwest National Laboratory","20201130_jl_lungmap_agarose_1","2020-12-01_22h59m24s","C8H12O4","M+Na","","C8H12O4+Na+","195.062779547","0.004396143","0.5","0.004509974369431799","0.9773252142099151","0.9973753280839895","3-Isopropenylpentanedioic acid, 2-Octenedioic acid, cis-4-Octenedioic acid, trans-3-Octenedioic acid, Ethyl 2,4-dioxohexanoate, Diethyl fumarate","HMDB0032352, HMDB0000341, HMDB0004982, HMDB0013312, HMDB0034851, HMDB0038601","0","168661.015625","32387572","6","0","false","0.000120466502266936",""
"Pacific Northwest National Laboratory","20201130_jl_lungmap_agarose_1","2020-12-01_22h59m24s","C4H9NO3S","M+H","","C4H9NO3S+H+","152.037590753","0.004396819","0.5","0.004463744694674096","0.9869941255698726","0.9979865771812081","(S)C(S)S-S-Methylcysteine sulfoxide","HMDB0029432","0","185837.203125","37579516","1","0","false","0.00008785624959273264",""
"Pacific Northwest National Laboratory","20201130_jl_lungmap_agarose_1","2020-12-01_22h59m24s","C10H16N6S","M+H","","C10H16N6S+H+","253.122992117","0.004401299","0.5","0.004566317739962365","0.9680707573963195","0.9956521739130435","Cimetidine","HMDB0014644","0","159356.34375","23697772","1","0","false","0.00013305118773132563",""
"Pacific Northwest National Laboratory","20201130_jl_lungmap_agarose_1","2020-12-01_22h59m24s","C5H10N2O3S","M+H","","C5H10N2O3S+H+","179.048489785","0.004410845","0.5","0.00448511407401367","0.9857714550462943","0.9976359338061466","Cysteinylglycine, Glycyl-Cysteine","HMDB0000078, HMDB0028838","0","185222.9375","35907568","2","0","false","0.00020323506032582372",""
"Pacific Northwest National Laboratory","20201130_jl_lungmap_agarose_1","2020-12-01_22h59m24s","C16H26O","M+H","","C16H26O+H+","235.20564188699998","0.004421159","0.5","0.004650743428654932","0.954133455866605","0.9963333333333333","2,6-Di-tert-butyl-4-ethylphenol","HMDB0040179","0","182095.453125","25886658","1","0","false","0.00007773422839818522",""
"Pacific Northwest National Laboratory","20201130_jl_lungmap_agarose_1","2020-12-01_22h59m24s","C6H10N2O4","M+H","","C6H10N2O4+H+","175.07133323499997","0.004427077","0.5","0.004523382567899809","0.983358803307457","0.9952718676122931","Formiminoglutamic acid, N-Acetylasparagine","HMDB0000854, HMDB0006028","0","174945.15625","35668012","2","0","false","0.00009113219857681543",""
"Pacific Northwest National Laboratory","20201130_jl_lungmap_agarose_1","2020-12-01_22h59m24s","C3H8O3","M+Na","","C3H8O3+Na+","115.03656479899999","0.004433442","0.5","0.0046686201169107286","0.9651266575351628","0.9839389860924181","Glycerol","HMDB0000131","0","255618.46875","87690320","1","0","false","0.00001661795067775529",""
"Pacific Northwest National Laboratory","20201130_jl_lungmap_agarose_1","2020-12-01_22h59m24s","C5H7N5O","M+Na","","C5H7N5O+Na+","176.05428052699997","0.004439761","0.5","0.004591649313551161","0.9860585958581616","0.9805915880503144","FAPy-adenine","HMDB0004816","0","422994.71875","567329216","1","0","false","0.00015086632629390806",""
"Pacific Northwest National Laboratory","20201130_jl_lungmap_agarose_1","2020-12-01_22h59m24s","C15H21NO9S2","M+H","","C15H21NO9S2+H+","424.07305002699997","0.00444161","0.5","0.004904971915443208","0.9326694352288634","0.970903747244673","Gluconasturtiin","HMDB0038423","0","406297.75","496723552","1","1","false","0.00012337764201220125","C20H16O9+Na+"
"Pacific Northwest National Laboratory","20201130_jl_lungmap_agarose_1","2020-12-01_22h59m24s","C7H6O2S","M+H","","C7H6O2S+H+","155.016127037","0.004442392","0.5","0.004579479331200567","0.9740867207428402","0.9958710976837865","1-(2-Thienyl)-1,2-propanedione","HMDB0040002","0","171637.75","41671808","1","0","false","0.000028513861252577044",""
"Pacific Northwest National Laboratory","20201130_jl_lungmap_agarose_1","2020-12-01_22h59m24s","C14H14O6S","M+Na","","C14H14O6S+Na+","333.04033002100005","0.0044428133","0.5","0.004694990092394218","0.9510433759053093","0.995","{3-[2-(3,5-dihydroxyphenyl)ethyl]phenyl}oxidanesulfonic acid","HMDB0129951","0","190114.546875","16040373","1","1","false","0.00019959130440838635","C15H13ClFNO3+Na+"
"Pacific Northwest National Laboratory","20201130_jl_lungmap_agarose_1","2020-12-01_22h59m24s","C12H14ClN3O","M+H","","C12H14ClN3O+H+","252.08981620299997","0.0044608205","0.5","0.0050746217473661304","0.8831525972217924","0.9953488372093023","5-Chloro-1,3-dihydro-1-(4-piperidinyl)-2H-benzimidazol-2-one","HMDB0061025","0","164138.375","22371176","1","0","false","0.0006077239522710443",""
"Pacific Northwest National Laboratory","20201130_jl_lungmap_agarose_1","2020-12-01_22h59m24s","C3H2O5","M+H","","C3H2O5+H+","118.997499599","0.004461923","0.5","0.004681498936809696","0.9689860663710949","0.9836025452765541","Mesoxalic acid","HMDB0031522","0","180842.65625","80789392","1","0","false","0.000022662192350253463",""
"Pacific Northwest National Laboratory","20201130_jl_lungmap_agarose_1","2020-12-01_22h59m24s","C15H21NO9S2","M+Na","","C15H21NO9S2+Na+","446.054994275","0.0044643055","0.5","0.0049452115212232535","0.9320407355456226","0.9685769980506822","Gluconasturtiin","HMDB0038423","0","267928.84375","134375856","1","0","false","0.00009614210284780711",""
"Pacific Northwest National Laboratory","20201130_jl_lungmap_agarose_1","2020-12-01_22h59m24s","C8H9NO3","M+H","","C8H9NO3+H+","168.065519583","0.004474149","0.5","0.004601421557439487","0.9751671643385476","0.9971014492753624","Pyridoxal, Isopyridoxal, 3alpha,4,5,7alpha-Tetrahydro-5-hydroxy-1H-isoindole-1,3(2H)-dione, 3alpha,4,7,7alpha-Tetrahydro-4-hydroxy-1H-isoindole-1,3(2H)-dione, 3-Methoxyanthranilate","HMDB0001545, HMDB0004290, HMDB0034887, HMDB0034889, HMDB0060374","0","177205.859375","29302470","5","0","false","0.00016147125279530883",""
"Pacific Northwest National Laboratory","20201130_jl_lungmap_agarose_1","2020-12-01_22h59m24s","C14H8N2O3","M+Na","","C14H8N2O3+Na+","275.042712799","0.004475369","0.5","0.004707213525492145","0.9615957811154601","0.9887179487179487","Nigakinone","HMDB0030228","0","329327.25","47380628","1","0","false","0.00012947381765116006",""
"Pacific Northwest National Laboratory","20201130_jl_lungmap_agarose_1","2020-12-01_22h59m24s","C9H10O","M+H","","C9H10O+H+","135.080441375","0.004480177","0.5","0.004645120528273887","0.9712430071211628","0.993048128342246","7-Nonene-3,5-diyn-1-ol, 4-Ethylbenzaldehyde, 4'-Methylacetophenone, 1-Phenyl-1-propanone, (4-Methylphenyl)acetaldehyde, Cinnamyl alcohol, trans-Cinnamyl alcohol, (Z)-4-(1-Propenyl)phenol, 2-Phenylpropanal, 2,4-Dimethylbenzaldehyde, 3-Phenylpropanal, Chavicol, o-Vinylanisole, m-Methylacetophenone, Indan-1-ol","HMDB0034563, HMDB0032024, HMDB0032608, HMDB0032623, HMDB0029639, HMDB0029697, HMDB0029698, HMDB0030839, HMDB0031626, HMDB0032142, HMDB0033716, HMDB0034107, HMDB0036441, HMDB0059895, HMDB0059601","0","176890.765625","46197320","15","0","false","0.00004744695979752578",""
"Pacific Northwest National Laboratory","20201130_jl_lungmap_agarose_1","2020-12-01_22h59m24s","C7H19N3","M+H","","C7H19N3+H+","146.16517404299998","0.0044880253","0.5","0.0046225220159871365","0.9755800115594558","0.9952069716775599","Spermidine","HMDB0001257","0","165132.9375","38273116","1","0","false","0.00012481774319894612",""
"Pacific Northwest National Laboratory","20201130_jl_lungmap_agarose_1","2020-12-01_22h59m24s","C4H13N3","M+H","","C4H13N3+H+","104.118223851","0.004491819","0.5","0.004884271898651617","0.9431845468690965","0.9750474383301708","Diethylenetriamine","HMDB0031413","0","216928","119723744","1","0","false","0.00004511178485699929",""
"Pacific Northwest National Laboratory","20201130_jl_lungmap_agarose_1","2020-12-01_22h59m24s","C6H11NS2","M+H","","C6H11NS2+H+","162.040568127","0.0044938703","0.5","0.004644815797299984","0.969642869867733","0.9977924944812362","Erucin, 1-Thiocyanato-4-(methylthio)butane","HMDB0033764, HMDB0038446","0","173784.15625","38228056","2","1","false","0.0005865462007932365","C5H7NO5+H+"
"Pacific Northwest National Laboratory","20201130_jl_lungmap_agarose_1","2020-12-01_22h59m24s","C5HCl4NO2","M+Na","","C5HCl4NO2+Na+","269.86535975500004","0.004499955","0.5","0.007600459526783302","0.6081887516441211","0.9734865061998541","3,3-Dichloro-4-(dichloromethylene)-2,5-pyrrolidinedione","HMDB0034898","0","552506.1875","207950256","1","0","false","0.0000070600285653199535",""
"Pacific Northwest National Laboratory","20201130_jl_lungmap_agarose_1","2020-12-01_22h59m24s","C3H8ClNO2S","M+Na","","C3H8ClNO2S+Na+","179.98564804899996","0.0045201704","0.5","0.00497183272874021","0.9135600068919408","0.9951790633608816","L-cysteine Hydrochloride","HMDB0062799","0","195293.375","31025604","1","0","false","0.00019991300359833986",""
"Pacific Northwest National Laboratory","20201130_jl_lungmap_agarose_1","2020-12-01_22h59m24s","C6H14O2","M+H","","C6H14O2+H+","119.106656123","0.004522737","0.5","0.00468660177389948","0.9731195905799707","0.9916926272066459","1,1-Diethoxyethane, 2-Butoxyethanol, (±)-1,5-Hexanediol, 4-Methyl-1,2-dihydroxypentane","HMDB0031644, HMDB0031327, HMDB0031490, HMDB0059740","0","238354.40625","76421144","4","0","false","0.000039981710870051757",""
"Pacific Northwest National Laboratory","20201130_jl_lungmap_agarose_1","2020-12-01_22h59m24s","C19H21NO","M+H","","C19H21NO+H+","280.169590727","0.004525711","0.5","0.004818721562379974","0.9430568203510077","0.9959031657355679","E-10-Hydroxynortriptyline, Doxepin","HMDB0013889, HMDB0015273","0","176165.859375","23630330","2","0","false","0.00007280696445377544",""
"Pacific Northwest National Laboratory","20201130_jl_lungmap_agarose_1","2020-12-01_22h59m24s","C8H8O5S","M+H","","C8H8O5S+H+","217.016520961","0.004529237","0.5","0.0046954037833421185","0.9707367701116367","0.9936893203883496","(5-ethenyl-2-hydroxyphenyl)oxidanesulfonic acid","HMDB0124978","0","191694.296875","26262372","1","0","false","0.0000315599754685536",""
"Pacific Northwest National Laboratory","20201130_jl_lungmap_agarose_1","2020-12-01_22h59m24s","C5H7N3O","M+Na","","C5H7N3O+Na+","148.04813252699998","0.004532488","0.5","0.004633054259780162","0.9820892975053584","0.996135265700483","5-Methylcytosine, 2-O-Methylcytosine, 3-Methylcytosine","HMDB0002894, HMDB0004339, HMDB0011601","0","175852.03125","43606308","3","0","false","0.0000356133641616907",""
"Pacific Northwest National Laboratory","20201130_jl_lungmap_agarose_1","2020-12-01_22h59m24s","C13H16N2","M+Na","","C13H16N2+Na+","223.12056919499997","0.0045433044","0.5","0.004761716822576224","0.9598291922876069","0.9940639269406393","Dexmedetomidine","HMDB0014771","0","185484.78125","27983232","1","0","false","0.00008044007699936628",""
"Pacific Northwest National Laboratory","20201130_jl_lungmap_agarose_1","2020-12-01_22h59m24s","C3H7NO2Se","M+H","","C3H7NO2Se+H+","163.977430799","0.0045504696","0.5","0.010205715787502186","0.44916747668151547","0.9926689576174113","Selenocysteine","HMDB0003288","0","166495.78125","36847592","1","0","false","0.00018218810146208853",""
"Pacific Northwest National Laboratory","20201130_jl_lungmap_agarose_1","2020-12-01_22h59m24s","C12H18O13","M+Na","","C12H18O13+Na+","393.06396131900004","0.004559064","0.5","0.004746545051514671","0.965708820669969","0.9946078431372549","4-O-alpha-D-Galactopyranuronosyl-D-galacturonic acid","HMDB0039721","0","201403.984375","20122208","1","0","false","0.0003098793386016041",""
"Pacific Northwest National Laboratory","20201130_jl_lungmap_agarose_1","2020-12-01_22h59m24s","C8H13NO2","M+H","","C8H13NO2+H+","156.101905091","0.004560401","0.5","0.004717013209650064","0.9726743924438478","0.9939590075512406","Arecoline","HMDB0030353","0","189482.359375","38799928","1","0","false","0.0000727604710846208",""
"Pacific Northwest National Laboratory","20201130_jl_lungmap_agarose_1","2020-12-01_22h59m24s","C30H22O8","M+H","","C30H22O8+H+","511.138744099","0.0045627356","0.5","0.005116575778296656","0.8980382501007044","0.9930041152263375","Palmidin A","HMDB0034038","0","273528.6875","25719948","1","1","false","0.00031418688013218343","C28H24O8+Na+"
"Pacific Northwest National Laboratory","20201130_jl_lungmap_agarose_1","2020-12-01_22h59m24s","C11H19NO6","M+Na","","C11H19NO6+Na+","284.11045801100005","0.0045886077","0.5","0.004765958259587231","0.9690311127457183","0.9935574229691877","Methylmalonylcarnitine, Lotaustralin, Epidermin, Succinylcarnitine, O-methylmalonyl-L-carnitine","HMDB0013133, HMDB0033865, HMDB0034777, HMDB0061717, HMDB0062785","0","163184.8125","15626458","5","2","false","0.0008450936293229461","C11H15N4O5+H+, C12H23NOS2+Na+"
"Pacific Northwest National Laboratory","20201130_jl_lungmap_agarose_1","2020-12-01_22h59m24s","C6H12N3O8P","M+H","","C6H12N3O8P+H+","286.043477779","0.004592509","0.5","0.0047083830433541606","0.9834614850182938","0.991792656587473","2-(Formamido)-N1-(5-phospho-D-ribosyl)acetamidine","HMDB0006211","0","238231.015625","65692204","1","0","false","0.000013818658771924675",""
"Pacific Northwest National Laboratory","20201130_jl_lungmap_agarose_1","2020-12-01_22h59m24s","C14H10O3","M+Na","","C14H10O3+Na+","249.05221486299996","0.004594198","0.5","0.004787372891062234","0.9632743149699179","0.9962365591397849","2-Methoxyxanthone, Oroselone","HMDB0032998, HMDB0033925","0","181222.1875","24151396","2","0","false","0.00021710513101425022",""
"Pacific Northwest National Laboratory","20201130_jl_lungmap_agarose_1","2020-12-01_22h59m24s","C9H20N2OS2","M+H","","C9H20N2OS2+H+","237.10898203499997","0.004607694","0.5","0.004807301461580261","0.9621227008693689","0.9962121212121212","S-aminomethyldihydrolipoamide","HMDB0006239","0","182440.671875","22510402","1","0","false","0.00011950964835705236",""
"Pacific Northwest National Laboratory","20201130_jl_lungmap_agarose_1","2020-12-01_22h59m24s","C7H16S2","M+Na","","C7H16S2+Na+","187.05856353499996","0.004620099","0.5","0.004783660358457283","0.9685088639943925","0.997211660329531","Butyl isopropyl disulfide, Butyl propyl disulfide, 1-(Methylthio)-1-hexanethiol","HMDB0033050, HMDB0033051, HMDB0039783","0","166639.171875","33409468","3","0","false","0.00004559971421258524",""
"Pacific Northwest National Laboratory","20201130_jl_lungmap_agarose_1","2020-12-01_22h59m24s","C14H15N","M+Na","","C14H15N+Na+","220.10967016299998","0.004621492","0.5","0.004843195950651592","0.9574310709666161","0.9966499162479062","2-(3-Phenylpropyl)pyridine","HMDB0036173","0","185054.5625","25565438","1","0","false","0.00020309943647589535",""
"Pacific Northwest National Laboratory","20201130_jl_lungmap_agarose_1","2020-12-01_22h59m24s","C17H15NO2","M+H","","C17H15NO2+H+","266.117555155","0.0046283253","0.5","0.004874454886639244","0.9537315998607118","0.9955696202531645","Anonaine, Eduleine, Eduline","HMDB0030348, HMDB0037594, HMDB0040597","0","164086.40625","20714138","3","0","false","0.00011364478268660605",""
"Pacific Northwest National Laboratory","20201130_jl_lungmap_agarose_1","2020-12-01_22h59m24s","C16H23NO3","M+H","","C16H23NO3+H+","278.175070031","0.0046487944","0.5","0.004888109862349014","0.9549979762820363","0.9958568738229755","Dinorcapsaicin","HMDB0036325","0","181664.515625","23441954","1","0","false","0.00048021096154116094",""
"Pacific Northwest National Laboratory","20201130_jl_lungmap_agarose_1","2020-12-01_22h59m24s","C29H50O4","M+Na","","C29H50O4+Na+","485.36013076300003","0.0046578455","0.5","0.005188927553952766","0.9027224162387223","0.9943820224719101","6-Deoxohomodolichosterone, (3beta,22R,23R,24S)-3,22,23-Trihydroxystigmastan-6-one","HMDB0034430, HMDB0039713","0","288765.34375","13722667","2","0","false","0.00025077498867176473",""
"Pacific Northwest National Laboratory","20201130_jl_lungmap_agarose_1","2020-12-01_22h59m24s","C9H14N2O6","M+Na","","C9H14N2O6+Na+","269.074406851","0.004662375","0.5","0.004817345084746827","0.9719621384810844","0.9957494407158837","5,6-Dihydrouridine, L-alpha-Aspartyl-L-hydroxyproline","HMDB0000497, HMDB0011160","0","194441.609375","19755540","2","0","false","0.000027902115107281134",""
"Pacific Northwest National Laboratory","20201130_jl_lungmap_agarose_1","2020-12-01_22h59m24s","C10H12O2","M+H","","C10H12O2+H+","165.091006059","0.0046678316","0.5","0.004807260807690477","0.9757726076455189","0.9951048951048951","p-Mentha-2,4(8)-dien-9,3-olide, Isopropyl benzoate, 3-Hydroxy-4-phenylbutan-2-one, 3-(4-Methoxyphenyl)-2-propen-1-ol, Ethyl phenylacetate, 1-Phenylethyl acetate, Eugenol, Benzenebutanoic acid, 3-Phenylbutyric acid, Isoeugenol, Methyl 3-phenylpropanoate, Benzyl propionate, Propyl benzoate, 1-(4-Methoxyphenyl)-2-propanone, 4-(4-Hydroxyphenyl)-2-butanone, 2-Phenylethyl acetate, 3-Phenylpropyl formate, Epoxyanethole, Thymoquinone, beta-Thujaplicin, 4-Isopropylbenzoic acid, Isoegomaketone, Lepalone, 4-Methyl-2-phenyl-1,3-dioxolane, Egomaketone, 1,2-Dimethoxy-4-vinylbenzene, 4-Methylbenzyl alcohol acetate, 2-Methylbenzyl alcohol acetate, (3-Methylphenyl)methyl acetate, Phenyl butyrate, (2-methyl-3-phenyloxiran-2-yl)methanol, 2-[(1E)-3-hydroxy-2-methylprop-1-en-1-yl]phenol, 2-methyl-3-phenylpropanoic acid, 3-hydroxy-2-methyl-3-phenylpropanal, 3-(3-hydroxyphenyl)-2-methylpropanal, 3-(4-hydroxyphenyl)-2-methylpropanal, 2-(phenylmethylidene)propane-1,3-diol, 3-[(1E)-3-hydroxy-2-methylprop-1-en-1-yl]phenol, 1-hydroxy-4-phenylbutan-2-one, 4-hydroxy-4-phenylbutan-2-one, 1-ethenyl-3,5-dimethoxybenzene, 4-(3-hydroxyphenyl)butan-2-one, 4-[(1E)-3-hydroxy-2-methylprop-1-en-1-yl]phenol, 2-hydroxy-2-methyl-3-phenylpropanal, 2-benzyl-3-hydroxypropanal, (3E)-4-phenylbut-3-ene-1,2-diol, 3-[(1E)-3-hydroxybut-1-en-1-yl]phenol, 1-(3-phenyloxiran-2-yl)ethan-1-ol, 3-(4-methoxyphenyl)propanal, 3-(4-methoxyphenyl)prop-2-en-1-ol","HMDB0037174, HMDB0032038, HMDB0032336, HMDB0032586, HMDB0032618, HMDB0032620, HMDB0005809, HMDB0000543, HMDB0001955, HMDB0005802, HMDB0030060, HMDB0030063, HMDB0031761, HMDB0032891, HMDB0033723, HMDB0033945, HMDB0034471, HMDB0034615, HMDB0034732, HMDB0035213, HMDB0035268, HMDB0036098, HMDB0035414, HMDB0037160, HMDB0038184, HMDB0040359, HMDB0040460, HMDB0041472, HMDB0041473, HMDB0041612, HMDB0133609, HMDB0133610, HMDB0133617, HMDB0133603, HMDB0133604, HMDB0133605, HMDB0133606, HMDB0133607, HMDB0133753, HMDB0133754, HMDB0127494, HMDB0133507, HMDB0133608, HMDB0133600, HMDB0133601, HMDB0133725, HMDB0133727, HMDB0133729, HMDB0135737, HMDB0135738","0","171551.640625","36020628","50","0","false","0.00006108250090619549",""
"Pacific Northwest National Laboratory","20201130_jl_lungmap_agarose_1","2020-12-01_22h59m24s","C9H18O9","M+Na","","C9H18O9+Na+","293.08430283900003","0.004676125","0.5","0.004835345121585633","0.9751544396119557","0.991711229946524","D-erythro-L-galacto-Nonulose","HMDB0029955","0","208790.703125","52072000","1","1","false","0.00014018772344570607","C10H14N4O5+Na+"
"Pacific Northwest National Laboratory","20201130_jl_lungmap_agarose_1","2020-12-01_22h59m24s","C21H26N2OS2","M+Na","","C21H26N2OS2+Na+","409.137876475","0.0046774014","0.5","0.005149943837509656","0.915443287817028","0.9921348314606742","Mesoridazine","HMDB0015068","0","188036.28125","12472978","1","0","false","0.0017016861820593476",""
"Pacific Northwest National Laboratory","20201130_jl_lungmap_agarose_1","2020-12-01_22h59m24s","C7H6O5","M+H","","C7H6O5+H+","171.028799727","0.004688214","0.5","0.004784479571582573","0.9823050480136231","0.9975308641975309","2,4,6-Trihydroxybenzoic acid, Gallic acid, 2,3,4-Trihydroxybenzoic acid, 2,3,4,6-tetrahydroxybenzaldehyde, 2,4,5-trihydroxybenzoic acid","HMDB0029649, HMDB0005807, HMDB0059964, HMDB0130402, HMDB0126491","0","175818.53125","37376792","5","0","false","0.00015698953939136118",""
"Pacific Northwest National Laboratory","20201130_jl_lungmap_agarose_1","2020-12-01_22h59m24s","C14H12O6S","M+H","","C14H12O6S+H+","309.042735709","0.004700552","0.5","0.005137083914588968","0.955643417281408","0.9574946466809422","cis-Resveratrol 3-sulfate, cis-Resveratrol 4'-sulfate, Resveratrol 3-sulfate, trans-Resveratrol 4'-sulfate, [1-(2-hydroxyphenyl)-2-oxo-2-phenylethoxy]sulfonic acid, [2-(2-hydroxyphenyl)-2-oxo-1-phenylethoxy]sulfonic acid, [4-(2-hydroxy-2-phenylacetyl)phenyl]oxidanesulfonic acid, [2-(4-hydroxyphenyl)-2-oxo-1-phenylethoxy]sulfonic acid, [4-(1-hydroxy-2-oxo-2-phenylethyl)phenyl]oxidanesulfonic acid, [1-(4-hydroxyphenyl)-2-oxo-2-phenylethoxy]sulfonic acid, [3-(1-hydroxy-2-oxo-2-phenylethyl)phenyl]oxidanesulfonic acid, [1-(3-hydroxyphenyl)-2-oxo-2-phenylethoxy]sulfonic acid, [3-(2-hydroxy-2-phenylacetyl)phenyl]oxidanesulfonic acid, [2-(3-hydroxyphenyl)-2-oxo-1-phenylethoxy]sulfonic acid","HMDB0041712, HMDB0041714, HMDB0041772, HMDB0041784, HMDB0135192, HMDB0135194, HMDB0135196, HMDB0135197, HMDB0135199, HMDB0135200, HMDB0135204, HMDB0135205, HMDB0135207, HMDB0135208","0","281792.34375","284497408","14","0","false","0.00001824406353989616",""
"Pacific Northwest National Laboratory","20201130_jl_lungmap_agarose_1","2020-12-01_22h59m24s","C5H6O6","M+H","","C5H6O6+H+","163.02371434699998","0.0047041937","0.5","0.004839476322785975","0.9798176751075496","0.9920682730923694","4-Hydroxy-2-oxoglutaric acid, D-4-Hydroxy-2-oxoglutarate","HMDB0002070, HMDB0060466","0","184062.34375","42112632","2","0","false","0.00005388144563767128",""
"Pacific Northwest National Laboratory","20201130_jl_lungmap_agarose_1","2020-12-01_22h59m24s","C5H4N4O2S","M+Na","","C5H4N4O2S+Na+","206.99471722099997","0.004720906","0.5","0.0048269740420254495","0.9838680497561418","0.9940620782726046","6-Thiourate","HMDB0060417","0","162355.203125","31433112","1","0","false","0.0011261703912168741",""
"Pacific Northwest National Laboratory","20201130_jl_lungmap_agarose_1","2020-12-01_22h59m24s","C6H11N3","M+H","","C6H11N3+H+","126.10257378699998","0.004722939","0.5","0.004834708534189512","0.9840617009568683","0.9927038626609442","3-Methylhistamine, 1-Methylhistamine, N-Methylhistamine","HMDB0001861, HMDB0000898, HMDB0061685","0","173313","56389328","3","0","false","0.0000346512024407275",""
"Pacific Northwest National Laboratory","20201130_jl_lungmap_agarose_1","2020-12-01_22h59m24s","C11H10N2O4","M+Na","","C11H10N2O4+Na+","257.05327748300004","0.004723401","0.5","0.004908940828962294","0.9665872914501177","0.9954648526077098","2-{[hydroxy(5-hydroxy-1H-indol-3-yl)methylidene]amino}acetic acid, 2-{[hydroxy(6-hydroxy-1H-indol-3-yl)methylidene]amino}acetic acid, 2-{[hydroxy(7-hydroxy-1H-indol-3-yl)methylidene]amino}acetic acid, 2-{[hydroxy(4-hydroxy-1H-indol-3-yl)methylidene]amino}acetic acid","HMDB0134939, HMDB0134942, HMDB0134945, HMDB0134948","0","179382.78125","19317922","4","0","false","0.00007788604125380516",""
"Pacific Northwest National Laboratory","20201130_jl_lungmap_agarose_1","2020-12-01_22h59m24s","C9H14O3","M+H","","C9H14O3+H+","171.101570743","0.0047354368","0.5","0.004905527003277896","0.9712424707311559","0.9939091915836102","1,4-Ipomeadiol, cis-3-Hexenyl pyruvate","HMDB0030471, HMDB0038276","0","195741.1875","37812716","2","0","false","0.000015497538697673008",""
"Pacific Northwest National Laboratory","20201130_jl_lungmap_agarose_1","2020-12-01_22h59m24s","C29H41NO4","M+H","","C29H41NO4+H+","468.31083522700004","0.004741711","0.5","0.005430317130174347","0.9033910335997904","0.9665718349928876","Buprenorphine, N-Arachidonoyl tyrosine","HMDB0015057, HMDB0062331","0","453489.1875","261586512","2","2","false","0.000018508666471461765","C27H43NO4+Na+, C22H46NO7P+H+"
"Pacific Northwest National Laboratory","20201130_jl_lungmap_agarose_1","2020-12-01_22h59m24s","C4H8O2S2","M+H","","C4H8O2S2+H+","153.003848271","0.004759237","0.5","0.004892258697873887","0.9764358305251037","0.9962864721485412","1,4-Dithiane-2,5-diol, Dihydroasparagusic acid, Oxidized dithiothreitol","HMDB0033670, HMDB0035716, HMDB0059664","0","177595.796875","47647284","3","0","false","0.000027590023819357157",""
"Pacific Northwest National Laboratory","20201130_jl_lungmap_agarose_1","2020-12-01_22h59m24s","C21H18N2O4","M+H","","C21H18N2O4+H+","363.13393349100005","0.004777635","0.5","0.00514887703151521","0.9357257895307931","0.9916349809885932","Zanthobisquinolone","HMDB0040786","0","194207.453125","37054828","1","0","false","0.00015286727284546942",""
"Pacific Northwest National Laboratory","20201130_jl_lungmap_agarose_1","2020-12-01_22h59m24s","C18H36O2","M+Na","","C18H36O2+Na+","307.26075107500003","0.004789622","0.5","0.005081582495692207","0.947608915956585","0.9946564885496183","Stearic acid, Ethyl hexadecanoate, 16-Methylheptadecanoic acid, Hexyl dodecanoate","HMDB0000827, HMDB0029811, HMDB0031066, HMDB0061946","0","181099.421875","17363514","4","0","false","0.0005218707956373692",""
"Pacific Northwest National Laboratory","20201130_jl_lungmap_agarose_1","2020-12-01_22h59m24s","C4H6O7S","M+Na","","C4H6O7S+Na+","220.97264438499997","0.004790914","0.5","0.00488983968647416","0.9858791834995748","0.9938023450586264","(±)-Sulfobutanedioic acid","HMDB0040585","0","182241.59375","25202118","1","0","false","0.000327887391904369",""
"Pacific Northwest National Laboratory","20201130_jl_lungmap_agarose_1","2020-12-01_22h59m24s","C14H11Cl2NO3","M+Na","","C14H11Cl2NO3+Na+","334.000819295","0.0048022424","0.5","0.00717372816017335","0.6713857960096461","0.9970731707317073","4'-Hydroxydiclofenac, 3'-Hydroxydiclofenac, 5-Hydroxydiclofenac","HMDB0013974, HMDB0013976, HMDB0060542","0","230307.0625","30169992","3","0","false","0.00018537187133915722",""
"Pacific Northwest National Laboratory","20201130_jl_lungmap_agarose_1","2020-12-01_22h59m24s","C20H22O6","M+Na","","C20H22O6+Na+","381.13085910700005","0.0048095454","0.5","0.005268207200212966","0.9373267639803919","0.9739803094233473","Sanshodiol, Dihydrocubebin, Glicophenone, (-)-Matairesinol, Matairesinol, Isocolumbin, 5-Deoxykievitone hydrate, (7'x,8'x)-4,7'-Epoxy-3,8'-bilign-7-ene-3,5'-dimethoxy-4',9,9'-triol, 3-(4-hydroxyphenyl)-1-[2,4,6-trihydroxy-3-(4-hydroxy-3-methylbut-2-en-1-yl)phenyl]propan-1-one, 3-(4-hydroxyphenyl)-1-{2,4,6-trihydroxy-3-[(2E)-4-hydroxy-3-methylbut-2-en-1-yl]phenyl}propan-1-one, 3-hydroxy-3-(4-hydroxyphenyl)-1-[2,4,6-trihydroxy-3-(3-methylbut-2-en-1-yl)phenyl]propan-1-one, 1-{3-[(3,3-dimethyloxiran-2-yl)methyl]-2,4,6-trihydroxyphenyl}-3-(4-hydroxyphenyl)propan-1-one, 3-(4-hydroxyphenyl)-1-[2,3,4,6-tetrahydroxy-5-(3-methylbut-2-en-1-yl)phenyl]propan-1-one, 3-(3,4-dihydroxyphenyl)-1-[2,4,6-trihydroxy-3-(3-methylbut-2-en-1-yl)phenyl]propan-1-one, 4,8,14-trihydroxy-17-methoxy-2-oxatricyclo[13.2.2.1³,⁷]icosa-1(17),3,5,7(20),15,18-hexaen-10-one, 4,8,11-trihydroxy-17-methoxy-2-oxatricyclo[13.2.2.1³,⁷]icosa-1(17),3,5,7(20),15,18-hexaen-10-one, 4,8,9-trihydroxy-17-methoxy-2-oxatricyclo[13.2.2.1³,⁷]icosa-1(17),3,5,7(20),15,18-hexaen-10-one, 1-(3,4-dihydroxyphenyl)-7-(4-hydroxy-3-methoxyphenyl)heptane-3,5-dione","HMDB0030573, HMDB0030709, HMDB0035467, HMDB0035698, HMDB0035789, HMDB0036837, HMDB0038113, HMDB0041276, HMDB0129247, HMDB0129248, HMDB0129249, HMDB0129250, HMDB0129251, HMDB0129252, HMDB0133425, HMDB0133426, HMDB0133427, HMDB0133452","0","237239.5625","105013832","18","0","false","0.000015994844943634234",""
"Pacific Northwest National Laboratory","20201130_jl_lungmap_agarose_1","2020-12-01_22h59m24s","C6H12O3","M+H","","C6H12O3+H+","133.085920679","0.004810541","0.5","0.0049392956874602535","0.9841986033802179","0.9895691609977324","2-Hydroxy-3-methylpentanoic acid, (5R)-5-Hydroxyhexanoic acid, 5-Hydroxyhexanoic acid, D-Leucic acid, Leucinic acid, Hydroxyisocaproic acid, 2-Hydroxycaproic acid, 2-Ethyl-2-Hydroxybutyric acid, (R)-3-Hydroxyhexanoic acid, 6-Hydroxyhexanoic acid, 2-Methyl-3-hydroxyvaleric acid, (+/-)-1-Acetoxy-1-ethoxyethane, Paraldehyde, 4,4-Dimethoxy-2-butanone, Ethyl (±)-3-hydroxybutyrate, Butoxyacetic acid, Threo-3-Hydroxy-2-methylbutyric acid, 3-hydroxyhexanoic acid","HMDB0000317, HMDB0000409, HMDB0000525, HMDB0000624, HMDB0000665, HMDB0000746, HMDB0001624, HMDB0001975, HMDB0010718, HMDB0012843, HMDB0029166, HMDB0032158, HMDB0032456, HMDB0033851, HMDB0040409, HMDB0041844, HMDB0059770, HMDB0061652","0","179148.375","54283460","18","0","false","0.000031582738301949576",""
"Pacific Northwest National Laboratory","20201130_jl_lungmap_agarose_1","2020-12-01_22h59m24s","C20H20O10","M+Na","","C20H20O10+Na+","443.094867523","0.004826381","0.5","0.005173001477884582","0.9363213002597971","0.9964467005076142","6-{2,4-dihydroxy-6-[(E)-2-(4-hydroxyphenyl)ethenyl]phenoxy}-3,4,5-trihydroxyoxane-2-carboxylic acid, 6-{2,5-dihydroxy-3-[(E)-2-(4-hydroxyphenyl)ethenyl]phenoxy}-3,4,5-trihydroxyoxane-2-carboxylic acid, 3,4,5-trihydroxy-6-{4-[(E)-2-(2,3,5-trihydroxyphenyl)ethenyl]phenoxy}oxane-2-carboxylic acid, 6-{3,4-dihydroxy-5-[(E)-2-(4-hydroxyphenyl)ethenyl]phenoxy}-3,4,5-trihydroxyoxane-2-carboxylic acid, 6-{5-[(E)-2-(3,5-dihydroxyphenyl)ethenyl]-2-hydroxyphenoxy}-3,4,5-trihydroxyoxane-2-carboxylic acid, 6-{3-[(E)-2-(3,4-dihydroxyphenyl)ethenyl]-5-hydroxyphenoxy}-3,4,5-trihydroxyoxane-2-carboxylic acid, 6-{4-[(E)-2-(3,5-dihydroxyphenyl)ethenyl]-2-hydroxyphenoxy}-3,4,5-trihydroxyoxane-2-carboxylic acid, 6-{2,6-dihydroxy-4-[(E)-2-(4-hydroxyphenyl)ethenyl]phenoxy}-3,4,5-trihydroxyoxane-2-carboxylic acid, 6-{2,3-dihydroxy-5-[(E)-2-(4-hydroxyphenyl)ethenyl]phenoxy}-3,4,5-trihydroxyoxane-2-carboxylic acid, 3,4,5-trihydroxy-6-{4-[(E)-2-(3,4,5-trihydroxyphenyl)ethenyl]phenoxy}oxane-2-carboxylic acid, 6-{2-[(E)-2-(3,5-dihydroxyphenyl)ethenyl]-5-hydroxyphenoxy}-3,4,5-trihydroxyoxane-2-carboxylic acid, 6-{3-[(E)-2-(2,4-dihydroxyphenyl)ethenyl]-5-hydroxyphenoxy}-3,4,5-trihydroxyoxane-2-carboxylic acid, 6-{4-[(E)-2-(3,5-dihydroxyphenyl)ethenyl]-3-hydroxyphenoxy}-3,4,5-trihydroxyoxane-2-carboxylic acid, 3,4,5-trihydroxy-6-{3-hydroxy-5-[3-(4-hydroxyphenyl)oxiran-2-yl]phenoxy}oxane-2-carboxylic acid, 6-{4-[3-(3,5-dihydroxyphenyl)oxiran-2-yl]phenoxy}-3,4,5-trihydroxyoxane-2-carboxylic acid, 3-{[3,4-dihydroxy-5-(hydroxymethyl)oxolan-2-yl]oxy}-5,7-dihydroxy-2-(3-hydroxyphenyl)-3,4-dihydro-2H-1-benzopyran-4-one","HMDB0128512, HMDB0128513, HMDB0128514, HMDB0128515, HMDB0128518, HMDB0128519, HMDB0128520, HMDB0128523, HMDB0128524, HMDB0128525, HMDB0128528, HMDB0128529, HMDB0128530, HMDB0128531, HMDB0128532, HMDB0132723","0","197807.625","29223556","16","0","false","0.00004730428918264806",""
"Pacific Northwest National Laboratory","20201130_jl_lungmap_agarose_1","2020-12-01_22h59m24s","C13H12O8","M+Na","","C13H12O8+Na+","319.04243802700006","0.0048300438","0.5","0.005063406654590517","0.959310630317734","0.9943722943722944","Caffeoylmalic acid, 2-O-Feruloyltartronic acid, cis-Coutaric acid","HMDB0029318, HMDB0032957, HMDB0034620","0","199963.046875","31459270","3","1","false","0.00037363762385211885","C9H15NO8P+Na+"
"Pacific Northwest National Laboratory","20201130_jl_lungmap_agarose_1","2020-12-01_22h59m24s","C15H10O9","M+H","","C15H10O9+H+","335.03975833500004","0.004842106","0.5","0.005087201816545917","0.9555683755288755","0.996078431372549","3,3',4',5,6,7,8-Heptahydroxyflavone, 3,5,6,7-tetrahydroxy-2-(3,4,5-trihydroxyphenyl)-4H-chromen-4-one, 3,5,7-trihydroxy-2-(2,3,4,5-tetrahydroxyphenyl)-4H-chromen-4-one, 3,5,6,7-tetrahydroxy-2-(2,3,4-trihydroxyphenyl)-4H-chromen-4-one, 3,5,6,7-tetrahydroxy-2-(2,4,5-trihydroxyphenyl)-4H-chromen-4-one, 5,6,7,8-tetrahydroxy-2-(3,4,5-trihydroxyphenyl)-4H-chromen-4-one","HMDB0030159, HMDB0125204, HMDB0125205, HMDB0129429, HMDB0129430, HMDB0140547","0","203178.890625","20642028","6","0","false","0.00034675488132052124",""
"Pacific Northwest National Laboratory","20201130_jl_lungmap_agarose_1","2020-12-01_22h59m24s","C11H20N2O2","M+H","","C11H20N2O2+H+","213.159754315","0.004843979","0.5","0.0050384798610088564","0.9683256625921403","0.9928446771378708","1,4'-Bipiperidine-1'-carboxylic acid","HMDB0060336","0","176938.875","24459296","1","0","false","0.00015336513752117753",""
"Pacific Northwest National Laboratory","20201130_jl_lungmap_agarose_1","2020-12-01_22h59m24s","CHCl3","M+Na","","CHCl3+Na+","140.903603815","0.0048454446","0.5","0.006708052426802973","0.7237686085143606","0.998015873015873","Chloroform","HMDB0029596","0","176908.390625","41830168","1","0","false","0.000018366419681115076",""
"Pacific Northwest National Laboratory","20201130_jl_lungmap_agarose_1","2020-12-01_22h59m24s","C15H12O3","M+H","","C15H12O3+H+","241.085920679","0.0048520337","0.5","0.0050946231772417624","0.9589098153884538","0.993193717277487","2',5'-Dihydroxychalcone, 3',4'-Dihydroxychalcone, Lettucenin A, 2,4-Dihydroxychalcone, 1,3-bis(4-hydroxyphenyl)prop-2-en-1-one, 1-(3-hydroxyphenyl)-3-(4-hydroxyphenyl)prop-2-en-1-one, 4-(3-benzoyloxiran-2-yl)phenol, 7-hydroxy-3-phenyl-3,4-dihydro-2H-1-benzopyran-4-one, 1-(2-hydroxyphenyl)-3-(4-hydroxyphenyl)prop-2-en-1-one, 3-(3,4-dihydroxyphenyl)-1-phenylprop-2-en-1-one, 3-(2,4-dihydroxyphenyl)-1-phenylprop-2-en-1-one","HMDB0032129, HMDB0032130, HMDB0036738, HMDB0039612, HMDB0135590, HMDB0135591, HMDB0135592, HMDB0130494, HMDB0135586, HMDB0135587, HMDB0135588","0","186834.046875","24568528","11","0","false","0.0001620583061594516",""
"Pacific Northwest National Laboratory","20201130_jl_lungmap_agarose_1","2020-12-01_22h59m24s","C10H13N4O7P","M+Na","","C10H13N4O7P+Na+","355.04140643900007","0.004852097","0.5","0.005164232284188933","0.9678664155097572","0.970752016653656","dIMP","HMDB0006555","0","354046.28125","436396832","1","1","false","0.00004220935807097703","C16H12O8+Na+"
"Pacific Northwest National Laboratory","20201130_jl_lungmap_agarose_1","2020-12-01_22h59m24s","C8H14N2O3","M+H","","C8H14N2O3+H+","187.107718743","0.0048543094","0.5","0.005012211667732153","0.974937468443843","0.9933933933933934","Alanyl-Proline, Prolyl-Alanine","HMDB0028695, HMDB0029010","0","167537.75","27962796","2","0","false","0.00011161753354826942",""
"Pacific Northwest National Laboratory","20201130_jl_lungmap_agarose_1","2020-12-01_22h59m24s","C6H10OS","M+H","","C6H10OS+H+","131.05251254499998","0.0048683505","0.5","0.004959782275317669","0.9859867835069724","0.9955156950672646","2-Ethyldihydro-3(2H)-thiophenone, 2-[(Methylthio)methyl]-2-butenal, S-2-Propenyl propanethioate","HMDB0040238, HMDB0031370, HMDB0037493","0","171980.9375","54676216","3","0","false","0.00014053824997972697",""
"Pacific Northwest National Laboratory","20201130_jl_lungmap_agarose_1","2020-12-01_22h59m24s","C8H8O4S","M+H","","C8H8O4S+H+","201.02160634099997","0.004881845","0.5","0.005019157364902903","0.9753976910896889","0.9971751412429378","4-Vinylphenol sulfate, (3-ethenylphenyl)oxidanesulfonic acid","HMDB0062775, HMDB0124988","0","173748.375","30266318","2","0","false","0.00003700335946632549",""
"Pacific Northwest National Laboratory","20201130_jl_lungmap_agarose_1","2020-12-01_22h59m24s","C18H18N2O2","M+Na","","C18H18N2O2+Na+","317.12604849900004","0.0048923367","0.5","0.005184671664106023","0.9480204939938116","0.9953535353535353","Nigellidine","HMDB0041061","0","175672.0625","22126228","1","0","false","0.00030432737548835576",""
"Pacific Northwest National Laboratory","20201130_jl_lungmap_agarose_1","2020-12-01_22h59m24s","C4H6N2S","M+H","","C4H6N2S+H+","115.03244579699998","0.0048951586","0.5","0.005170573618348228","0.9751207242891706","0.9708891595615103","Methimazole","HMDB0014901","0","178811.765625","95591152","1","0","false","0.000020716641301987693",""
"Pacific Northwest National Laboratory","20201130_jl_lungmap_agarose_1","2020-12-01_22h59m24s","C43H67O8P","M+H","","C43H67O8P+H+","743.4646325389999","0.0049126665","0.5","0.005974783966488818","0.8428177597679043","0.9755766621438263","PA(18:3(6Z,9Z,12Z)/22:6(4Z,7Z,10Z,13Z,16Z,19Z)), PA(18:3(9Z,12Z,15Z)/22:6(4Z,7Z,10Z,13Z,16Z,19Z)), PA(18:4(6Z,9Z,12Z,15Z)/22:5(4Z,7Z,10Z,13Z,16Z)), PA(18:4(6Z,9Z,12Z,15Z)/22:5(7Z,10Z,13Z,16Z,19Z)), PA(20:4(5Z,8Z,11Z,14Z)/20:5(5Z,8Z,11Z,14Z,17Z)), PA(20:4(8Z,11Z,14Z,17Z)/20:5(5Z,8Z,11Z,14Z,17Z)), PA(20:5(5Z,8Z,11Z,14Z,17Z)/20:4(5Z,8Z,11Z,14Z)), PA(20:5(5Z,8Z,11Z,14Z,17Z)/20:4(8Z,11Z,14Z,17Z)), PA(22:5(4Z,7Z,10Z,13Z,16Z)/18:4(6Z,9Z,12Z,15Z)), PA(22:5(7Z,10Z,13Z,16Z,19Z)/18:4(6Z,9Z,12Z,15Z)), PA(22:6(4Z,7Z,10Z,13Z,16Z,19Z)/18:3(6Z,9Z,12Z)), PA(22:6(4Z,7Z,10Z,13Z,16Z,19Z)/18:3(9Z,12Z,15Z))","HMDB0114997, HMDB0115024, HMDB0115049, HMDB0115050, HMDB0115161, HMDB0115188, HMDB0115212, HMDB0115213, HMDB0115360, HMDB0115386, HMDB0115410, HMDB0115411","0","1593518","375888576","12","1","false","0.00011277027806499973","C37H70NO10P+Na+"
"Pacific Northwest National Laboratory","20201130_jl_lungmap_agarose_1","2020-12-01_22h59m24s","C6H12","M+Na","","C6H12+Na+","107.083121067","0.0049249423","0.5","0.005256917758077719","0.9602184679187089","0.9756632064590542","Cyclohexane, Methylcyclopentane","HMDB0029597, HMDB0031542","0","293089.875","134710528","2","0","false","0.00014218407159205526",""
"Pacific Northwest National Laboratory","20201130_jl_lungmap_agarose_1","2020-12-01_22h59m24s","C16H14N2O","M+H","","C16H14N2O+H+","251.117889503","0.0049262145","0.5","0.005208522624822537","0.94987799233569","0.9957055214723927","Arborine","HMDB0030351","0","183760.1875","21159692","1","0","false","0.0011338250478729606",""
"Pacific Northwest National Laboratory","20201130_jl_lungmap_agarose_1","2020-12-01_22h59m24s","C10H20N4O4","M+Na","","C10H20N4O4+Na+","283.13767580300004","0.0049320036","0.5","0.005094943319716755","0.9728234100143444","0.9950617283950617","Lysyl-Asparagine, Asparaginyl-Lysine","HMDB0028946, HMDB0028736","0","178086.65625","17831092","2","0","false","0.00040041410829871893",""
"Pacific Northwest National Laboratory","20201130_jl_lungmap_agarose_1","2020-12-01_22h59m24s","C10H12N2O4","M+H","","C10H12N2O4+H+","225.08698329899997","0.0049324753","0.5","0.005090987438036307","0.97190136779391","0.996875","Hydroxykynurenine, L-3-Hydroxykynurenine, 5-Hydroxykynurenine, Stavudine, L-Nicotianine","HMDB0000732, HMDB0011631, HMDB0012819, HMDB0014787, HMDB0029397","0","182781.671875","28625038","5","0","false","0.0000733142442186363",""
"Pacific Northwest National Laboratory","20201130_jl_lungmap_agarose_1","2020-12-01_22h59m24s","C6H8N2O4","M+Na","","C6H8N2O4+Na+","195.037627419","0.0049330713","0.5","0.005055564650775402","0.9790793130997961","0.996620583717358","Hydantoin-5-propionic acid, L-alpha-Amino-5-oxo-2(5H)-isoxazolepropanoic acid","HMDB0001212, HMDB0034322","0","174886.359375","27763032","2","0","false","0.0007776286802254617",""
"Pacific Northwest National Laboratory","20201130_jl_lungmap_agarose_1","2020-12-01_22h59m24s","C11H20N2O5","M+H","","C11H20N2O5+H+","261.144498175","0.004943153","0.5","0.005144862537032325","0.9684344325410148","0.9921104536489151","gamma-Glutamylisoleucine, gamma-Glutamylleucine, Glutamylisoleucine, Glutamylleucine","HMDB0011170, HMDB0011171, HMDB0028822, HMDB0028823","0","184704.609375","22149708","4","0","false","0.00007863178325351328",""
"Pacific Northwest National Laboratory","20201130_jl_lungmap_agarose_1","2020-12-01_22h59m24s","C12H14N4O2S","M+H","","C12H14N4O2S+H+","279.09102329300003","0.0049534","0.5","0.005190840513961909","0.9590953886224701","0.9949561403508772","Sulfamethazine","HMDB0015522","0","172773.328125","19888872","1","0","false","0.00044887044350616634",""
"Pacific Northwest National Laboratory","20201130_jl_lungmap_agarose_1","2020-12-01_22h59m24s","CH2Cl2","M+Na","","CH2Cl2+Na+","106.942576147","0.0049542924","0.5","0.006104606036327592","0.8293059405412868","0.978609062170706","Dichloromethane","HMDB0031548","0","213412","108999152","1","0","false","0.00002647339533723425",""
"Pacific Northwest National Laboratory","20201130_jl_lungmap_agarose_1","2020-12-01_22h59m24s","C20H16O4S","M+H","","C20H16O4S+H+","353.08420659700005","0.004960772","0.5","0.005335527463973495","0.9363443223105608","0.9929705215419501","7-Hydroxymethyl-12-methylbenz[a]anthracene sulfate","HMDB0060420","0","194678.703125","41096092","1","1","false","0.0002799650246743113","C14H18O9+Na+"
"Pacific Northwest National Laboratory","20201130_jl_lungmap_agarose_1","2020-12-01_22h59m24s","C17H20O10","M+Na","","C17H20O10+Na+","407.094867523","0.004964505","0.5","0.005315634128269978","0.948248490547523","0.9849148418491485","Eleutheroside B1, Tomenin, 5-(3',5'-Dihydroxyphenyl)-gamma-valerolactone 3-O-glucuronide, 5-(3',4'-Dihydroxyphenyl)-gamma-valerolactone-4'-O-glucuronide, 3,4,5-trihydroxy-6-{2-hydroxy-4-[(5-oxooxolan-2-yl)methyl]phenoxy}oxane-2-carboxylic acid, 3,4,5-trihydroxy-6-{2-hydroxy-5-[(5-oxooxolan-2-yl)methyl]phenoxy}oxane-2-carboxylic acid, 3,4,5-trihydroxy-6-{4-[(1Z)-2-hydroxy-3-oxobut-1-en-1-yl]-2-methoxyphenoxy}oxane-2-carboxylic acid, 3,4,5-trihydroxy-6-[3-hydroxy-2-methoxy-6-(3-oxobut-1-en-1-yl)phenoxy]oxane-2-carboxylic acid, 3,4,5-trihydroxy-6-[3-hydroxy-2-methoxy-4-(3-oxobut-1-en-1-yl)phenoxy]oxane-2-carboxylic acid, 3,4,5-trihydroxy-6-[5-hydroxy-4-methoxy-2-(3-oxobut-1-en-1-yl)phenoxy]oxane-2-carboxylic acid, 3,4,5-trihydroxy-6-[5-hydroxy-2-methoxy-4-(3-oxobut-1-en-1-yl)phenoxy]oxane-2-carboxylic acid, 3,4,5-trihydroxy-6-[2-hydroxy-3-methoxy-5-(3-oxobut-1-en-1-yl)phenoxy]oxane-2-carboxylic acid, 3,4,5-trihydroxy-6-[2-hydroxy-6-methoxy-4-(3-oxobut-1-en-1-yl)phenoxy]oxane-2-carboxylic acid, 6-[4-(3-acetyloxiran-2-yl)-2-methoxyphenoxy]-3,4,5-trihydroxyoxane-2-carboxylic acid, 3,4,5-trihydroxy-6-[4-(4-hydroxy-3-oxobut-1-en-1-yl)-2-methoxyphenoxy]oxane-2-carboxylic acid","HMDB0029549, HMDB0033900, HMDB0041693, HMDB0059989, HMDB0127730, HMDB0127731, HMDB0135677, HMDB0135682, HMDB0135683, HMDB0135684, HMDB0135685, HMDB0135686, HMDB0135687, HMDB0135690, HMDB0135694","0","221180.296875","19900420","15","0","false","0.00043424556497484446",""
"Pacific Northwest National Laboratory","20201130_jl_lungmap_agarose_1","2020-12-01_22h59m24s","C5H13NO","M+H","","C5H13NO+H+","104.10699047099999","0.004973252","0.5","0.005343701817148601","0.9479482772267583","0.9817786693413574","Neurine","HMDB0031259","0","234446.28125","112864816","1","0","false","0.00003296924478490837",""
"Pacific Northwest National Laboratory","20201130_jl_lungmap_agarose_1","2020-12-01_22h59m24s","C6H11NOS2","M+H","","C6H11NOS2+H+","178.03548274699997","0.005001694","0.5","0.0051637242899872675","0.9714745126092064","0.9970631424375918","Sulforaphane","HMDB0005792","0","175154.34375","28731418","1","0","false","0.0001408894022461027",""
"Pacific Northwest National Laboratory","20201130_jl_lungmap_agarose_1","2020-12-01_22h59m24s","C10H9N","M+H","","C10H9N+H+","144.080775723","0.0050038933","0.5","0.005197424725168869","0.9702935653114604","0.9922398589065256","6-Methylquinoline, 2-Aminonaphthalene, Quinaldine","HMDB0033115, HMDB0041802, HMDB0042004","0","166582.984375","47600236","3","0","false","0.00001700130451354198",""
"Pacific Northwest National Laboratory","20201130_jl_lungmap_agarose_1","2020-12-01_22h59m24s","C3H7NO4S","M+H","","C3H7NO4S+H+","154.016855309","0.005008317","0.5","0.005059313278850657","0.9919600845327897","0.9979437229437229","3-Sulfinoalanine, 3-Sulfinato-L-alaninate","HMDB0000996, HMDB0060179","0","182301.328125","38846688","2","0","false","0.00003443707464612089",""
"Pacific Northwest National Laboratory","20201130_jl_lungmap_agarose_1","2020-12-01_22h59m24s","C10H14O2","M+Na","","C10H14O2+Na+","189.08860037099998","0.005015456","0.5","0.005183071515303296","0.9716445980508142","0.9959001782531194","6-Pentyl-2H-pyran-2-one, 2-tert-Butyl-1,4-benzenediol, 1,1-Dimethoxy-2-phenylethane, Perillic acid, Wine lactone, 2-Methoxy-4-propylphenol, Pentyl 2-furyl ketone, alpha-Teresantalic acid, Epinepetalactone, 2,4,7-Decatrienoic acid, Perilla ketone, Marmelolactone A, Isomintlactone, 1,4-Epidioxy-p-mentha-2,8-diene, 1,2:3,4-Diepoxy-p-menth-8-ene, 5-Hydroxy-p-mentha-6,8-dien-2-one, 2-Hydroxy-p-mentha-1,8-dien-6-one, Rotundifolone, (1xi,4xi,6xi)-Carvone oxide, 4-Ethyl-1,2-dimethoxybenzene, 3-Hydroxy-p-mentha-1,8-dien-7-al, Karahana lactone, 2-(4-methoxyphenyl)propan-2-ol, 1-ethyl-3,5-dimethoxybenzene, 3-(4-methoxyphenyl)propan-1-ol","HMDB0031085, HMDB0032062, HMDB0032615, HMDB0004586, HMDB0029691, HMDB0032135, HMDB0032462, HMDB0034922, HMDB0035063, HMDB0035235, HMDB0035328, HMDB0036042, HMDB0036084, HMDB0036878, HMDB0036879, HMDB0037011, HMDB0037012, HMDB0037044, HMDB0039382, HMDB0040176, HMDB0041584, HMDB0041000, HMDB0062603, HMDB0127496, HMDB0135742","0","162707.734375","23652706","25","0","false","0.0012361806584522128",""
"Pacific Northwest National Laboratory","20201130_jl_lungmap_agarose_1","2020-12-01_22h59m24s","C9H12O7S","M+H","","C9H12O7S+H+","265.03765032900003","0.0050195777","0.5","0.005190809856420382","0.9709543720710943","0.995940170940171","3-Methoxy-4-hydroxyphenylethyleneglycol sulfate, 3-Methoxy-4-Hydroxyphenylglycol sulfate","HMDB0000559, HMDB0003332","0","195294.9375","20388674","2","0","false","0.0008984229643829167",""
"Pacific Northwest National Laboratory","20201130_jl_lungmap_agarose_1","2020-12-01_22h59m24s","C12H24","M+Na","","C12H24+Na+","191.17702145099997","0.0050221854","0.5","0.005235921596095446","0.9690594900834432","0.9898039215686274","(+/-)-N,N-Dimethyl menthyl succinamide, 1-Dodecene, (Z)-3-Dodecene, (E)-2-Dodecene, (E)-3-Dodecene, 4,6,8-trimethyl-1-nonene, 2,2,4,6,6-Pentamethyl-3-heptene, Nonyl cyclopropane, 3-Methyl-2-undecene (Z)","HMDB0032236, HMDB0059874, HMDB0061820, HMDB0061819, HMDB0061821, HMDB0062786, HMDB0094665, HMDB0094666, HMDB0094667","0","182464.234375","31949372","9","0","false","0.0005069902981631458",""
"Pacific Northwest National Laboratory","20201130_jl_lungmap_agarose_1","2020-12-01_22h59m24s","C6H9NO4","M+Na","","C6H9NO4+Na+","182.042378451","0.00502316","0.5","0.0051200542496957725","0.983902864718541","0.9971264367816092","L-2-Amino-4-methylenepentanedioic acid, L-trans-alpha-Amino-2-carboxycyclopropaneacetic acid","HMDB0029433, HMDB0034442","0","180746.625","29568036","2","0","false","0.0007544118561781943",""
"Pacific Northwest National Laboratory","20201130_jl_lungmap_agarose_1","2020-12-01_22h59m24s","C8H18OS","M+Na","","C8H18OS+Na+","185.09705704899997","0.0050389105","0.5","0.005202240604825906","0.976777733028026","0.9916317991631799","(S1)-Methoxy-3-heptanethiol","HMDB0032380","0","171801.828125","30579302","1","0","false","0.00002970980858663097",""
"Pacific Northwest National Laboratory","20201130_jl_lungmap_agarose_1","2020-12-01_22h59m24s","C7H10O2S","M+H","","C7H10O2S+H+","159.047427165","0.0050488627","0.5","0.005178251848799871","0.9773399603020191","0.9976190476190476","S-(4,5-Dihydro-2-methyl-3-furanyl) ethanethioate","HMDB0037786","0","181193.671875","35368008","1","0","false","0.00014627889322582632",""
"Pacific Northwest National Laboratory","20201130_jl_lungmap_agarose_1","2020-12-01_22h59m24s","C2H2Cl2O","M+H","","C2H2Cl2O+H+","112.955546519","0.0050554858","0.5","0.006253828866403016","0.8229896673234909","0.9822510822510823","1,1-Dichloroethylene epoxide, 2,2-Dichloroacetaldehyde, Chloroacetyl chloride","HMDB0060333, HMDB0060357, HMDB0060452","0","232156.65625","99319168","3","0","false","0.000010537428352108691",""
"Pacific Northwest National Laboratory","20201130_jl_lungmap_agarose_1","2020-12-01_22h59m24s","C3H8N2O2","M+H","","C3H8N2O2+H+","105.06585393099999","0.0050615557","0.5","0.005471800444497239","0.9458039263966758","0.978031053848695","2,3-Diaminopropionic acid","HMDB0002006","0","281244.96875","114992912","1","0","false","0.000004236547738400986",""
"Pacific Northwest National Laboratory","20201130_jl_lungmap_agarose_1","2020-12-01_22h59m24s","C7H9NO2","M+H","","C7H9NO2+H+","140.070604963","0.0050759865","0.5","0.005243470766100626","0.9756561792594689","0.9922127255460589","3,4-Dihydroxybenzylamine, 5-Acetyl-2,4-dimethyloxazole, Ethyl 2-pyrrolecarboxylate","HMDB0012153, HMDB0038174, HMDB0059856","0","173022.703125","43809160","3","0","false","0.00010534736065892503",""
"Pacific Northwest National Laboratory","20201130_jl_lungmap_agarose_1","2020-12-01_22h59m24s","C12H9N3O5S","M+Na","","C12H9N3O5S+Na+","330.015512241","0.0050964933","0.5","0.00535900810664312","0.9526651918234328","0.9982670744138634","Nitazoxanide","HMDB0014649","0","235790.75","48449192","1","0","false","0.00007146724237827584",""
"Pacific Northwest National Laboratory","20201130_jl_lungmap_agarose_1","2020-12-01_22h59m24s","C18H23N2S","M+H","","C18H23N2S+H+","300.165471341","0.0051013688","0.5","0.0054486162263915824","0.94153938853224","0.9944020356234097","Thiazinamium","HMDB0240235","0","172444.71875","17394204","1","1","false","0.00010537268099142238","C19H22N2+Na+"
"Pacific Northwest National Laboratory","20201130_jl_lungmap_agarose_1","2020-12-01_22h59m24s","C20H18ClNO4","M+Na","","C20H18ClNO4+Na+","394.0816564390001","0.0051044202","0.5","0.00599375284205618","0.8550899874507885","0.995945945945946","Berberine chloride","HMDB0041837","0","229745.171875","43368640","1","0","false","0.00006600064079975709",""
"Pacific Northwest National Laboratory","20201130_jl_lungmap_agarose_1","2020-12-01_22h59m24s","C10H15N4O14P3","M+H","","C10H15N4O14P3+H+","508.987038595","0.0051055346","0.5","0.005352290605370627","0.9632809798441467","0.990258449304175","Inosine triphosphate","HMDB0000189","0","251529.75","80635176","1","0","false","0.0001934352912940085",""
"Pacific Northwest National Laboratory","20201130_jl_lungmap_agarose_1","2020-12-01_22h59m24s","C2H6S3","M+Na","","C2H6S3+Na+","148.952384385","0.005116109","0.5","0.005310155254023087","0.9700669191121984","0.9931865828092243","Dimethyl trisulfide","HMDB0013780","0","172957.234375","40234940","1","0","false","0.00005453952690004371",""
"Pacific Northwest National Laboratory","20201130_jl_lungmap_agarose_1","2020-12-01_22h59m24s","C13H15NO","M+H","","C13H15NO+H+","202.122640535","0.0051175836","0.5","0.005377227617024973","0.9544981295062651","0.9970833333333333","2,3-Dihydro-6-methyl-5-(5-methyl-2-furanyl)-1H-pyrrolizine, (E)-1-Cinnamoylpyrrolidine","HMDB0040007, HMDB0038835","0","177420.078125","30841572","2","0","false","0.0000342812345479615",""
"Pacific Northwest National Laboratory","20201130_jl_lungmap_agarose_1","2020-12-01_22h59m24s","C21H24O13S","M+H","","C21H24O13S+H+","517.101038433","0.005117612","0.5","0.005674755311904171","0.9218801477067693","0.9782407407407407","(3-{3,5,7-trihydroxy-6-[3,4,5-trihydroxy-6-(hydroxymethyl)oxan-2-yl]-3,4-dihydro-2H-1-benzopyran-2-yl}phenyl)oxidanesulfonic acid, ({3,4,5-trihydroxy-6-[3,5,7-trihydroxy-2-(3-hydroxyphenyl)-3,4-dihydro-2H-1-benzopyran-6-yl]oxan-2-yl}methoxy)sulfonic acid, [4,5-dihydroxy-2-(hydroxymethyl)-6-[3,5,7-trihydroxy-2-(3-hydroxyphenyl)-3,4-dihydro-2H-1-benzopyran-6-yl]oxan-3-yl]oxidanesulfonic acid, [3,5-dihydroxy-2-(hydroxymethyl)-6-[3,5,7-trihydroxy-2-(3-hydroxyphenyl)-3,4-dihydro-2H-1-benzopyran-6-yl]oxan-4-yl]oxidanesulfonic acid, [4,5-dihydroxy-6-(hydroxymethyl)-2-[3,5,7-trihydroxy-2-(3-hydroxyphenyl)-3,4-dihydro-2H-1-benzopyran-6-yl]oxan-3-yl]oxidanesulfonic acid, (3-{3,5,7-trihydroxy-8-[3,4,5-trihydroxy-6-(hydroxymethyl)oxan-2-yl]-3,4-dihydro-2H-1-benzopyran-2-yl}phenyl)oxidanesulfonic acid, ({3,4,5-trihydroxy-6-[3,5,7-trihydroxy-2-(3-hydroxyphenyl)-3,4-dihydro-2H-1-benzopyran-8-yl]oxan-2-yl}methoxy)sulfonic acid, [4,5-dihydroxy-2-(hydroxymethyl)-6-[3,5,7-trihydroxy-2-(3-hydroxyphenyl)-3,4-dihydro-2H-1-benzopyran-8-yl]oxan-3-yl]oxidanesulfonic acid, [3,5-dihydroxy-2-(hydroxymethyl)-6-[3,5,7-trihydroxy-2-(3-hydroxyphenyl)-3,4-dihydro-2H-1-benzopyran-8-yl]oxan-4-yl]oxidanesulfonic acid, [4,5-dihydroxy-6-(hydroxymethyl)-2-[3,5,7-trihydroxy-2-(3-hydroxyphenyl)-3,4-dihydro-2H-1-benzopyran-8-yl]oxan-3-yl]oxidanesulfonic acid, [3-(3-oxo-3-{2,4,6-trihydroxy-3-[3,4,5-trihydroxy-6-(hydroxymethyl)oxan-2-yl]phenyl}propyl)phenyl]oxidanesulfonic acid, [(3,4,5-trihydroxy-6-{2,4,6-trihydroxy-3-[3-(3-hydroxyphenyl)propanoyl]phenyl}oxan-2-yl)methoxy]sulfonic acid, [4,5-dihydroxy-2-(hydroxymethyl)-6-{2,4,6-trihydroxy-3-[3-(3-hydroxyphenyl)propanoyl]phenyl}oxan-3-yl]oxidanesulfonic acid, [3,5-dihydroxy-2-(hydroxymethyl)-6-{2,4,6-trihydroxy-3-[3-(3-hydroxyphenyl)propanoyl]phenyl}oxan-4-yl]oxidanesulfonic acid, [4,5-dihydroxy-6-(hydroxymethyl)-2-{2,4,6-trihydroxy-3-[3-(3-hydroxyphenyl)propanoyl]phenyl}oxan-3-yl]oxidanesulfonic acid","HMDB0126698, HMDB0126699, HMDB0126700, HMDB0126701, HMDB0126702, HMDB0126733, HMDB0126734, HMDB0126735, HMDB0126736, HMDB0126737, HMDB0132686, HMDB0132687, HMDB0132688, HMDB0132689, HMDB0132690","0","262721.90625","46700632","15","0","false","0.000054241809266386554",""
"Pacific Northwest National Laboratory","20201130_jl_lungmap_agarose_1","2020-12-01_22h59m24s","C4H10N2","M+Na","","C4H10N2+Na+","109.07361900299999","0.005125877","0.5","0.005462252116780984","0.9549219106835496","0.9827172827172828","Piperazine","HMDB0014730","0","286736.5","115790264","1","0","false","0.00005530081398319453",""
"Pacific Northwest National Laboratory","20201130_jl_lungmap_agarose_1","2020-12-01_22h59m24s","C9H15N2O6","M+Na","","C9H15N2O6+Na+","270.082231883","0.005127682","0.5","0.00528036350798005","0.9758241101202896","0.9951434878587196","Threoninyl-Glutamate","HMDB0029060","0","165089.15625","19589666","1","0","false","0.0003057168214581907",""
"Pacific Northwest National Laboratory","20201130_jl_lungmap_agarose_1","2020-12-01_22h59m24s","C14H15NO8","M+Na","","C14H15NO8+Na+","348.068987123","0.005127866","0.5","0.0054483369215004036","0.9588413618731124","0.981580547112462","Dihyroxy-1H-indole glucuronide I","HMDB0059997","0","950508","329849824","1","1","false","0.00011420708324294537","C10H14N5O7P+H+"
"Pacific Northwest National Laboratory","20201130_jl_lungmap_agarose_1","2020-12-01_22h59m24s","C9H7NO5S","M+H","","C9H7NO5S+H+","242.011769929","0.0051340135","0.5","0.005297028305931441","0.9720564510459009","0.9970873786407767","Indole-3-carboxilic acid-O-sulphate","HMDB0060002","0","198325.171875","26359318","1","0","false","0.00028469241806305945",""
"Pacific Northwest National Laboratory","20201130_jl_lungmap_agarose_1","2020-12-01_22h59m24s","C9H15NO","M+Na","","C9H15NO+Na+","176.10458478299998","0.0051360875","0.5","0.005275335578065982","0.9765988451221429","0.9969333333333333","2-Ethyl-4-methyl-5-propyloxazole, 4-Ethyl-2-methyl-5-propyloxazole, 5-Ethyl-4-methyl-2-(1-methylethyl)oxazole, 2-Butyl-4,5-dimethyloxazole, 5-Ethyl-2-methyl-4-propyloxazole, 4-Ethyl-5-methyl-2-(1-methylethyl)oxazole, 4-Butyl-2,5-dimethyloxazole, 2-Isobutyl-4,5-dimethyloxazole, 4-Ethyl-5-methyl-2-propyloxazole, 5-Butyl-2,4-dimethyloxazole, psi-Pelletierine, 2-Methyl-4-pentyloxazole, 4-Methyl-2-pentyloxazole, 5-Butyl-2-ethyloxazole","HMDB0037872, HMDB0037873, HMDB0037874, HMDB0037875, HMDB0037876, HMDB0037878, HMDB0037879, HMDB0037880, HMDB0037881, HMDB0037882, HMDB0034580, HMDB0037856, HMDB0037857, HMDB0037862","0","175922.59375","31836866","14","0","false","0.000039256690797628835",""
"Pacific Northwest National Laboratory","20201130_jl_lungmap_agarose_1","2020-12-01_22h59m24s","C21H28O6","M+Na","","C21H28O6+Na+","399.177809299","0.0051448215","0.5","0.005580006436161394","0.9336334714345741","0.9875502008032129","18-Oxocortisol, 11,12,14-Trihydroxy-7-methoxy-8,11,13-abietatrien-20,6-olide, 12alpha-Hydroxy-13,18-dehydroparain, 16α-hydroxyprednisolone","HMDB0000332, HMDB0031932, HMDB0039557, HMDB0061016","0","211955.171875","24269936","4","0","false","0.002102756639942527",""
"Pacific Northwest National Laboratory","20201130_jl_lungmap_agarose_1","2020-12-01_22h59m24s","C7H16OS","M+Na","","C7H16OS+Na+","171.08140698499997","0.0051755845","0.5","0.005294476422881241","0.9798918241179148","0.9976041666666666","R-3-(Methylthio)-1-hexanol","HMDB0040153","0","177977.640625","40752660","1","1","false","0.000016063479051808827","C12H10O+H+"
"Pacific Northwest National Laboratory","20201130_jl_lungmap_agarose_1","2020-12-01_22h59m24s","C2H4Cl2","M+Na","","C2H4Cl2+Na+","120.958226211","0.0051759016","0.5","0.006410052869151719","0.8167986876174707","0.9885744234800838","1,2-Dichloroethane","HMDB0029571","0","186062.265625","75974712","1","0","false","0.00017116384697146714",""
"Pacific Northwest National Laboratory","20201130_jl_lungmap_agarose_1","2020-12-01_22h59m24s","C15H13ClFNO3","M+Na","","C15H13ClFNO3+Na+","332.04601981900004","0.0052219806","0.5","0.006054553392881029","0.8641581737252488","0.9980674313521029","Hydroxylumiracoxib","HMDB0060927","0","579351.25","1939018240","1","2","false","0.00001517282726126723","C14H14O6S+Na+, C16H11ClN4O+Na+"
"Pacific Northwest National Laboratory","20201130_jl_lungmap_agarose_1","2020-12-01_22h59m24s","C13H8O6","M+Na","","C13H8O6+Na+","283.021308659","0.0052271397","0.5","0.005491082256148808","0.9646841112302453","0.9867816091954023","Urolithin D","HMDB0029219","0","197681.078125","56189320","1","0","false","0.000019438153685769066",""
"Pacific Northwest National Laboratory","20201130_jl_lungmap_agarose_1","2020-12-01_22h59m24s","C13H21NO","M+Na","","C13H21NO+Na+","230.15153497499998","0.0052312175","0.5","0.005455990001195046","0.9616449416227487","0.9970443349753695","N-Desmethyl tapentadol","HMDB0060611","0","192532.40625","25769618","1","0","false","0.00008879620872903615",""
"Pacific Northwest National Laboratory","20201130_jl_lungmap_agarose_1","2020-12-01_22h59m24s","C26H24O14","M+H","","C26H24O14+H+","561.123881883","0.0052388185","0.5","0.006015879985572255","0.9084470129885116","0.95859375","3,4,5-trihydroxy-6-({11,17,18-trimethoxy-13-oxo-6,8,20-trioxapentacyclo[10.8.0.0²,⁹.0³,⁷.0¹⁴,¹⁹]icosa-1(12),2(9),4,10,14(19),15,17-heptaen-15-yl}oxy)oxane-2-carboxylic acid","HMDB0128903","0","401657.625","234691360","1","1","false","0.00000678322248859331","C24H26O14+Na+"
"Pacific Northwest National Laboratory","20201130_jl_lungmap_agarose_1","2020-12-01_22h59m24s","C8H8NO2","M+H","","C8H8NO2+H+","151.062779931","0.005241973","0.5","0.005408373136068158","0.9790522499035522","0.9899705014749263","Aminochrome o-semiquinone","HMDB0060279","0","171244.046875","42485808","1","0","false","0.000041835908632492647",""
"Pacific Northwest National Laboratory","20201130_jl_lungmap_agarose_1","2020-12-01_22h59m24s","C5H10OS2","M+H","","C5H10OS2+H+","151.02458371499998","0.0052439384","0.5","0.005390950615575938","0.9747863201054547","0.9978902953586498","2-Methyl-2-(methyldithio)propanal","HMDB0038889","0","180136.484375","39600296","1","0","false","0.00004006957897217944",""
"Pacific Northwest National Laboratory","20201130_jl_lungmap_agarose_1","2020-12-01_22h59m24s","C6H14O6S2","M+H","","C6H14O6S2+H+","247.03045694299996","0.005244741","0.5","0.005437835705059671","0.9685492576971144","0.9958095238095238","Busulfan","HMDB0015143","0","172983.984375","22744110","1","0","false","0.00010194470814894885",""
"Pacific Northwest National Laboratory","20201130_jl_lungmap_agarose_1","2020-12-01_22h59m24s","C28H46N2O4","M+Na","","C28H46N2O4+Na+","497.334978635","0.0052450723","0.5","0.005872254457450194","0.906668283073204","0.9851405622489959","Dehydrocarpaine II","HMDB0030273","0","253888.203125","40878264","1","0","false","0.00008530500053893775",""
"Pacific Northwest National Laboratory","20201130_jl_lungmap_agarose_1","2020-12-01_22h59m24s","C16H15NO4","M+Na","","C16H15NO4+Na+","308.08932864300004","0.00524685","0.5","0.005574085427150508","0.9542610311770507","0.9864108450858204","Arborinine","HMDB0030177","0","695083.5625","506949920","1","0","false","0.000026213654564344324",""
"Pacific Northwest National Laboratory","20201130_jl_lungmap_agarose_1","2020-12-01_22h59m24s","C6H10O","M+Na","","C6H10O+Na+","121.062385623","0.0052576885","0.5","0.005455085342381481","0.9752667162147015","0.9882569773565034","(Z)-2-Hexenal, (Z)-4-Hexenal, Cyclohexanone, 2-Methyl-4-pentenal, 4-Methyl-2-pentenal, 2-Hexenal, 3-Hexenal, (Z)-3-Hexenal, 4-Methyl-3-penten-2-one,9CI, 4-Methyl-4-penten-2-one, (E)-4-Hexenal, 2-Methyl-2-pentenal, 4-Hexen-3-one","HMDB0040264, HMDB0040271, HMDB0003315, HMDB0030332, HMDB0031196, HMDB0031496, HMDB0031497, HMDB0031498, HMDB0031563, HMDB0031564, HMDB0033549, HMDB0033714, HMDB0035239","0","173038.171875","75920088","13","0","false","0.000013524209862225689",""
"Pacific Northwest National Laboratory","20201130_jl_lungmap_agarose_1","2020-12-01_22h59m24s","C19H26N2O2","M+H","","C19H26N2O2+H+","315.20670450700004","0.005262115","0.5","0.005584648304436285","0.947050353355894","0.994927536231884","Rhazidigenine Nb-oxide","HMDB0030263","0","177536.0625","18649570","1","0","false","0.00024093488173093647",""
"Pacific Northwest National Laboratory","20201130_jl_lungmap_agarose_1","2020-12-01_22h59m24s","C30H48O5","M+H","","C30H48O5+H+","489.357451071","0.005269509","0.5","0.0058900633839494105","0.8991762147011305","0.994959349593496","Pitheduloside I, Arjunolic acid, Camelliagenin B, Madasiatic acid, Esculentic acid (Diplazium), Hovenolactone, Centellasapogenol A, Glyyunnansapogenin B, Euscaphic acid, (3beta,6alpha,19alpha)-3,6,19-Trihydroxy-12-ursen-28-oic acid, Ganoderiol D, Ananasic acid, 16beta-Hydroxystellatogenin, 21beta-Hydroxyhederagenin","HMDB0034036, HMDB0034502, HMDB0034531, HMDB0035118, HMDB0035782, HMDB0035957, HMDB0036311, HMDB0036639, HMDB0036651, HMDB0036961, HMDB0037782, HMDB0038116, HMDB0040391, HMDB0041039","0","275023.75","32110200","14","0","false","0.000037188550777500495",""
"Pacific Northwest National Laboratory","20201130_jl_lungmap_agarose_1","2020-12-01_22h59m24s","C16H26N2O16P2","M+Na","","C16H26N2O16P2+Na+","587.064977435","0.005269589","0.5","0.005618452642107818","0.942434470276128","0.9951965065502183","dTDP-D-glucose, dTDP-D-galactose","HMDB0001328, HMDB0006876","0","294297.75","36686728","2","0","false","0.00021799333626404405",""
"Pacific Northwest National Laboratory","20201130_jl_lungmap_agarose_1","2020-12-01_22h59m24s","C13H12O5","M+H","","C13H12O5+H+","249.075749919","0.005273505","0.5","0.00547916369270279","0.9666682172703108","0.9956521739130435","Coriandrone E","HMDB0029971","0","171279.28125","20717474","1","0","false","0.00031429651426151395",""
"Pacific Northwest National Laboratory","20201130_jl_lungmap_agarose_1","2020-12-01_22h59m24s","C6H14FO3P","M+Na","","C6H14FO3P+Na+","207.05568015099996","0.005285137","0.5","0.0054072799458797045","0.980103265598402","0.9972534332084894","Isoflurophate","HMDB0014815","0","170406.21875","33950556","1","0","false","0.00011676714348141104",""
"Pacific Northwest National Laboratory","20201130_jl_lungmap_agarose_1","2020-12-01_22h59m24s","C5H11N3O4","M+H","","C5H11N3O4+H+","178.08223226699997","0.005286966","0.5","0.005388634235488402","0.9856075461470571","0.9954599761051374","O-Ureidohomoserine","HMDB0012271","0","188888.515625","35660524","1","0","false","0.00008484355930704623",""
"Pacific Northwest National Laboratory","20201130_jl_lungmap_agarose_1","2020-12-01_22h59m24s","C17H30O","M+H","","C17H30O+H+","251.236942015","0.0052877483","0.5","0.005584298459847051","0.9496350588966449","0.9971153846153846","(Z)-9-Cycloheptadecen-1-one, 8,11-Heptadecadienal","HMDB0031336, HMDB0041334","0","193047.65625","26967746","2","0","false","0.0001309211365878582",""
"Pacific Northwest National Laboratory","20201130_jl_lungmap_agarose_1","2020-12-01_22h59m24s","C10H8F2O3","M+H","","C10H8F2O3+H+","215.051426871","0.0053061876","0.5","0.005495568700685747","0.9713094251955537","0.994059405940594","fluorobenzoylpropionic acid","HMDB0060951","0","198654.84375","25683738","1","0","false","0.00042634623241610825",""
"Pacific Northwest National Laboratory","20201130_jl_lungmap_agarose_1","2020-12-01_22h59m24s","C8H10S","M+H","","C8H10S+H+","139.05759792499998","0.0053072455","0.5","0.0054477760684588745","0.976237888668141","0.9979166666666667","2-Phenylethanethiol, Benzyl methyl sulfide, 2,6-Dimethylbenzenethiol, (+/-)-1-Phenylethylmercaptan, 2-Ethylbenzenethiol","HMDB0032637, HMDB0031314, HMDB0032019, HMDB0032467, HMDB0041361","0","177660.90625","44080256","5","0","false","0.00006649333226960152",""
"Pacific Northwest National Laboratory","20201130_jl_lungmap_agarose_1","2020-12-01_22h59m24s","C17H17N3O4S","M+Na","","C17H17N3O4S+Na+","382.08319787700003","0.005317399","0.5","0.005691161714008677","0.9413323788397132","0.9925566343042072","N-Desmethyl-O-hydroxy rosiglitazone, N-Desmethyl-p-hydroxyrosiglitazone","HMDB0060836, HMDB0060838","0","221535.375","76315896","2","3","false","0.00008852119208313525","C18H19ClN4O+K+, C15H18O10+Na+, C17H14F3N3O2S+H+"
"Pacific Northwest National Laboratory","20201130_jl_lungmap_agarose_1","2020-12-01_22h59m24s","C17H14F3N3O2S","M+H","","C17H14F3N3O2S+H+","382.083158773","0.0053176414","0.5","0.005690875270113455","0.9414227092175915","0.9925566343042072","Celecoxib","HMDB0005014","0","221535.375","76315896","1","3","false","0.00008852119208313525","C18H19ClN4O+K+, C15H18O10+Na+, C17H17N3O4S+Na+"
"Pacific Northwest National Laboratory","20201130_jl_lungmap_agarose_1","2020-12-01_22h59m24s","C11H16O7","M+Na","","C11H16O7+Na+","283.078823535","0.005331378","0.5","0.005726329709175789","0.958850559324486","0.9709842663739481","3-Furanmethanol glucoside","HMDB0032924","0","219496.984375","128133360","1","2","false","0.00031358838896267116","C9H14N3O6+Na+, C13H14N2O4+Na+"
"Pacific Northwest National Laboratory","20201130_jl_lungmap_agarose_1","2020-12-01_22h59m24s","C10H12O5","M+H","","C10H12O5+H+","213.075749919","0.005332935","0.5","0.005521439633138854","0.9695530657395307","0.9961904761904762","Propyl gallate, Eudesmic acid, Vanillactic acid, Danielone, Valtrate, 2,3-Dihydroxy-1-(4-hydroxy-3-methoxyphenyl)-1-propanone, 3,4-Dihydroxyphenyllactic acid methyl ester, 3-(3,4-Dihydroxyphenyl)-2-methoxypropionic acid, 3-Hydroxy-4-methoxyphenyllactic acid, beta-(2-Methoxyphenoxy)-lactic acid, 3-(2,4-dihydroxy-5-methoxyphenyl)propanoic acid, 3-(3,4-dihydroxy-5-methoxyphenyl)propanoic acid, 3-(2,4-dihydroxy-3-methoxyphenyl)propanoic acid, 2-(2,5-dihydroxy-4-methoxyphenyl)propanoic acid, 2-(2,3-dihydroxy-4-methoxyphenyl)propanoic acid, 2-(4-hydroxy-3,5-dimethoxyphenyl)acetic acid, 3-hydroxy-3-(4-hydroxy-3-methoxyphenyl)propanoic acid, 2,3,4-trimethoxybenzoic acid","HMDB0033835, HMDB0033839, HMDB0000913, HMDB0031704, HMDB0034493, HMDB0041286, HMDB0041661, HMDB0041663, HMDB0041665, HMDB0060557, HMDB0125520, HMDB0125526, HMDB0125540, HMDB0125013, HMDB0129354, HMDB0131424, HMDB0133486, HMDB0142083","0","155969.28125","26760036","18","1","false","0.0004081083170603961","C6H14N4O2+K+"
"Pacific Northwest National Laboratory","20201130_jl_lungmap_agarose_1","2020-12-01_22h59m24s","C13H14O10","M+H","","C13H14O10+H+","331.065973083","0.005350517","0.5","0.0055880004996417786","0.9632914258177679","0.9939890710382514","6-(2-formyl-3,5-dihydroxyphenoxy)-3,4,5-trihydroxyoxane-2-carboxylic acid, 6-(4-formyl-3,5-dihydroxyphenoxy)-3,4,5-trihydroxyoxane-2-carboxylic acid, 6-(4-carboxy-2-hydroxyphenoxy)-3,4,5-trihydroxyoxane-2-carboxylic acid, 6-(5-carboxy-2-hydroxyphenoxy)-3,4,5-trihydroxyoxane-2-carboxylic acid, 6-(3,4-dihydroxybenzoyloxy)-3,4,5-trihydroxyoxane-2-carboxylic acid, 6-(4-carboxy-3-hydroxyphenoxy)-3,4,5-trihydroxyoxane-2-carboxylic acid, 6-(2-carboxy-5-hydroxyphenoxy)-3,4,5-trihydroxyoxane-2-carboxylic acid, 6-(2,4-dihydroxybenzoyloxy)-3,4,5-trihydroxyoxane-2-carboxylic acid, 6-(3-carboxy-5-hydroxyphenoxy)-3,4,5-trihydroxyoxane-2-carboxylic acid, 6-(3,5-dihydroxybenzoyloxy)-3,4,5-trihydroxyoxane-2-carboxylic acid, 6-(3-carboxy-2-hydroxyphenoxy)-3,4,5-trihydroxyoxane-2-carboxylic acid, 6-(2-carboxy-6-hydroxyphenoxy)-3,4,5-trihydroxyoxane-2-carboxylic acid, 6-(2,3-dihydroxybenzoyloxy)-3,4,5-trihydroxyoxane-2-carboxylic acid, 6-(3-carboxy-4-hydroxyphenoxy)-3,4,5-trihydroxyoxane-2-carboxylic acid, 6-(2-carboxy-4-hydroxyphenoxy)-3,4,5-trihydroxyoxane-2-carboxylic acid, 6-(2,5-dihydroxybenzoyloxy)-3,4,5-trihydroxyoxane-2-carboxylic acid","HMDB0125146, HMDB0125147, HMDB0124990, HMDB0124991, HMDB0124992, HMDB0126444, HMDB0126445, HMDB0126446, HMDB0126655, HMDB0126656, HMDB0134102, HMDB0134103, HMDB0134104, HMDB0134109, HMDB0134110, HMDB0134111","0","179923.96875","16405500","16","0","false","0.0003334220964461565",""
"Pacific Northwest National Laboratory","20201130_jl_lungmap_agarose_1","2020-12-01_22h59m24s","C44H72NO8P","M+H","","C44H72NO8P+H+","774.5068316989999","0.005364244","0.5","0.0067278843469939726","0.8408544952116874","0.948220064724919","PC(18:4(6Z,9Z,12Z,15Z)/18:4(6Z,9Z,12Z,15Z)), PE-NMe(18:3(6Z,9Z,12Z)/20:5(5Z,8Z,11Z,14Z,17Z)), PE-NMe(18:3(9Z,12Z,15Z)/20:5(5Z,8Z,11Z,14Z,17Z)), PE-NMe(18:4(6Z,9Z,12Z,15Z)/20:4(5Z,8Z,11Z,14Z)), PE-NMe(18:4(6Z,9Z,12Z,15Z)/20:4(8Z,11Z,14Z,17Z)), PE-NMe(20:4(5Z,8Z,11Z,14Z)/18:4(6Z,9Z,12Z,15Z)), PE-NMe(20:4(8Z,11Z,14Z,17Z)/18:4(6Z,9Z,12Z,15Z)), PE-NMe(20:5(5Z,8Z,11Z,14Z,17Z)/18:3(6Z,9Z,12Z)), PE-NMe(20:5(5Z,8Z,11Z,14Z,17Z)/18:3(9Z,12Z,15Z))","HMDB0008240, HMDB0113211, HMDB0113240, HMDB0113267, HMDB0113268, HMDB0113433, HMDB0113461, HMDB0113488, HMDB0113489","0","1052919.75","67492480","9","0","false","0.001564592239446938",""
"Pacific Northwest National Laboratory","20201130_jl_lungmap_agarose_1","2020-12-01_22h59m24s","C10H12O4","M+H","","C10H12O4+H+","197.08083529899997","0.0053707315","0.5","0.005582110643854517","0.9648935662727485","0.9971387696709585","1-(2,4,5-Trihydroxyphenyl)-1-butanone, 2,4,5-Trimethoxybenzaldehyde, (S)-2-(4-Methoxyphenoxy)propanoic acid, Maltyl isobutyrate, Homoveratric acid, Xanthoxylin, (+)-3-(3,4-Methylenedioxyphenyl)-1,2-propanediol, (S)-Batatic acid, 2-Hydroxy-3-(4-methoxyphenyl)propanoic acid, 4-Hydroxy-6-methyl-3-(1-oxobutyl)-2H-pyran-2-one, 5-Hydroxyconiferyl alcohol, Hydroferulic acid, 3-(3-Hydroxyphenyl)-2-methyllactic acid, 3-(3,4-Dihydroxyphenyl)-2-methylpropionic acid, 3-(3-hydroxy-5-methoxyphenyl)propanoic acid, 3-(3-hydroxy-2-methoxyphenyl)propanoic acid, 2-(3-hydroxy-4-methoxyphenyl)propanoic acid, 2-(4-hydroxy-3-methoxyphenyl)propanoic acid, 3-(3-hydroxy-4-methoxyphenyl)propanoic acid, 3-(2-hydroxy-4-methoxyphenyl)propanoic acid, 2-(3,5-dimethoxyphenyl)acetic acid, 3-hydroxy-3-(3-methoxyphenyl)propanoic acid, 2-hydroxy-3-(3-methoxyphenyl)propanoic acid, 2-(2-hydroxy-4-methoxyphenyl)propanoic acid, 3-(2-hydroxy-3-methoxyphenyl)propanoic acid, 4-ethenyl-2,6-dimethoxybenzene-1,3-diol, 3-hydroxy-3-(4-methoxyphenyl)propanoic acid","HMDB0037177, HMDB0029648, HMDB0040256, HMDB0032365, HMDB0000434, HMDB0029645, HMDB0030571, HMDB0035721, HMDB0039427, HMDB0040637, HMDB0060398, HMDB0062121, HMDB0060733, HMDB0060735, HMDB0125530, HMDB0140897, HMDB0129339, HMDB0130895, HMDB0131138, HMDB0131175, HMDB0131427, HMDB0133490, HMDB0133530, HMDB0133782, HMDB0134100, HMDB0135753, HMDB0140293","0","181157.6875","30025386","27","0","false","0.00006673313328064978",""
"Pacific Northwest National Laboratory","20201130_jl_lungmap_agarose_1","2020-12-01_22h59m24s","C4H4O6","M+Na","","C4H4O6+Na+","170.99000853099997","0.0053715315","0.5","0.005461284499216475","0.986094067984433","0.9974358974358974","Dihydroxyfumaric acid","HMDB0002050","0","203727.453125","29775948","1","1","false","0.000037717720260843635","C5H8OS2+Na+"
"Pacific Northwest National Laboratory","20201130_jl_lungmap_agarose_1","2020-12-01_22h59m24s","C7H5ClO4","M+Na","","C7H5ClO4+Na+","210.97685702299998","0.0054057473","0.5","0.006008286403565238","0.9022110961203865","0.9972337482710927","2-Chloro-5-methyl-cis-dienelactone, 3-Chloro-2-methyldienelactone","HMDB0060345, HMDB0060368","0","175673.34375","30622414","2","0","false","0.00005938491449342109",""
"Pacific Northwest National Laboratory","20201130_jl_lungmap_agarose_1","2020-12-01_22h59m24s","C11H24","M+Na","","C11H24+Na+","179.17702145099997","0.0054093036","0.5","0.005581789596464604","0.9711280021875317","0.9979101358411703","Undecane, xi-3-Methyldecane, xi-4-Methyldecane, 2-Methyldecane","HMDB0031445, HMDB0037267, HMDB0037268, HMDB0039000","0","182214.96875","40291748","4","0","false","0.00009681674418970942",""
"Pacific Northwest National Laboratory","20201130_jl_lungmap_agarose_1","2020-12-01_22h59m24s","C12H12N2O5S","M+Na","","C12H12N2O5S+Na+","319.035913337","0.0054101837","0.5","0.0056781305026778065","0.9586974456727296","0.993859649122807","1,4-Benzothiazine-O-quinonimine","HMDB0012491","0","181987.703125","15260009","1","0","false","0.00021348026348277926",""
"Pacific Northwest National Laboratory","20201130_jl_lungmap_agarose_1","2020-12-01_22h59m24s","C10H10N2O","M+Na","","C10H10N2O+Na+","197.06853362299998","0.005416213","0.5","0.005586539055229645","0.9721895596846645","0.9972451790633609","1H-Indole-3-acetamide, Demethylated antipyrine","HMDB0029739, HMDB0006240","0","183679.265625","30902168","2","0","false","0.00003830717469099909",""
"Pacific Northwest National Laboratory","20201130_jl_lungmap_agarose_1","2020-12-01_22h59m24s","C7H9N5O","M+H","","C7H9N5O+H+","180.087986343","0.005420091","0.5","0.005582951450090759","0.9736928254098758","0.9970588235294118","7-Aminomethyl-7-carbaguanine","HMDB0011690","0","172433.640625","29981348","1","0","false","0.0005145455943420529",""
"Pacific Northwest National Laboratory","20201130_jl_lungmap_agarose_1","2020-12-01_22h59m24s","C3H5N3O9","M+Na","","C3H5N3O9+Na+","249.99179942299997","0.0054295757","0.5","0.005514069921177019","0.9883576408199252","0.9962756052141527","Nitroglycerin","HMDB0014865","0","177107.5","23241040","1","0","false","0.0004121703386772424",""
"Pacific Northwest National Laboratory","20201130_jl_lungmap_agarose_1","2020-12-01_22h59m24s","C12H14N2O","M+H","","C12H14N2O+H+","203.117889503","0.005438605","0.5","0.005647513520511495","0.9655566969382825","0.9973611111111111","Tetrahydroharmol, N-Methyl-1H-indole-3-propanamide","HMDB0029835, HMDB0032756","0","186528.765625","30984584","2","0","false","0.000052831277571385726",""
"Pacific Northwest National Laboratory","20201130_jl_lungmap_agarose_1","2020-12-01_22h59m24s","C2H6O5S","M+Na","","C2H6O5S+Na+","164.982815145","0.0054425797","0.5","0.005579531022560581","0.9853077363858893","0.99","(2-hydroxyethoxy)sulfonic acid","HMDB0131295","0","159088.25","37864312","1","0","false","0.00011683665070449933",""
"Pacific Northwest National Laboratory","20201130_jl_lungmap_agarose_1","2020-12-01_22h59m24s","C18H32O","M+Na","","C18H32O+Na+","287.234536327","0.0054500657","0.5","0.005770113010382062","0.9487503067237131","0.9955555555555555","(±)-(Z)-2-(5-Tetradecenyl)cyclobutanone","HMDB0037543","0","179748.796875","21893682","1","0","false","0.00022164068650454283",""
"Pacific Northwest National Laboratory","20201130_jl_lungmap_agarose_1","2020-12-01_22h59m24s","C15H18O11S","M+H","","C15H18O11S+H+","407.064259001","0.0054605836","0.5","0.006065700307503097","0.9322667163067905","0.9656459609215515","1-O-p-Coumaroyl-(b-D-glucose 6-O-sulfate), {4-[(1E)-3-oxo-3-[(3,4,5,6-tetrahydroxyoxan-2-yl)methoxy]prop-1-en-1-yl]phenyl}oxidanesulfonic acid","HMDB0041174, HMDB0125132","0","331897.875","180684160","2","1","false","0.00023938446247484535","C20H14O8+Na+"
"Pacific Northwest National Laboratory","20201130_jl_lungmap_agarose_1","2020-12-01_22h59m24s","C6H4NO3","M+Na","","C6H4NO3+Na+","161.008338671","0.00546354","0.5","0.005582179339124672","0.9842821266362253","0.9943762781186094","4-nitrophenolate","HMDB0062627","0","287189.15625","41965572","1","0","false","0.0001323693577433005",""
"Pacific Northwest National Laboratory","20201130_jl_lungmap_agarose_1","2020-12-01_22h59m24s","C7H12O3","M+H","","C7H12O3+H+","145.085920679","0.005464772","0.5","0.005593748080144284","0.9791117958405333","0.9977848101265823","Tetrahydrofurfuryl acetate, 4-Hydroxycyclohexylcarboxylic acid, Botryodiplodin, Methyl (R)-3-methyl-2-oxopentanoate, Ethyl levulinate","HMDB0031176, HMDB0001988, HMDB0036594, HMDB0037114, HMDB0040433","0","185527.28125","39473460","5","0","false","0.000018362776245339774",""
"Pacific Northwest National Laboratory","20201130_jl_lungmap_agarose_1","2020-12-01_22h59m24s","C18H12O6","M+Na","","C18H12O6+Na+","347.052608787","0.005470829","0.5","0.0058931588033234086","0.9475896970020653","0.9796809403862301","Grevilline A, Sterigmatocystin, 11-hydroxy-15-methoxy-6,8,20-trioxapentacyclo[10.8.0.0²,⁹.0³,⁷.0¹⁴,¹⁹]icosa-1(12),2(9),4,10,14,16,18-heptaen-13-one, 1-(2H-1,3-benzodioxol-5-yl)-3-(4-hydroxy-1-benzofuran-5-yl)propane-1,3-dione","HMDB0029535, HMDB0030588, HMDB0128875, HMDB0129364","0","224366.3125","56743228","4","0","false","0.00005569079803535715",""
"Pacific Northwest National Laboratory","20201130_jl_lungmap_agarose_1","2020-12-01_22h59m24s","C27H20O18","M+H","","C27H20O18+H+","633.072240235","0.005478339","0.5","0.006096661149514218","0.9280702472396618","0.9682242990654205","Vescalin, 7-[4-(1,2-dihydroxyethyl)-5,11,12,13-tetrahydroxy-8-oxo-3,7-dioxatricyclo[7.4.0.0²,⁶]trideca-1(13),9,11-trien-10-yl]-3,4,8,9,10-pentahydroxy-6-oxo-6H-benzo[c]chromene-1-carboxylic acid, 2-[4-(1,2-dihydroxyethyl)-5,11,12,13-tetrahydroxy-8-oxo-3,7-dioxatricyclo[7.4.0.0²,⁶]trideca-1(13),9,11-trien-10-yl]-3,4,8,9,10-pentahydroxy-6-oxo-6H-benzo[c]chromene-1-carboxylic acid, 3,4,8,9,10-pentahydroxy-6-oxo-7-[5,6,12,13,14-pentahydroxy-4-(hydroxymethyl)-9-oxo-3,8-dioxatricyclo[8.4.0.0²,⁷]tetradeca-1(14),10,12-trien-11-yl]-6H-benzo[c]chromene-1-carboxylic acid, 3,4,8,9,10-pentahydroxy-6-oxo-2-[5,6,12,13,14-pentahydroxy-4-(hydroxymethyl)-9-oxo-3,8-dioxatricyclo[8.4.0.0²,⁷]tetradeca-1(14),10,12-trien-11-yl]-6H-benzo[c]chromene-1-carboxylic acid, 3,4,8,9,10-pentahydroxy-6-oxo-2-[5,6,7-trihydroxy-1-oxo-3-(1,2,3,4-tetrahydroxybutyl)-1H-isochromen-8-yl]-6H-benzo[c]chromene-1-carboxylic acid","HMDB0031746, HMDB0129509, HMDB0129510, HMDB0129540, HMDB0129541, HMDB0129876","0","309970.375","43398912","6","0","false","0.0003601750358939171",""
"Pacific Northwest National Laboratory","20201130_jl_lungmap_agarose_1","2020-12-01_22h59m24s","C13H9NO","M+Na","","C13H9NO+Na+","218.05763459099998","0.00548371","0.5","0.005705283085112962","0.9636649042296173","0.9974043715846994","9H-Carbazole-3-carboxaldehyde","HMDB0029743","0","179448.734375","31338480","1","0","false","0.00009800739644560963",""
"Pacific Northwest National Laboratory","20201130_jl_lungmap_agarose_1","2020-12-01_22h59m24s","C7H8N2O2","M+Na","","C7H8N2O2+Na+","175.04779817899998","0.0054922225","0.5","0.005639909162663458","0.9765816638268275","0.9971659919028341","N1-Methyl-2-pyridone-5-carboxamide, N1-Methyl-4-pyridone-3-carboxamide","HMDB0004193, HMDB0004194","0","177072.046875","31425236","2","0","false","0.00009954105189535767",""
"Pacific Northwest National Laboratory","20201130_jl_lungmap_agarose_1","2020-12-01_22h59m24s","C14H13NO","M+Na","","C14H13NO+Na+","234.08893471899998","0.0054942775","0.5","0.005721621308712567","0.9630305539234902","0.9971291866028709","2-Methoxy-3-methyl-9H-carbazole","HMDB0033456","0","196211.3125","26943794","1","0","false","0.0000430112995672971",""
"Pacific Northwest National Laboratory","20201130_jl_lungmap_agarose_1","2020-12-01_22h59m24s","C9H14NO","M+H","","C9H14NO+H+","153.114815503","0.005499456","0.5","0.005639386513891486","0.9775227547153225","0.997610513739546","N-methylphenylethanolaminium","HMDB0062808","0","175703.03125","34980232","1","0","false","0.00009880859579425305",""
"Pacific Northwest National Laboratory","20201130_jl_lungmap_agarose_1","2020-12-01_22h59m24s","C3H6O3S","M+Na","","C3H6O3S+Na+","144.99298590499998","0.0055034123","0.5","0.0055701554885344735","0.9900675323761352","0.9979296066252588","3-Mercaptolactic acid","HMDB0002127","0","180703.875","40639180","1","0","false","0.00008285848889499903",""
"Pacific Northwest National Laboratory","20201130_jl_lungmap_agarose_1","2020-12-01_22h59m24s","C9H17NO2","M+H","","C9H17NO2+H+","172.133205219","0.0055056117","0.5","0.005678812090024825","0.9718144527512752","0.9976190476190476","Gabapentin","HMDB0005015","0","202562.34375","32179330","1","0","false","0.0002314784360351041",""
"Pacific Northwest National Laboratory","20201130_jl_lungmap_agarose_1","2020-12-01_22h59m24s","C4H10O2S2","M+H","","C4H10O2S2+H+","155.019498335","0.00550975","0.5","0.005681139352019042","0.9718376902496604","0.9979360165118679","1,4-Dithiothreitol","HMDB0013593","0","185492.1875","40736056","1","0","false","0.000029501814424293116",""
"Pacific Northwest National Laboratory","20201130_jl_lungmap_agarose_1","2020-12-01_22h59m24s","C5H8S2","M+H","","C5H8S2+H+","133.014019031","0.005517292","0.5","0.005643210803339633","0.9831971891581543","0.9943952802359882","2,3-Dihydro-5-methyl-3-thiophenethiol, 4,5-Dihydro-2-methyl-3-thiophenethiol, 4,5-Dihydro-5-methyl-3-thiophenethiol","HMDB0039791, HMDB0039792, HMDB0039796","0","179739.546875","55261892","3","0","false","0.00006287493306444958",""
"Pacific Northwest National Laboratory","20201130_jl_lungmap_agarose_1","2020-12-01_22h59m24s","C5H10S2","M+H","","C5H10S2+H+","135.029669095","0.0055173063","0.5","0.0057238150775919235","0.9793063871667527","0.9842896174863388","3,3-Dimethyl-1,2-dithiolane, Tetrahydro-2-methyl-2-thiophenethiol, Tetrahydro-2-methyl-3-thiophenethiol","HMDB0038974, HMDB0039789, HMDB0039790","0","172023.5625","60201708","3","0","false","0.00001094378785637673",""
"Pacific Northwest National Laboratory","20201130_jl_lungmap_agarose_1","2020-12-01_22h59m24s","C5H10O4","M+H","","C5H10O4+H+","135.06518523499997","0.0055226134","0.5","0.00565424975225667","0.9810159923264453","0.9956198960653304","2,3-Dihydroxyvaleric acid, 1-Deoxy-D-xylulose, Deoxyribose, (R)-glycerol 1-acetate, (R)-2,3-Dihydroxy-isovalerate, 2,3-Dihydroxy-2-methylbutanoic acid, 3-hydroxy-2-(hydroxymethyl)-2-methylpropanoic acid","HMDB0000421, HMDB0001292, HMDB0003224, HMDB0012485, HMDB0012141, HMDB0029576, HMDB0127615","0","176460.5","55083956","7","0","false","0.00004457811883185059",""
"Pacific Northwest National Laboratory","20201130_jl_lungmap_agarose_1","2020-12-01_22h59m24s","C11H8N2S","M+H","","C11H8N2S+H+","201.04809586099998","0.005534712","0.5","0.0057496972771379955","0.965509989094217","0.9969957081545064","Camalexin","HMDB0038631","0","184700.640625","29725522","1","0","false","0.000161150106578134",""
"Pacific Northwest National Laboratory","20201130_jl_lungmap_agarose_1","2020-12-01_22h59m24s","C8H12NO6P","M+Na","","C8H12NO6P+Na+","272.029444787","0.00554118","0.5","0.005676088164998726","0.9801448739256314","0.9960079840319361","Pyridoxine 5'-phosphate","HMDB0001319","0","175819.296875","21916714","1","0","false","0.0002555976388975978",""
"Pacific Northwest National Laboratory","20201130_jl_lungmap_agarose_1","2020-12-01_22h59m24s","C17H28O","M+H","","C17H28O+H+","249.221291951","0.005554591","0.5","0.005843322083228433","0.9543083463500237","0.9961013645224172","Avocadenofuran, (all-Z)-8,11,14-Heptadecatrienal, Sterol","HMDB0030932, HMDB0041333, HMDB0060512","0","177193.25","22308088","3","0","false","0.00032565556466579437",""
"Pacific Northwest National Laboratory","20201130_jl_lungmap_agarose_1","2020-12-01_22h59m24s","C11H11NO2","M+Na","","C11H11NO2+Na+","212.06819927499998","0.005576076","0.5","0.005743011424682443","0.9737923303703206","0.9970631424375918","Indole-3-methyl acetate, Indole-3-propionic acid, Phensuximide","HMDB0029738, HMDB0002302, HMDB0014970","0","178049.484375","29278592","3","0","false","0.00021152241970412433",""
"Pacific Northwest National Laboratory","20201130_jl_lungmap_agarose_1","2020-12-01_22h59m24s","C8H17NO2","M+H","","C8H17NO2+H+","160.133205219","0.005587738","0.5","0.00579178627623301","0.9710932990437926","0.9934878587196468","DL-2-Aminooctanoic acid, Pregabalin","HMDB0000991, HMDB0014375","0","184486.328125","38102820","2","0","false","0.000017014248442137614",""
"Pacific Northwest National Laboratory","20201130_jl_lungmap_agarose_1","2020-12-01_22h59m24s","C8H18OS","M+H","","C8H18OS+H+","163.11511280099998","0.0055907727","0.5","0.005757241815389128","0.9762486628730678","0.994710947109471","(S1)-Methoxy-3-heptanethiol","HMDB0032380","0","167412.1875","34176296","1","0","false","0.00015054600953590125",""
"Pacific Northwest National Laboratory","20201130_jl_lungmap_agarose_1","2020-12-01_22h59m24s","C2H3F3O","M+H","","C2H3F3O+H+","101.020875631","0.0055908835","0.5","0.006047247549882342","0.9412992241847904","0.9821888412017168","ETF","HMDB0059596","0","260975.6875","103862056","1","0","false","0.00018269084102939814",""
"Pacific Northwest National Laboratory","20201130_jl_lungmap_agarose_1","2020-12-01_22h59m24s","C5H10O3S","M+H","","C5H10O3S+H+","151.042341785","0.0055955853","0.5","0.0057187936186580334","0.9843179224274246","0.9940441882804996","(±)-2-Hydroxy-4-(methylthio)butanoic acid","HMDB0037115","0","191108.5","43628468","1","0","false","0.0000736264992156066",""
"Pacific Northwest National Laboratory","20201130_jl_lungmap_agarose_1","2020-12-01_22h59m24s","C11H11N5O3S2","M+Na","","C11H11N5O3S2+Na+","348.019552235","0.005612046","0.5","0.006151230694888801","0.9473265519898988","0.9630736392742796","Urothion","HMDB0002377","0","264761.6875","134979328","1","0","false","0.000020905519704683684",""
"Pacific Northwest National Laboratory","20201130_jl_lungmap_agarose_1","2020-12-01_22h59m24s","C10H20","M+H","","C10H20+H+","141.16377707499998","0.005612934","0.5","0.005849298320417303","0.9679684504608187","0.9913453299057412","p-Menthane, 1-Isopropyl-2,3-dimethylcyclopentane, Butylcyclohexane, cis-3-Decene, m-Menthane, 2-Octene,3,7-dimethyl-,(Z)-","HMDB0031455, HMDB0035141, HMDB0041402, HMDB0061803, HMDB0061804, HMDB0094652","0","179525.25","48733692","6","0","false","0.0001077754350262694",""
"Pacific Northwest National Laboratory","20201130_jl_lungmap_agarose_1","2020-12-01_22h59m24s","C11H20O7","M+H","","C11H20O7+H+","265.12817941500003","0.0056132036","0.5","0.005792334625090442","0.9733154896135976","0.9956427015250545","Ilicifolinoside A, (Z)-2-Methyl-2-butene-1,4-diol 4-O-beta-D-Glucopyranoside","HMDB0041186, HMDB0041187","0","184157.5625","20206106","2","1","false","0.0004639445396605879","C15H13N5+H+"
"Pacific Northwest National Laboratory","20201130_jl_lungmap_agarose_1","2020-12-01_22h59m24s","C6H12O","M+H","","C6H12O+H+","101.09609143899999","0.0056214686","0.5","0.00605023383933333","0.9502137123130056","0.9778142076502733","(E)-4-Hexen-1-ol, 1-Hexen-3-ol, 3-Hexanone, 4-Methylpentanal, Methyl isobutyl ketone, 2-Oxohexane, Ethyl isopropyl ketone, Hexanal, (E)-3-Hexen-1-ol, 2-Hexen-1-ol, 2-Ethylbutanal, 2-Methylpentanal, 3-Methyl-1-penten-3-ol, (2R,3S)-2-methyl-3-propyloxirane","HMDB0031502, HMDB0031503, HMDB0000753, HMDB0001318, HMDB0002939, HMDB0005842, HMDB0005846, HMDB0005994, HMDB0030003, HMDB0030952, HMDB0031220, HMDB0031578, HMDB0061882, HMDB0062792","0","233772.09375","101227648","14","0","false","0.000016111622244352475",""
"Pacific Northwest National Laboratory","20201130_jl_lungmap_agarose_1","2020-12-01_22h59m24s","C9H17NO4","M+H","","C9H17NO4+H+","204.12303445899997","0.0056225616","0.5","0.0058123916702114255","0.9725528601637217","0.994640522875817","L-Acetylcarnitine, N-lactoyl-Leucine","HMDB0000201, HMDB0062176","0","171589.328125","32275018","2","0","false","0.0001216238597407937",""
"Pacific Northwest National Laboratory","20201130_jl_lungmap_agarose_1","2020-12-01_22h59m24s","C11H10N2OS2","M+H","","C11H10N2OS2+H+","251.03073171499997","0.00563345","0.5","0.005964765866890144","0.9522539082268884","0.9918095238095238","(S)-Spirobrassinin, Cyclobrassinin sulfoxide","HMDB0035974, HMDB0038570","0","170620.875","22630112","2","0","false","0.00024690895224921405",""
"Pacific Northwest National Laboratory","20201130_jl_lungmap_agarose_1","2020-12-01_22h59m24s","C10H9NO2","M+Na","","C10H9NO2+Na+","198.05254921099998","0.005651455","0.5","0.005829294942313104","0.9716820785409211","0.9977461447212337","Indoleacetic acid, 5-Hydroxyindoleacetaldehyde, Hydroxymethyl indol-3-yl ketone, 1-Methoxy-1H-indole-3-carboxaldehyde","HMDB0000197, HMDB0004073, HMDB0038628, HMDB0040972","0","190391.015625","35748904","4","0","false","0.000019309562048874795",""
"Pacific Northwest National Laboratory","20201130_jl_lungmap_agarose_1","2020-12-01_22h59m24s","C2H3NS","M+Na","","C2H3NS+Na+","95.98784094899999","0.00568925","0.5","0.005807911123681666","0.9821413040529944","0.9973809523809524","Methyl isothiocyanate","HMDB0034106","0","131962.78125","29177208","1","0","false","0.00017355158342979848",""
"Pacific Northwest National Laboratory","20201130_jl_lungmap_agarose_1","2020-12-01_22h59m24s","C4H4FN3O","M+Na","","C4H4FN3O+Na+","152.023060591","0.00570766","0.5","0.00603316526693857","0.9547639299698434","0.9908704883227176","Flucytosine","HMDB0015231","0","168805.40625","39565068","1","0","false","0.00008406070264754817",""
"Pacific Northwest National Laboratory","20201130_jl_lungmap_agarose_1","2020-12-01_22h59m24s","C6H18OSi2","M+H","","C6H18OSi2+H+","163.09689471099998","0.005714418","0.5","0.00596347981871984","0.9633117326986786","0.9947303921568628","Dimethicone","HMDB0033532","0","166766.125","34125340","1","0","false","0.00011602329323068261",""
"Pacific Northwest National Laboratory","20201130_jl_lungmap_agarose_1","2020-12-01_22h59m24s","C13H14N2","M+Na","","C13H14N2+Na+","221.10491913099997","0.0057152403","0.5","0.005936438160006454","0.965456518165246","0.9971851851851852","Tacrine, 4,4'-Methylenedianiline","HMDB0014526, HMDB0041808","0","188213.6875","29075456","2","0","false","0.00019530805002432317",""
"Pacific Northwest National Laboratory","20201130_jl_lungmap_agarose_1","2020-12-01_22h59m24s","C4H6O2S2","M+H","","C4H6O2S2+H+","150.988198207","0.005720966","0.5","0.005856395793784753","0.9815171681822864","0.9952702702702703","Asparagusic acid","HMDB0029611","0","174390.5625","38233152","1","0","false","0.00009486793715041131",""
"Pacific Northwest National Laboratory","20201130_jl_lungmap_agarose_1","2020-12-01_22h59m24s","C6H12O2S","M+H","","C6H12O2S+H+","149.063077229","0.005724046","0.5","0.005867684671169671","0.979426074120013","0.9960122699386503","3-Mercapto-3-methylbutyl formate, Ethyl 3-mercaptobutyrate, Methyl 3-(methylthio)butanoate, 3-(Methylthio)propyl acetate, Propyl 2-mercaptopropionate, Methyl 4-(methylthio)butyrate, Methylthiomethyl butyrate, 2,4,6-Trimethyl-1,3,5-dioxathiane, Ethyl 3-(methylthio)propanoate, Methyl 2-(methylthio)butyrate","HMDB0036193, HMDB0032271, HMDB0032410, HMDB0031717, HMDB0032495, HMDB0037619, HMDB0038299, HMDB0039653, HMDB0040413, HMDB0041306","0","177375.21875","40865020","10","0","false","0.000022704894945491105",""
"Pacific Northwest National Laboratory","20201130_jl_lungmap_agarose_1","2020-12-01_22h59m24s","C8H14O4","M+Na","","C8H14O4+Na+","197.078429611","0.005726244","0.5","0.005875170449522563","0.9824176661012102","0.9920948616600791","Diethyl succinate, Suberic acid, Ethyladipic acid, Dimethyl adipate, 2-Propylglutaric acid, 2,4-Dimethyladipic acid, 3-Methylpimelic acid","HMDB0033838, HMDB0000893, HMDB0002023, HMDB0041606, HMDB0060684, HMDB0059727, HMDB0059757","0","187721.796875","32569126","7","0","false","0.0001060312642948702",""
"Pacific Northwest National Laboratory","20201130_jl_lungmap_agarose_1","2020-12-01_22h59m24s","C12H12N2","M+H","","C12H12N2+H+","185.10732481899998","0.0057291067","0.5","0.005927839162575364","0.9689214615742738","0.9974747474747475","Harmalan, Benzidine","HMDB0029834, HMDB0041835","0","179854.890625","33544148","2","0","false","0.00006609279080294073",""
"Pacific Northwest National Laboratory","20201130_jl_lungmap_agarose_1","2020-12-01_22h59m24s","C8H6O","M+H","","C8H6O+H+","119.049141247","0.005737744","0.5","0.006011626211998509","0.9649228006759577","0.9891373801916933","Benzofuran, 2,4,6-Octatriyn-1-ol, 3,5,7-Octatriyn-1-ol, xi-2,3-Octadiene-5,7-diyn-1-ol","HMDB0032929, HMDB0030968, HMDB0038998, HMDB0040549","0","235536.28125","74499952","4","0","false","0.00005619397052214481",""
"Pacific Northwest National Laboratory","20201130_jl_lungmap_agarose_1","2020-12-01_22h59m24s","C9H20S2","M+H","","C9H20S2+H+","193.107919415","0.005753763","0.5","0.006015807558141904","0.9593732761579242","0.996943231441048","1,9-Nonanedithiol","HMDB0031710","0","179950.859375","28974536","1","0","false","0.00011667019862215966",""
"Pacific Northwest National Laboratory","20201130_jl_lungmap_agarose_1","2020-12-01_22h59m24s","C9H14N3O8P","M+Na","","C9H14N3O8P+Na+","346.04107209100005","0.0057556825","0.5","0.00607866092358223","0.9768083825406332","0.9693475452196383","Cytidine monophosphate, Cytidine 2'-phosphate","HMDB0000095, HMDB0011692","0","302729.625","152417952","2","0","false","0.00005112993676448241",""
"Pacific Northwest National Laboratory","20201130_jl_lungmap_agarose_1","2020-12-01_22h59m24s","C19H18ClN5","M+Na","","C19H18ClN5+Na+","374.11429395900007","0.0057766936","0.5","0.0068280039455289165","0.8530620277225568","0.9917562724014337","Adinazolam","HMDB0014686","0","177803.78125","12717227","1","0","false","0.0001666074967943132",""
"Pacific Northwest National Laboratory","20201130_jl_lungmap_agarose_1","2020-12-01_22h59m24s","C15H18","M+H","","C15H18+H+","199.14812701099999","0.005778702","0.5","0.00605132090314694","0.9573265431654435","0.997516339869281","7-Isopropyl-1,4-dimethylazulene, Cadalene","HMDB0036648, HMDB0059698","0","186165.046875","32542204","2","0","false","0.00009663457603892311",""
"Pacific Northwest National Laboratory","20201130_jl_lungmap_agarose_1","2020-12-01_22h59m24s","C9H8O","M+H","","C9H8O+H+","133.064791311","0.0057832645","0.5","0.006056215283740725","0.9601311544686061","0.9945833333333334","(Z)-3-Phenyl-2-propenal, Cinnamaldehyde, Atropaldehyde, 2-Methylcumarone, Indanone","HMDB0032072, HMDB0003441, HMDB0060671, HMDB0059847, HMDB0059602","0","274850.375","59199272","5","0","false","0.000010933961675618775",""
"Pacific Northwest National Laboratory","20201130_jl_lungmap_agarose_1","2020-12-01_22h59m24s","C14H15N","M+H","","C14H15N+H+","198.12772591499998","0.0058055543","0.5","0.00603956012474232","0.9642678346895938","0.996875","2-(3-Phenylpropyl)pyridine","HMDB0036173","0","172004.75","28519472","1","0","false","0.00008842737588565797",""
"Pacific Northwest National Laboratory","20201130_jl_lungmap_agarose_1","2020-12-01_22h59m24s","C17H20O3","M+H","","C17H20O3+H+","273.148520935","0.00580581","0.5","0.006159312634082444","0.9466974553167906","0.995679012345679","(S)-Verimol F","HMDB0036558","0","164589.09375","21289964","1","0","false","0.00005698801396647468",""
"Pacific Northwest National Laboratory","20201130_jl_lungmap_agarose_1","2020-12-01_22h59m24s","C5H5ClN2","M+H","","C5H5ClN2+H+","129.021402295","0.005812739","0.5","0.006367152520803123","0.9163778951064188","0.9962331201137171","3,5,3-triiodothyronine-4-sulfate","HMDB0062205","0","191050.65625","57238980","1","0","false","0.000010440002370160073",""
"Pacific Northwest National Laboratory","20201130_jl_lungmap_agarose_1","2020-12-01_22h59m24s","C4H9NS","M+H","","C4H9NS+H+","104.05284689299998","0.0058213593","0.5","0.006167701179015592","0.9591998839738624","0.9839928698752228","(±)-2-Methylthiazolidine","HMDB0031682","0","259729.953125","106590880","1","0","false","0.00010107633715961128",""
"Pacific Northwest National Laboratory","20201130_jl_lungmap_agarose_1","2020-12-01_22h59m24s","C3H2O5","M+Na","","C3H2O5+Na+","140.979443847","0.005823016","0.5","0.005920560855339158","0.9872620019551949","0.9962142197599261","Mesoxalic acid","HMDB0031522","0","179125.734375","45124576","1","0","false","0.00008960436389315873",""
"Pacific Northwest National Laboratory","20201130_jl_lungmap_agarose_1","2020-12-01_22h59m24s","C20H17FO3S","M+Na","","C20H17FO3S+Na+","379.07746441700004","0.0058248024","0.5","0.0067578621309708495","0.8890523091501827","0.9694927536231884","Sulindac","HMDB0014743","0","296475.71875","150375520","1","2","false","0.0000306952279061079","C19H16O7+Na+, C16H20O8+K+"
"Pacific Northwest National Laboratory","20201130_jl_lungmap_agarose_1","2020-12-01_22h59m24s","C4H4O6","M+H","","C4H4O6+H+","149.00806428299998","0.005841506","0.5","0.005915771354480057","0.9913997000153978","0.9960122699386503","Dihydroxyfumaric acid","HMDB0002050","0","179583.96875","41093580","1","0","false","0.000060711816331604496",""
"Pacific Northwest National Laboratory","20201130_jl_lungmap_agarose_1","2020-12-01_22h59m24s","C8H17NOSi","M+H","","C8H17NOSi+H+","172.11521713899998","0.0058424985","0.5","0.00602341244586341","0.9724492724492623","0.9974452554744525","Valero-1,5-lactam","HMDB0061932","0","176934.046875","34741084","1","1","false","0.00005600613440037705","C9H17NS+H+"
"Pacific Northwest National Laboratory","20201130_jl_lungmap_agarose_1","2020-12-01_22h59m24s","C11H19NS","M+Na","","C11H19NS+Na+","220.11304146099997","0.0058477726","0.5","0.00609434117101278","0.9623763207401755","0.9970542635658914","5-Ethyl-4-methyl-2-pentylthiazole, 2-Hexyl-4,5-dimethylthiazole, 4-Ethyl-2-hexylthiazole, 2-Pentyl-4-propylthiazole","HMDB0040090, HMDB0040091, HMDB0040111, HMDB0040112","0","181970.296875","27243040","4","0","false","0.00009821415733313188",""
"Pacific Northwest National Laboratory","20201130_jl_lungmap_agarose_1","2020-12-01_22h59m24s","C6H14O2","M+Na","","C6H14O2+Na+","141.08860037099998","0.0058526276","0.5","0.0060383486431653454","0.9742020462722691","0.9949096880131363","1,1-Diethoxyethane, 2-Butoxyethanol, (±)-1,5-Hexanediol, 4-Methyl-1,2-dihydroxypentane","HMDB0031644, HMDB0031327, HMDB0031490, HMDB0059740","0","175379.296875","50973692","4","0","false","0.00005662285184371285",""
"Pacific Northwest National Laboratory","20201130_jl_lungmap_agarose_1","2020-12-01_22h59m24s","C14H30","M+H","","C14H30+H+","199.242027395","0.005868807","0.5","0.006190653811087972","0.9538050115012617","0.9939252336448599","2,3,5,8-Tetramethyldecane, 2,4-Dimethyldodecane, Tetradecane, 4,6-dimethyldodecane, 2-methyltridecane","HMDB0061924, HMDB0040376, HMDB0059907, HMDB0062598, HMDB0062732","0","181077.40625","27504892","5","0","false","0.00423074746504426",""
"Pacific Northwest National Laboratory","20201130_jl_lungmap_agarose_1","2020-12-01_22h59m24s","C7H9N","M+H","","C7H9N+H+","108.08077572299999","0.0058716275","0.5","0.006262157749070365","0.9608719238667628","0.9758183738120381","3-Ethylpyridine, 2,4-Dimethylpyridine, 2,6-Dimethylpyridine, Benzylamine, O-Toluidine","HMDB0029734, HMDB0032244, HMDB0032972, HMDB0033871, HMDB0041965","0","211499.03125","109665136","5","0","false","0.00006850552017567679",""
"Pacific Northwest National Laboratory","20201130_jl_lungmap_agarose_1","2020-12-01_22h59m24s","C26H54NO6P","M+H","","C26H54NO6P+H+","508.37615188300003","0.0058784434","0.5","0.00647281339695497","0.915120866072908","0.9924092409240924","LysoPC(P-18:0)","HMDB0013122","0","190851.78125","15079909","1","0","false","0.0004403027123771608",""
"Pacific Northwest National Laboratory","20201130_jl_lungmap_agarose_1","2020-12-01_22h59m24s","C10H15NO2S","M+Na","","C10H15NO2S+Na+","236.07157057299997","0.00588519","0.5","0.006092922050038278","0.969515898264249","0.9962765957446809","2-(4-Methyl-5-thiazolyl)ethyl butanoate, 2-(4-Methyl-5-thiazolyl)ethyl isobutyrate","HMDB0032418, HMDB0032422","0","174823.9375","24266036","2","0","false","0.00005051877087680623",""
"Pacific Northwest National Laboratory","20201130_jl_lungmap_agarose_1","2020-12-01_22h59m24s","C4H6O4S","M+Na","","C4H6O4S+Na+","172.987900525","0.0059090285","0.5","0.00599431527228703","0.9879521704253404","0.9977932636469222","Thiodiacetic acid","HMDB0042032","0","175675.765625","36416616","1","0","false","0.000039340488001471385",""
"Pacific Northwest National Laboratory","20201130_jl_lungmap_agarose_1","2020-12-01_22h59m24s","C7H8O2S","M+Na","","C7H8O2S+Na+","179.01372134899998","0.005920151","0.5","0.006106931652686958","0.980655682565039","0.9885375494071146","1-(3-Hydroxy-5-methyl-2-thienyl)ethanone, 3-(Acetylthio)-2-methylfuran, Furfuryl thioacetate","HMDB0032334, HMDB0032160, HMDB0035088","0","170463.078125","31911288","3","0","false","0.00008067422459134832",""
"Pacific Northwest National Laboratory","20201130_jl_lungmap_agarose_1","2020-12-01_22h59m24s","C13H12O4","M+H","","C13H12O4+H+","233.08083529899997","0.005936214","0.5","0.006215375750465933","0.9615558365223993","0.9932707355242566","Salfredin B11, Cassiachromone, Dihydrocoriandrin, (2S,3S,4S)-5,7,9,11-Tridecatetrayne-1,2,3,4-tetrol, 7-hydroxy-6-(3-oxobutyl)-2H-chromen-2-one, 5-hydroxy-3-[(1E)-3-hydroxybut-1-en-1-yl]-1H-isochromen-1-one, 3-[(1E)-but-1-en-1-yl]-5,6-dihydroxy-1H-isochromen-1-one, 3-[(1E)-but-1-en-1-yl]-5,7-dihydroxy-1H-isochromen-1-one, 3-(3-ethyloxiran-2-yl)-5-hydroxy-1H-isochromen-1-one, 5-hydroxy-3-[(1E)-4-hydroxybut-1-en-1-yl]-1H-isochromen-1-one, 3-(1,2-dihydroxybut-3-en-1-yl)-1H-isochromen-1-one, 7-(hydroxymethyl)-6-[(E)-2-methoxyethenyl]-2H-chromen-2-one, 6-(3-methoxyoxiran-2-yl)-7-methyl-2H-chromen-2-one, 8-hydroxy-6-[(E)-2-methoxyethenyl]-7-methyl-2H-chromen-2-one, 5-hydroxy-6-[(E)-2-methoxyethenyl]-7-methyl-2H-chromen-2-one, 3-hydroxy-6-[(E)-2-methoxyethenyl]-7-methyl-2H-chromen-2-one","HMDB0041325, HMDB0030813, HMDB0033330, HMDB0038911, HMDB0128959, HMDB0130044, HMDB0130045, HMDB0130046, HMDB0130047, HMDB0130048, HMDB0130065, HMDB0135794, HMDB0135795, HMDB0135796, HMDB0135797, HMDB0135798","0","171036.90625","27509028","16","0","false","0.00016795787087175995",""
"Pacific Northwest National Laboratory","20201130_jl_lungmap_agarose_1","2020-12-01_22h59m24s","C16H12O8","M+Na","","C16H12O8+Na+","355.04243802700006","0.0059382194","0.5","0.006281843470402416","0.9516127409117234","0.9933650268706077","Patuletin, 4',5,6,7,8-Pentahydroxy-3'-methoxyflavone, 7-hydroxy-6-methoxy-3-(1,2,5-trihydroxy-4-oxocyclohexa-2,5-dien-1-yl)-4H-chromen-4-one, 7-hydroxy-6-methoxy-3-(2,3,4,5-tetrahydroxyphenyl)-4H-chromen-4-one, 6,7-dihydroxy-3-(2,3,5-trihydroxy-4-methoxyphenyl)-4H-chromen-4-one, 7-hydroxy-6-methoxy-3-(2,3,4,6-tetrahydroxyphenyl)-4H-chromen-4-one, 6,7-dihydroxy-3-(2,3,6-trihydroxy-4-methoxyphenyl)-4H-chromen-4-one, 7,8-dihydroxy-6-methoxy-3-(2,4,5-trihydroxyphenyl)-4H-chromen-4-one, 3-(2,5-dihydroxy-4-methoxyphenyl)-6,7,8-trihydroxy-4H-chromen-4-one, 3-(2,5-dihydroxy-4-methoxyphenyl)-5,6,7-trihydroxy-4H-chromen-4-one, 5,7-dihydroxy-6-methoxy-3-(2,4,5-trihydroxyphenyl)-4H-chromen-4-one, 3,5,6,7-tetrahydroxy-2-(4-hydroxy-3-methoxyphenyl)-4H-chromen-4-one, 2-(3,4-dihydroxy-5-methoxyphenyl)-3,5,7-trihydroxy-4H-chromen-4-one, 3,5,7-trihydroxy-2-(1-hydroxy-3-methoxy-4-oxocyclohexa-2,5-dien-1-yl)-4H-chromen-4-one, 2-(3,4-dihydroxy-5-methoxyphenyl)-5,6,7-trihydroxy-4H-chromen-4-one, 3,5,7,8-tetrahydroxy-2-(3-hydroxy-4-methoxyphenyl)-4H-chromen-4-one, 3,5,7,8-tetrahydroxy-2-(4-hydroxy-3-methoxyphenyl)-4H-chromen-4-one, 3,5,6,7-tetrahydroxy-2-(3-hydroxy-4-methoxyphenyl)-4H-chromen-4-one, 2-(2,4-dihydroxy-5-methoxyphenyl)-3,5,7-trihydroxy-4H-chromen-4-one, 5,6-dihydroxy-7-methoxy-2-(3,4,5-trihydroxyphenyl)-4H-chromen-4-one, 5,6-dihydroxy-7-methoxy-2-(2,3,4-trihydroxyphenyl)-4H-chromen-4-one, 5,6-dihydroxy-7-methoxy-2-(2,4,5-trihydroxyphenyl)-4H-chromen-4-one, 2-(3,4-dihydroxyphenyl)-5,7,8-trihydroxy-6-methoxy-4H-chromen-4-one, 2-(3,4-dihydroxyphenyl)-5,6,7-trihydroxy-8-methoxy-4H-chromen-4-one, 5,7-dihydroxy-8-methoxy-2-(3,4,5-trihydroxyphenyl)-4H-chromen-4-one, 2-(3,4-dihydroxy-5-methoxyphenyl)-5,7,8-trihydroxy-4H-chromen-4-one","HMDB0030802, HMDB0033648, HMDB0125005, HMDB0125026, HMDB0125027, HMDB0125041, HMDB0125042, HMDB0125056, HMDB0125057, HMDB0125072, HMDB0125071, HMDB0126496, HMDB0126497, HMDB0126498, HMDB0128202, HMDB0129291, HMDB0129284, HMDB0130268, HMDB0131772, HMDB0131919, HMDB0131920, HMDB0131921, HMDB0132205, HMDB0132213, HMDB0138022, HMDB0138043","0","354046.28125","820967424","26","1","false","0.000012227923434693366","C10H13N4O7P+Na+"
"Pacific Northwest National Laboratory","20201130_jl_lungmap_agarose_1","2020-12-01_22h59m24s","C9H10N2O","M+H","","C9H10N2O+H+","163.086589375","0.005940659","0.5","0.006118543659929734","0.9731411772772633","0.9977246871444824","Norcotinine","HMDB0001297","0","177752.5625","37247828","1","0","false","0.000037380763387773186",""
"Pacific Northwest National Laboratory","20201130_jl_lungmap_agarose_1","2020-12-01_22h59m24s","C13H11N3","M+Na","","C13H11N3+Na+","232.08451803499997","0.0059407465","0.5","0.00623895170824634","0.961729250481137","0.9900943396226415","Proflavine","HMDB0015255","0","171866.921875","27354606","1","0","false","0.00015493050159420818",""
"Pacific Northwest National Laboratory","20201130_jl_lungmap_agarose_1","2020-12-01_22h59m24s","C11H16OS","M+H","","C11H16OS+H+","197.09946273699998","0.005941416","0.5","0.006160666051977649","0.9668083429323238","0.9975206611570248","1-(2-Thienyl)-1-heptanone","HMDB0040241","0","194971.46875","31343760","1","0","false","0.00006387443863786757",""
"Pacific Northwest National Laboratory","20201130_jl_lungmap_agarose_1","2020-12-01_22h59m24s","C6H12O2S2","M+H","","C6H12O2S2+H+","181.035148399","0.005950043","0.5","0.006144115662066676","0.9738023577213522","0.9944658944658945","2,5-Dimethyl-1,4-dithiane-2,5-diol, Ethyl 2-(methyldithio)propionate","HMDB0033556, HMDB0038896","0","165140.265625","33016986","2","0","false","0.0002614118275232613",""
"Pacific Northwest National Laboratory","20201130_jl_lungmap_agarose_1","2020-12-01_22h59m24s","C6H11N3O3","M+H","","C6H11N3O3+H+","174.087317647","0.0059630745","0.5","0.006085034996733776","0.9830570308055552","0.9968468468468469","2-Oxoarginine","HMDB0004225","0","164316","28119764","1","0","false","0.0000294296805805061",""
"Pacific Northwest National Laboratory","20201130_jl_lungmap_agarose_1","2020-12-01_22h59m24s","C6H11N3O3","M+Na","","C6H11N3O3+Na+","196.06926189499995","0.005965359","0.5","0.006073281749026909","0.9848729398049884","0.9973163841807909","2-Oxoarginine","HMDB0004225","0","192753.734375","29870348","1","1","false","0.0001526777632534504","C10H10O4+H+"
"Pacific Northwest National Laboratory","20201130_jl_lungmap_agarose_1","2020-12-01_22h59m24s","C5H10S","M+Na","","C5H10S+Na+","125.03954217299999","0.0059667877","0.5","0.0060883873562077966","0.9895744055133668","0.9903526280771789","3-Methyl-2-butene-1-thiol, 1-(Methylthio)-1-butene, Cyclopentanethiol, 2-Methyl-1-propenethiol","HMDB0031529, HMDB0038892, HMDB0039771, HMDB0040347","0","192043.09375","60197508","4","0","false","0.000022901109332451597",""
"Pacific Northwest National Laboratory","20201130_jl_lungmap_agarose_1","2020-12-01_22h59m24s","C17H12O","M+H","","C17H12O+H+","233.096091439","0.0059704557","0.5","0.006299782788435127","0.9501310324797174","0.9974666666666666","1-Methoxypyrene","HMDB0060324","0","180893.78125","31906830","1","1","false","0.00012851954670622945","C13H13N3+Na+"
"Pacific Northwest National Laboratory","20201130_jl_lungmap_agarose_1","2020-12-01_22h59m24s","C6H13N","M+Na","","C6H13N+Na+","122.09402009899999","0.005972334","0.5","0.006181765105494728","0.9776449776279132","0.9882127192982456","2-Methylpiperidine, Cyclohexylamine","HMDB0032416, HMDB0031404","0","219323.59375","73030296","2","0","false","0.00007409729005303234",""
"Pacific Northwest National Laboratory","20201130_jl_lungmap_agarose_1","2020-12-01_22h59m24s","C3H2Br2N2O","M+H","","C3H2Br2N2O+H+","240.860665119","0.005974427","0.5","0.009272625107443935","0.648567934549513","0.993431855500821","2,2-Dibromo-2-cyanoacetamide","HMDB0034616","0","177922.578125","25647524","1","0","false","0.0004215493390802294",""
"Pacific Northwest National Laboratory","20201130_jl_lungmap_agarose_1","2020-12-01_22h59m24s","C5H4N4S","M+Na","","C5H4N4S+Na+","175.00488798099997","0.005981512","0.5","0.006923154091737261","0.8702877882833261","0.9927595628415301","Mercaptopurine","HMDB0015167","0","195662.3125","31243102","1","0","false","0.0004854215949308127",""
"Pacific Northwest National Laboratory","20201130_jl_lungmap_agarose_1","2020-12-01_22h59m24s","C15H16O8","M+H","","C15H16O8+H+","325.091793907","0.0059912857","0.5","0.006279649037009148","0.9586446985544264","0.9952380952380953","Mahaleboside, 3,4,5-trihydroxy-6-{[(2E)-3-phenylprop-2-enoyl]oxy}oxane-2-carboxylic acid, 3,4,5-trihydroxy-6-[(3-phenylprop-2-enoyl)oxy]oxane-2-carboxylic acid, 3,4,5-trihydroxy-6-[2-(3-oxoprop-1-en-1-yl)phenoxy]oxane-2-carboxylic acid, 3,4,5-trihydroxy-6-{4-[(1E)-3-oxoprop-1-en-1-yl]phenoxy}oxane-2-carboxylic acid, 3,4,5-trihydroxy-6-{3-[(1E)-3-oxoprop-1-en-1-yl]phenoxy}oxane-2-carboxylic acid","HMDB0032984, HMDB0125167, HMDB0128099, HMDB0134044, HMDB0135287, HMDB0135290","0","187250.1875","18775958","6","1","false","0.00036240933695808053","C13H22NO3PS+Na+"
"Pacific Northwest National Laboratory","20201130_jl_lungmap_agarose_1","2020-12-01_22h59m24s","C10H12N5O6P","M+Na","","C10H12N5O6P+Na+","352.0417407870001","0.005997366","0.5","0.0061937954658789875","0.9733329540587778","0.9948148148148148","Cyclic AMP, Adenosine 2',3'-cyclic phosphate","HMDB0000058, HMDB0011616","0","188892.828125","18675788","2","0","false","0.00026780739426612854",""
"Pacific Northwest National Laboratory","20201130_jl_lungmap_agarose_1","2020-12-01_22h59m24s","C7H14N2O4","M+Na","","C7H14N2O4+Na+","213.084577611","0.0060001","0.5","0.006160137550936364","0.9762224804758614","0.9977443609022556","Alanyl-Threonine, Threoninyl-Alanine, Diaminopimelic acid, 2-Amino-4-[(2-hydroxy-1-oxopropyl)amino]butanoic acid, N-(gamma-Glutamyl)ethanolamine","HMDB0028697, HMDB0029054, HMDB0001370, HMDB0031412, HMDB0039222","0","207003.71875","33712580","5","0","false","0.00006504404154838994",""
"Pacific Northwest National Laboratory","20201130_jl_lungmap_agarose_1","2020-12-01_22h59m24s","C14H12O6","M+Na","","C14H12O6+Na+","299.052608787","0.0060122907","0.5","0.0063932113913005755","0.9432562431753149","0.9969909536951855","O-Demethylfonsecin","HMDB0033649","0","398876.3125","1632867968","1","2","false","0.00008039039676077664","C9H14N3O6+K+, C11H16O7+K+"
"Pacific Northwest National Laboratory","20201130_jl_lungmap_agarose_1","2020-12-01_22h59m24s","C3H6O2","M+Na","","C3H6O2+Na+","97.026000115","0.0060199094","0.5","0.006267689260969652","0.9665512468710257","0.9937052932761087","Propionic acid, Lactaldehyde, 3-Hydroxypropanal, D-Lactaldehyde, Hydroxyacetone, Ethyl formate, Methyl acetate","HMDB0000237, HMDB0003052, HMDB0003453, HMDB0006458, HMDB0006961, HMDB0031229, HMDB0031523","0","235269.890625","49161252","7","0","false","0.000013461029993777629",""
"Pacific Northwest National Laboratory","20201130_jl_lungmap_agarose_1","2020-12-01_22h59m24s","C8H12O2","M+Na","","C8H12O2+Na+","163.07295030699999","0.006024995","0.5","0.006163131765069264","0.9801855640974515","0.9973484848484848","3-Ethyl-5-methyl-1,2-cyclopentanedione, 2,4-Hexadienyl acetate, Ethyl sorbate, 3-Ethyl-2-hydroxy-4-methyl-2-cyclopenten-1-one, Ethyl 2-methyl-3,4-pentadienoate, Allyl tiglate, 3-Propyl-1,2-cyclopentanedione, 2-Hydroxy-3,4,5-trimethyl-2-cyclopenten-1-one, 4-Ethyl-2-hydroxy-3-methyl-2-cyclopenten-1-one, 3,5,5-Trimethyl-1,2-cyclopentanedione, 3-Isopropyl-1,2-cyclopentanedione, 3,4,4-Trimethyl-1,2-cyclopentanedione, 2-Propyl-2,4-pentadienoic acid","HMDB0037167, HMDB0032311, HMDB0040463, HMDB0036176, HMDB0037196, HMDB0037625, HMDB0039651, HMDB0039652, HMDB0039673, HMDB0039680, HMDB0039681, HMDB0040526, HMDB0060682","0","178888.625","33346846","13","0","false","0.00019359269936103374",""
"Pacific Northwest National Laboratory","20201130_jl_lungmap_agarose_1","2020-12-01_22h59m24s","C12H18O5S","M+Na","","C12H18O5S+Na+","297.076715529","0.0060357684","0.5","0.006339504124080224","0.9612753979328449","0.9904428904428905","{[1-(4-methoxyphenyl)pentan-3-yl]oxy}sulfonic acid","HMDB0133010","0","186824.421875","19058166","1","0","false","0.0005003311089240015",""
"Pacific Northwest National Laboratory","20201130_jl_lungmap_agarose_1","2020-12-01_22h59m24s","C4H10N2O3","M+Na","","C4H10N2O3+Na+","157.05836286299996","0.006043501","0.5","0.006188983218812684","0.9871389840311899","0.9892156862745098","L-Canaline","HMDB0012251","0","183324.15625","38801896","1","0","false","0.000019534712919266894",""
"Pacific Northwest National Laboratory","20201130_jl_lungmap_agarose_1","2020-12-01_22h59m24s","C9H8NO3","M+Na","","C9H8NO3+Na+","201.039638799","0.0060444586","0.5","0.006146573799515768","0.9864284941304364","0.9969162995594714","N-benzoylglycinate","HMDB0062583","0","175579.71875","29214328","1","1","false","0.0000817824256955646","C8H8O6+H+"
"Pacific Northwest National Laboratory","20201130_jl_lungmap_agarose_1","2020-12-01_22h59m24s","C8H4O2","M+Na","","C8H4O2+Na+","155.010350051","0.0060522747","0.5","0.006392439040198842","0.9541965883710012","0.9922341696535245","2,4,6-Octatriynoic acid","HMDB0030967","0","164485.4375","35058064","1","0","false","0.00024148293596226722",""
"Pacific Northwest National Laboratory","20201130_jl_lungmap_agarose_1","2020-12-01_22h59m24s","C5H6N2O3","M+Na","","C5H6N2O3+Na+","165.02706273499996","0.006058409","0.5","0.0061518851063416995","0.987428836578252","0.9973429951690821","5-Hydroxymethyluracil","HMDB0000469","0","171063.53125","35041588","1","0","false","0.00005928645623498596",""
"Pacific Northwest National Laboratory","20201130_jl_lungmap_agarose_1","2020-12-01_22h59m24s","C4H8N2O3","M+Na","","C4H8N2O3+Na+","155.04271279899996","0.0060718744","0.5","0.006201303460510672","0.9848048322520522","0.9942363112391931","L-Asparagine, Ureidopropionic acid, Glycyl-glycine, N-Carbamoylsarcosine, D-Asparagine","HMDB0000168, HMDB0000026, HMDB0011733, HMDB0012265, HMDB0033780","0","172581.109375","43834488","5","0","false","0.000045633645640918985",""
"Pacific Northwest National Laboratory","20201130_jl_lungmap_agarose_1","2020-12-01_22h59m24s","C10H15NO2S","M+H","","C10H15NO2S+H+","214.08962632499998","0.0060733757","0.5","0.006303222909523378","0.9714005747309541","0.9919028340080972","2-(4-Methyl-5-thiazolyl)ethyl butanoate, 2-(4-Methyl-5-thiazolyl)ethyl isobutyrate","HMDB0032418, HMDB0032422","0","179183.5625","31566184","2","0","false","0.00013721980212721974",""
"Pacific Northwest National Laboratory","20201130_jl_lungmap_agarose_1","2020-12-01_22h59m24s","C10H10O2S","M+Na","","C10H10O2S+Na+","217.02937141299998","0.006081595","0.5","0.0062992378690773735","0.968647682576451","0.9966981132075472","Bis(2-furanylmethyl) sulfide","HMDB0041503","0","168610.90625","27127002","1","0","false","0.0007187000010162592",""
"Pacific Northwest National Laboratory","20201130_jl_lungmap_agarose_1","2020-12-01_22h59m24s","C7H10N4O3","M+H","","C7H10N4O3+H+","199.082566615","0.006085906","0.5","0.006236629464969177","0.9789332635203223","0.9968325791855204","5-Acetylamino-6-amino-3-methyluracil, 6-amino-5[N-methylformylamino]-1-methyluracil","HMDB0004400, HMDB0059771","0","173962.234375","28214664","2","0","false","0.0006755656213499606",""
"Pacific Northwest National Laboratory","20201130_jl_lungmap_agarose_1","2020-12-01_22h59m24s","C11H16N2O2","M+H","","C11H16N2O2+H+","209.128454187","0.0060912007","0.5","0.006323863373739669","0.9662910249665585","0.9968102073365231","Pilocarpine, Descarbonyl-lacosamide","HMDB0015217, HMDB0060813","0","190021.390625","26852452","2","0","false","0.00009269464499084279",""
"Pacific Northwest National Laboratory","20201130_jl_lungmap_agarose_1","2020-12-01_22h59m24s","C25H52NO7P","M+Na","","C25H52NO7P+Na+","532.337360687","0.006103411","0.5","0.006697556249011153","0.9175015075616567","0.9932291666666667","LysoPE(0:0/20:0), LysoPE(20:0/0:0), LysoPC(17:0)","HMDB0011481, HMDB0011511, HMDB0012108","0","260143.328125","40165852","3","0","false","0.0000454470791737549",""
"Pacific Northwest National Laboratory","20201130_jl_lungmap_agarose_1","2020-12-01_22h59m24s","C15H24O","M+H","","C15H24O+H+","221.18999182299999","0.006109153","0.5","0.00639137951911661","0.958843708019729","0.9968701095461658","Apritone, Spathulenol, Caryophyllene alpha-oxide, 3,15-Epoxy-6-caryophyllene, 11-Copaen-4-ol, Humulenol I, Humulenol II, 1,5-Epoxy-4(14)-salvialene, Humulene epoxide II, Nootkatol, (2R,6S,7S,10Z)-beta-Santala-3(15),10-dien-12-ol, Dihydronootkatone, 2,6-Di-tert-butyl-4-methylphenol, Isospathulenol, alpha-Valerenol, alpha-Santal-10-en-12-ol, Acolamone, alpha-Cyperol, beta-Costol, Epishyobunone, Preisocalamendiol, Epoxyguaiene, Acorenone, Isocyperol, Isoacolamone, (R)-2,7(14),9-Bisabolatrien-11-ol, Fukinone, (3S,6E)-6-Caryophyllen-15-al, alpha-Bergamotenol, beta-Santalol, trans-beta-Santalol, beta-Betulenol, 8alpha-3-Copaen-8-ol, Acoragermacrone, 4(15)-Copaen-11-ol, Vetiverol, Bisabolene oxide, Eremofukinone, Calacone, 7(14)-Isodaucen-10-one, Isoshyobunone, Humuladienone, Humulene epoxide I, Bisacurol, 4-Nonylphenol, (6Z,9Z,12Z)-6,9,12-Pentadecatrien-2-one, Aromadendrene epoxide, Italicene ether, 2-trans,6-trans-Farnesal, Cabreuva oxide D","HMDB0036192, HMDB0036420, HMDB0036789, HMDB0036793, HMDB0037395, HMDB0038211, HMDB0038212, HMDB0038123, HMDB0038210, HMDB0013688, HMDB0030232, HMDB0032220, HMDB0033826, HMDB0034718, HMDB0034661, HMDB0034940, HMDB0035020, HMDB0035026, HMDB0035097, HMDB0035306, HMDB0035391, HMDB0035645, HMDB0035704, HMDB0035718, HMDB0035720, HMDB0035739, HMDB0035793, HMDB0036118, HMDB0036402, HMDB0036716, HMDB0036717, HMDB0036788, HMDB0036798, HMDB0037069, HMDB0037392, HMDB0037811, HMDB0038134, HMDB0038119, HMDB0038146, HMDB0038160, HMDB0038193, HMDB0038208, HMDB0038209, HMDB0038512, HMDB0038982, HMDB0039532, HMDB0039711, HMDB0040763, HMDB0060356, HMDB0059836","0","190234.96875","27128386","50","0","false","0.00022093768347986042",""
"Pacific Northwest National Laboratory","20201130_jl_lungmap_agarose_1","2020-12-01_22h59m24s","C6H12O2","M+H","","C6H12O2+H+","117.091006059","0.0061263717","0.5","0.006447005096349623","0.9698152071071822","0.97984267453294","2,4,5-Trimethyl-1,3-dioxolane, Caproic acid, Diacetone alcohol, Isocaproic acid, 2-Ethylbutanoic acid, Methyl (S)-2-Methylbutanoate, Propyl propionate, Methyl 3-methylbutanoate, Isopropyl propionate, Methyl pentanoate, 2-Methylpropyl acetate, Ethyl 2-methylpropanoate, n-Butyl acetate, (±)-2-Methylpentanoic acid, 3-Methylpentanoic acid, Ethyl butyrate, 3-Methylbutyl formate, 2,2,4-Trimethyl-1,3-dioxolane, Pentyl formate","HMDB0040279, HMDB0000535, HMDB0031511, HMDB0000689, HMDB0031221, HMDB0029762, HMDB0030059, HMDB0030027, HMDB0030056, HMDB0031207, HMDB0031246, HMDB0031248, HMDB0031325, HMDB0031580, HMDB0033774, HMDB0033889, HMDB0034163, HMDB0037266, HMDB0040327","0","181852.625","80556592","19","0","false","0.000007606295184814371",""
"Pacific Northwest National Laboratory","20201130_jl_lungmap_agarose_1","2020-12-01_22h59m24s","C11H14N2O","M+H","","C11H14N2O+H+","191.117889503","0.006146901","0.5","0.006408012051368169","0.9666069793847508","0.9923913043478261","5-Methoxytryptamine, N-Methylserotonin, Alline","HMDB0004095, HMDB0004369, HMDB0030533","0","177641.859375","35118756","3","0","false","0.0001377806911477819",""
"Pacific Northwest National Laboratory","20201130_jl_lungmap_agarose_1","2020-12-01_22h59m24s","C15H30O","M+Na","","C15H30O+Na+","249.21888626299997","0.0061573223","0.5","0.006464813645833935","0.9555396089098238","0.9967521367521367","Pentadecanal, 2-Pentadecanone, Heptyl ketone","HMDB0031078, HMDB0031081, HMDB0059813","0","184984.203125","25066860","3","0","false","0.0001829354150686413",""
"Pacific Northwest National Laboratory","20201130_jl_lungmap_agarose_1","2020-12-01_22h59m24s","C4H8N4O4","M+H","","C4H8N4O4+H+","177.06183117099997","0.0061578853","0.5","0.006235204580986042","0.9959315036705757","0.9916339869281046","Allantoic acid","HMDB0001209","0","174466.921875","32174408","1","0","false","0.0005477149388752878",""
"Pacific Northwest National Laboratory","20201130_jl_lungmap_agarose_1","2020-12-01_22h59m24s","C11H18N2O3","M+Na","","C11H18N2O3+Na+","249.12096311899995","0.0061695687","0.5","0.006372467553465855","0.9722109668118288","0.9958333333333333","Pentobarbital, Amobarbital","HMDB0014457, HMDB0015440","0","175299.75","21844624","2","0","false","0.00048151155351661146",""
"Pacific Northwest National Laboratory","20201130_jl_lungmap_agarose_1","2020-12-01_22h59m24s","C6H4Cl2O","M+Na","","C6H4Cl2O+Na+","184.95314083099998","0.0061735264","0.5","0.007654495772607213","0.8106956248013292","0.9948529411764706","2,4-Dichlorophenol, 2,5-Dichlorophenol","HMDB0004811, HMDB0041800","0","174038.609375","34482412","2","0","false","0.0007783359033055604",""
"Pacific Northwest National Laboratory","20201130_jl_lungmap_agarose_1","2020-12-01_22h59m24s","C15H19N5","M+H","","C15H19N5+H+","270.17132204300003","0.00618203","0.5","0.006512006351308925","0.9533481346254356","0.9957831325301205","Rizatriptan","HMDB0015088","0","179673.953125","22053492","1","0","false","0.00012784179125446826",""
"Pacific Northwest National Laboratory","20201130_jl_lungmap_agarose_1","2020-12-01_22h59m24s","C7H8N2","M+H","","C7H8N2+H+","121.07602469099999","0.006184715","0.5","0.006414491342324014","0.9742396734931609","0.9896728016359918","(1-Methylethenyl)pyrazine, 2-Methyl-5-vinylpyrazine, 2-Methyl-3-vinylpyrazine, 1-Propenylpyrazine","HMDB0037134, HMDB0037282, HMDB0039989, HMDB0040124","0","257403.0625","78778192","4","0","false","0.000024880378987290896",""
"Pacific Northwest National Laboratory","20201130_jl_lungmap_agarose_1","2020-12-01_22h59m24s","C6H7BO2","M+H","","C6H7BO2+H+","122.06481789899999","0.0061923554","0.5","0.011000695486408146","0.5721132027481509","0.9839063278525162","14-hydroperoxy-H4-neuroprostane","HMDB0062292","0","204535.6875","80478808","1","0","false","0.00003848120104521513",""
"Pacific Northwest National Laboratory","20201130_jl_lungmap_agarose_1","2020-12-01_22h59m24s","C6H12O7","M+H","","C6H12O7+H+","197.06557915899998","0.0061955554","0.5","0.006317012257206221","0.9835604591806195","0.9971659919028341","Galactonic acid, Gluconic acid, Gulonic acid","HMDB0000565, HMDB0000625, HMDB0003290","0","172907.859375","31446650","3","0","false","0.0005062125856056809",""
"Pacific Northwest National Laboratory","20201130_jl_lungmap_agarose_1","2020-12-01_22h59m24s","C13H14O8","M+H","","C13H14O8+H+","299.076143843","0.006196432","0.5","0.006621654521631198","0.961780753177519","0.97296918767507","Benzoyl glucuronide (Benzoic acid), 6-(benzoyloxy)-3,4,5-trihydroxyoxane-2-carboxylic acid","HMDB0010324, HMDB0125176","0","231728.515625","101267872","2","0","false","0.000015257610357366502",""
"Pacific Northwest National Laboratory","20201130_jl_lungmap_agarose_1","2020-12-01_22h59m24s","C11HF21O2","M+H","","C11HF21O2+H+","564.971397067","0.0061975196","0.5","0.0065975385655248475","0.9425896783407063","0.9965826116488368","Perfluoroundecanoic acid","HMDB0061743","0","585909","1870224512","1","0","false","0.00019011236145161092",""
"Pacific Northwest National Laboratory","20201130_jl_lungmap_agarose_1","2020-12-01_22h59m24s","C9H9N3O2S2","M+Na","","C9H9N3O2S2+Na+","278.002839551","0.0062005846","0.5","0.006536211957752578","0.9570576974126174","0.9912162162162163","Sulfathiazole","HMDB0015619","0","212561.96875","19766808","1","0","false","0.00016891943232621998",""
"Pacific Northwest National Laboratory","20201130_jl_lungmap_agarose_1","2020-12-01_22h59m24s","C12H20N2O3","M+H","","C12H20N2O3+H+","241.154668935","0.0062074633","0.5","0.006447080777623741","0.9656385292211207","0.9970948012232416","Pirbuterol","HMDB0015407","0","189986.515625","28073940","1","0","false","0.0000737446898710914",""
"Pacific Northwest National Laboratory","20201130_jl_lungmap_agarose_1","2020-12-01_22h59m24s","C11H14N2O3","M+H","","C11H14N2O3+H+","223.107718743","0.0062101493","0.5","0.006456370543815927","0.9687376791983032","0.9929042904290429","Phenylalanyl-Glycine, Glycyl-Phenylalanine","HMDB0028995, HMDB0028848","0","168731.3125","25893244","2","0","false","0.0002809546422213316",""
"Pacific Northwest National Laboratory","20201130_jl_lungmap_agarose_1","2020-12-01_22h59m24s","C20H22ClN","M+H","","C20H22ClN+H+","312.1513538390001","0.006213883","0.5","0.007328082215850319","0.8551561930375874","0.991578947368421","Pyrrobutamine","HMDB0240248","0","159662.859375","12495760","1","0","false","0.0001837106392486021",""
"Pacific Northwest National Laboratory","20201130_jl_lungmap_agarose_1","2020-12-01_22h59m24s","C7H13NO3S","M+Na","","C7H13NO3S+Na+","214.05083512899995","0.0062184255","0.5","0.00642415843641477","0.9770466201076943","0.9907153729071537","N-Acetyl-L-methionine","HMDB0011745","0","182559.109375","28063940","1","0","false","0.0002498268149793148",""
"Pacific Northwest National Laboratory","20201130_jl_lungmap_agarose_1","2020-12-01_22h59m24s","C16H10O6","M+H","","C16H10O6+H+","299.055014475","0.006221233","0.5","0.006865176341290659","0.9329755922322689","0.9713024282560706","Trifoliol, 3,8-Dihydroxy-9-methoxycoumestan, 3,8-Dihydroxy-1-methylanthraquinone-2-carboxylic acid, Sativol, Irilone, Glyzaglabrin, Aflatoxin P1, Isotrifoliol, 5,13-dihydroxy-14-methoxy-8,17-dioxatetracyclo[8.7.0.0²,⁷.0¹¹,¹⁶]heptadeca-1(10),2(7),3,5,11,13,15-heptaen-9-one, 4,5-dihydroxy-14-methoxy-8,17-dioxatetracyclo[8.7.0.0²,⁷.0¹¹,¹⁶]heptadeca-1(10),2(7),3,5,11(16),12,14-heptaen-9-one, 3,5-dihydroxy-14-methoxy-8,17-dioxatetracyclo[8.7.0.0²,⁷.0¹¹,¹⁶]heptadeca-1(10),2,4,6,11(16),12,14-heptaen-9-one","HMDB0034139, HMDB0030562, HMDB0030830, HMDB0033722, HMDB0033820, HMDB0033859, HMDB0035914, HMDB0036305, HMDB0128460, HMDB0140315, HMDB0140318","0","300307.1875","377348576","11","1","false","0.00001697753759799525","C11H16O6S+Na+"
"Pacific Northwest National Laboratory","20201130_jl_lungmap_agarose_1","2020-12-01_22h59m24s","C6H13N","M+H","","C6H13N+H+","100.11207585099999","0.006234825","0.5","0.006665526034470468","0.9574652906734455","0.9769375470278405","2-Methylpiperidine, Cyclohexylamine","HMDB0032416, HMDB0031404","0","226463.8125","96311808","2","0","false","0.000005907319973630365",""
"Pacific Northwest National Laboratory","20201130_jl_lungmap_agarose_1","2020-12-01_22h59m24s","C5H9N3","M+H","","C5H9N3+H+","112.08692372299998","0.006266402","0.5","0.006645284335223767","0.9644559644458497","0.9777375201288245","Histamine, Betazole","HMDB0000870, HMDB0014417","0","244887.15625","97298728","2","0","false","0.000005474881163536338",""
"Pacific Northwest National Laboratory","20201130_jl_lungmap_agarose_1","2020-12-01_22h59m24s","C13H21N3O","M+Na","","C13H21N3O+Na+","258.157682975","0.0062864646","0.5","0.006435964393486328","0.9802847507400982","0.996415770609319","Procainamide","HMDB0015169","0","178833.0625","24387228","1","0","false","0.0002829184813890606",""
"Pacific Northwest National Laboratory","20201130_jl_lungmap_agarose_1","2020-12-01_22h59m24s","C15H12ClN3O","M+Na","","C15H12ClN3O+Na+","308.05611038700005","0.006294733","0.5","0.007000342087642989","0.905341490692516","0.9932203389830508","7-Aminoclonazepam","HMDB0041817","0","169739.78125","15670616","1","1","false","0.00012378393148537725","C12H15NO5S+Na+"
"Pacific Northwest National Laboratory","20201130_jl_lungmap_agarose_1","2020-12-01_22h59m24s","C6H13NO2","M+H","","C6H13NO2+H+","132.101905091","0.0063136686","0.5","0.006534403823246721","0.9774983373477606","0.9884615384615385","L-Isoleucine, L-Alloisoleucine, L-Leucine, Beta-Leucine, L-Norleucine, Aminocaproic acid, D-Leucine, 3-Aminocaproic acid, (±)-erythro-Isoleucine, 6-Deoxyfagomine, N-(2-Hydroxyethyl)-morpholine, N-methylvaline, 3,3,5-triiodo-L-thyronine-beta-D-glucuronoside","HMDB0000172, HMDB0000557, HMDB0000687, HMDB0003640, HMDB0001645, HMDB0001901, HMDB0013773, HMDB0029168, HMDB0033923, HMDB0036382, HMDB0060650, HMDB0061716, HMDB0062203","0","184367.546875","54292440","13","0","false","0.000026083611373906024",""
"Pacific Northwest National Laboratory","20201130_jl_lungmap_agarose_1","2020-12-01_22h59m24s","C41H68NO8P","M+Na","","C41H68NO8P+Na+","756.4574758189999","0.006317137","0.5","0.007618654906562127","0.8565304133890776","0.968053148469093","PE(14:1(9Z)/22:6(4Z,7Z,10Z,13Z,16Z,19Z)), PE(18:3(6Z,9Z,12Z)/18:4(6Z,9Z,12Z,15Z)), PE(18:3(9Z,12Z,15Z)/18:4(6Z,9Z,12Z,15Z)), PE(18:4(6Z,9Z,12Z,15Z)/18:3(6Z,9Z,12Z)), PE(18:4(6Z,9Z,12Z,15Z)/18:3(9Z,12Z,15Z)), PE(22:6(4Z,7Z,10Z,13Z,16Z,19Z)/14:1(9Z))","HMDB0008880, HMDB0009129, HMDB0009162, HMDB0009193, HMDB0009194, HMDB0009680","0","1113347.375","554132352","6","0","false","0.00004900626663584262",""
"Pacific Northwest National Laboratory","20201130_jl_lungmap_agarose_1","2020-12-01_22h59m24s","C23H30N2","M+Na","","C23H30N2+Na+","357.230119643","0.0063180905","0.5","0.006842225606279873","0.9278496975255063","0.995201037613489","Emopamil","HMDB0012224","0","202978.796875","36936616","1","0","false","0.00004704767343355343",""
"Pacific Northwest National Laboratory","20201130_jl_lungmap_agarose_1","2020-12-01_22h59m24s","C9H20O","M+Na","","C9H20O+Na+","167.14063594299998","0.006323443","0.5","0.006587045141333865","0.9649569065064668","0.9948441247002399","Diisobutylcarbinol, (±)-3,5,5-Trimethyl-1-hexanol, 1-Nonanol, 3-Nonanol, 2-Nonanol","HMDB0031153, HMDB0031198, HMDB0031265, HMDB0031732, HMDB0033916","0","170553.109375","35027224","5","0","false","0.00029132061172276735",""
"Pacific Northwest National Laboratory","20201130_jl_lungmap_agarose_1","2020-12-01_22h59m24s","C42H78NO8P","M+H","","C42H78NO8P+H+","756.5537818909999","0.0063240817","0.5","0.007461427795343243","0.8500548131944308","0.9970767735665694","PC(14:0/20:3(5Z,8Z,11Z)), PC(14:0/20:3(8Z,11Z,14Z)), PC(14:1(9Z)/20:2(11Z,14Z)), PC(16:0/18:3(6Z,9Z,12Z)), PC(16:0/18:3(9Z,12Z,15Z)), PC(16:1(9Z)/18:2(9Z,12Z)), PC(18:2(9Z,12Z)/16:1(9Z)), PC(18:3(6Z,9Z,12Z)/16:0), PC(18:3(9Z,12Z,15Z)/16:0), PC(20:2(11Z,14Z)/14:1(9Z)), PC(20:3(5Z,8Z,11Z)/14:0), PC(20:3(8Z,11Z,14Z)/14:0), PE-NMe(14:1(9Z)/22:2(13Z,16Z)), PE-NMe(16:0/20:3(5Z,8Z,11Z)), PE-NMe(16:0/20:3(8Z,11Z,14Z)), PE-NMe(16:1(9Z)/20:2(11Z,14Z)), PE-NMe(18:0/18:3(6Z,9Z,12Z)), PE-NMe(18:0/18:3(9Z,12Z,15Z)), PE-NMe(18:1(11Z)/18:2(9Z,12Z)), PE-NMe(18:1(9Z)/18:2(9Z,12Z)), PE-NMe(18:2(9Z,12Z)/18:1(11Z)), PE-NMe(18:2(9Z,12Z)/18:1(9Z)), PE-NMe(18:3(6Z,9Z,12Z)/18:0), PE-NMe(18:3(9Z,12Z,15Z)/18:0), PE-NMe(20:2(11Z,14Z)/16:1(9Z)), PE-NMe(20:3(5Z,8Z,11Z)/16:0), PE-NMe(20:3(8Z,11Z,14Z)/16:0), PE-NMe(22:2(13Z,16Z)/14:1(9Z)), PE-NMe2(15:0/20:3(5Z,8Z,11Z)), PE-NMe2(15:0/20:3(8Z,11Z,14Z)), PE-NMe2(20:3(5Z,8Z,11Z)/15:0), PE-NMe2(20:3(8Z,11Z,14Z)/15:0)","HMDB0007881, HMDB0007882, HMDB0007913, HMDB0007974, HMDB0007975, HMDB0008006, HMDB0008134, HMDB0008166, HMDB0008199, HMDB0008329, HMDB0008361, HMDB0008394, HMDB0113011, HMDB0113048, HMDB0113049, HMDB0113069, HMDB0113090, HMDB0113091, HMDB0113116, HMDB0113143, HMDB0113170, HMDB0113171, HMDB0113198, HMDB0113226, HMDB0113341, HMDB0113369, HMDB0113397, HMDB0113564, HMDB0113926, HMDB0113927, HMDB0114270, HMDB0114298","0","260375504","774327762944","32","1","false","0.00014044501585885882","C40H80NO8P+Na+"
"Pacific Northwest National Laboratory","20201130_jl_lungmap_agarose_1","2020-12-01_22h59m24s","C9H12N2","M+H","","C9H12N2+H+","149.10732481899998","0.006327341","0.5","0.0065814308403572925","0.9716508245751129","0.9894428152492669","3-Ethyl-5-methyl-2-vinylpyrazine, Nornicotine, 6,7-Dihydro-2,3-dimethyl-5H-cyclopentapyrazine, 6,7-Dihydro-2,5-dimethyl-5H-cyclopentapyrazine, 6,7-Dihydro-2,6-dimethyl-5H-cyclopentapyrazine, 2,5-Dimethyl-3-(2-propenyl)pyrazine, 3,5-Dimethyl-2-(2-propenyl)pyrazine, 2,3-Dimethyl-5-(2-propenyl)pyrazine, 2,5-Dimethyl-3-(1-propenyl)pyrazine, 3,5-Dimethyl-2-(1-propenyl)pyrazine, 2,3-Dimethyl-5-(1-propenyl)pyrazine","HMDB0034892, HMDB0001126, HMDB0036142, HMDB0039831, HMDB0039832, HMDB0039983, HMDB0039984, HMDB0039985, HMDB0039986, HMDB0039987, HMDB0039988","0","165182.75","42913660","11","0","false","0.00024957922869361937",""
"Pacific Northwest National Laboratory","20201130_jl_lungmap_agarose_1","2020-12-01_22h59m24s","C6H10O3","M+H","","C6H10O3+H+","131.070270615","0.0063323956","0.5","0.006495731879741106","0.9809332986057967","0.9938034188034188","2-Ketohexanoic acid, 2-Methyl-3-ketovaleric acid, 3-Methyl-2-oxovaleric acid, Ketoleucine, Mevalonolactone, 3-Oxohexanoic acid, Adipate semialdehyde, 5-Ethoxy-4,5-dihydro-2(3H)furanone, Ethyl acetoacetate, Sherry lactone, (4S,6S)-3,4,5,6-Tetrahydro-4-hydroxy-6-methyl-2H-pyran-2-one, Acetoin acetate, Methyl levulinate, Pantolactone, 4-Acetylbutyrate","HMDB0001864, HMDB0000408, HMDB0000491, HMDB0000695, HMDB0006024, HMDB0010717, HMDB0012882, HMDB0031214, HMDB0031216, HMDB0033286, HMDB0033302, HMDB0033698, HMDB0041602, HMDB0059876, HMDB0061881","0","247656.328125","57959824","15","0","false","0.00003581929559004493",""
"Pacific Northwest National Laboratory","20201130_jl_lungmap_agarose_1","2020-12-01_22h59m24s","C7H9NO4S","M+H","","C7H9NO4S+H+","204.03250537299996","0.00634122","0.5","0.006493915708389682","0.9796464883595656","0.9967741935483871","Cystathionine ketimine","HMDB0002015","0","177358.734375","27546616","1","0","false","0.00023310940014198422",""
"Pacific Northwest National Laboratory","20201130_jl_lungmap_agarose_1","2020-12-01_22h59m24s","C25H30N2O5","M+H","","C25H30N2O5+H+","439.222748495","0.0063437456","0.5","0.007014481425710755","0.9223838510406153","0.9804794520547945","Quinapril","HMDB0015019","0","239157.78125","89287560","1","2","false","0.00004445657759788446","C23H32N2O5+Na+, C21H37O6P+Na+"
"Pacific Northwest National Laboratory","20201130_jl_lungmap_agarose_1","2020-12-01_22h59m24s","C9H14N2O2S","M+H","","C9H14N2O2S+H+","215.08487529299998","0.0063502514","0.5","0.006616732284563321","0.9629359781799478","0.9966666666666667","Methyl bisnorbiotinyl ketone","HMDB0004822","0","181381.75","25466624","1","0","false","0.0003317216760478914",""
"Pacific Northwest National Laboratory","20201130_jl_lungmap_agarose_1","2020-12-01_22h59m24s","C6H4NO4","M+Na","","C6H4NO4+Na+","177.00325329099996","0.006354041","0.5","0.006508055657359608","0.978746724397069","0.9975356679636835","2-hydroxy-4-nitrophenolate","HMDB0062694","0","180008.484375","32877236","1","0","false","0.00008687211811775342",""
"Pacific Northwest National Laboratory","20201130_jl_lungmap_agarose_1","2020-12-01_22h59m24s","C15H14O2","M+H","","C15H14O2+H+","227.106656123","0.006357804","0.5","0.006689428936241317","0.9565188978314216","0.9936296296296296","Phenylmethyl benzeneacetate, 2-Phenylethyl benzoate, p-Tolyl phenylacetate, 4-(3-hydroxy-3-phenylprop-1-en-1-yl)phenol, 4-[(2E)-3-phenylprop-2-en-1-yl]benzene-1,3-diol, 3-methoxy-5-[(E)-2-phenylethenyl]phenol, 3-hydroxy-1,3-diphenylpropan-1-one, 1-(3-hydroxyphenyl)-3-phenylpropan-1-one, 3-(3-hydroxyphenyl)-1-phenylpropan-1-one, 1-(4-hydroxyphenyl)-3-phenylpropan-1-one, 3-(4-hydroxyphenyl)-1-phenylpropan-1-one, 1-(2-hydroxyphenyl)-3-phenylpropan-1-one, 3-(2-hydroxyphenyl)-1-phenylpropan-1-one, 1-hydroxy-1,3-diphenylpropan-2-one, 1-(3-hydroxyphenyl)-3-phenylpropan-2-one, 1-(4-hydroxyphenyl)-3-phenylpropan-2-one, 1-(2-hydroxyphenyl)-3-phenylpropan-2-one, 3-phenyl-3,4-dihydro-2H-1-benzopyran-7-ol","HMDB0033251, HMDB0033946, HMDB0041564, HMDB0135589, HMDB0130334, HMDB0130984, HMDB0135209, HMDB0135210, HMDB0135211, HMDB0135212, HMDB0135213, HMDB0135214, HMDB0135215, HMDB0135540, HMDB0135541, HMDB0135542, HMDB0135543, HMDB0141210","0","176440.484375","28708956","18","1","false","0.00007152942998800427","C10H20O2S+Na+"
"Pacific Northwest National Laboratory","20201130_jl_lungmap_agarose_1","2020-12-01_22h59m24s","C7H16S","M+H","","C7H16S+H+","133.10454811699998","0.00636582","0.5","0.006570761049911547","0.9770034855483146","0.9916138125440451","2-Heptanethiol, Heptane-1-thiol","HMDB0032303, HMDB0032304","0","233672.890625","58350744","2","0","false","0.000015460780559806153",""
"Pacific Northwest National Laboratory","20201130_jl_lungmap_agarose_1","2020-12-01_22h59m24s","C5H12O5","M+H","","C5H12O5+H+","153.075749919","0.006372228","0.5","0.006471064769561995","0.9870370869231896","0.9976588628762542","Ribitol, D-Arabitol, L-Arabitol, D-Xylitol, L-2-(Hydroxymethyl)-1,2,3,4-butanetetrol","HMDB0000508, HMDB0000568, HMDB0001851, HMDB0002917, HMDB0033730","0","176885.078125","37796580","5","0","false","0.00004049289054819383",""
"Pacific Northwest National Laboratory","20201130_jl_lungmap_agarose_1","2020-12-01_22h59m24s","C2H4S3","M+Na","","C2H4S3+Na+","146.936734321","0.0063754944","0.5","0.006625041786987881","0.9644759892237253","0.9977777777777778","1,2,4-Trithiolane","HMDB0039433","0","175049.4375","41581556","1","0","false","0.0000938570883590728",""
"Pacific Northwest National Laboratory","20201130_jl_lungmap_agarose_1","2020-12-01_22h59m24s","C14H23NO","M+H","","C14H23NO+H+","222.18524079099998","0.0063765002","0.5","0.0066450306078107155","0.9625879966397104","0.9968847352024922","N-3,7-Dimethyl-2,6-octadienylcyclopropylcarboxamide, N-Isobutyl-2,4,8-decatrienamide, Sarmentine","HMDB0032240, HMDB0030188, HMDB0038840","0","177761.09375","27497880","3","0","false","0.0007255381788127124",""
"Pacific Northwest National Laboratory","20201130_jl_lungmap_agarose_1","2020-12-01_22h59m24s","C13H15N2O4","M+H","","C13H15N2O4+H+","264.110458395","0.0063771405","0.5","0.006675152954463835","0.9594552160425303","0.9957264957264957","N(2)-phenylacetyl-L-glutaminate","HMDB0062645","0","187251.609375","20427244","1","0","false","0.0002036847290582955",""
"Pacific Northwest National Laboratory","20201130_jl_lungmap_agarose_1","2020-12-01_22h59m24s","C8H12OS","M+H","","C8H12OS+H+","157.06816260899998","0.006377852","0.5","0.006519037857259594","0.9805482505583956","0.9977505112474437","2-[(Isopropylthio)methyl]furan","HMDB0036181","0","163343.265625","41005096","1","0","false","0.0005931736086495221",""
"Pacific Northwest National Laboratory","20201130_jl_lungmap_agarose_1","2020-12-01_22h59m24s","C14H24O4","M+H","","C14H24O4+H+","257.174735683","0.006383076","0.5","0.006589716969127705","0.9742653162791632","0.9942279942279942","5-Nonyltetrahydro-2-oxo-3-furancarboxylic acid, Monomenthyl succinate","HMDB0030993, HMDB0036143","0","328863.34375","34559680","2","0","false","0.00007509373244829476",""
"Pacific Northwest National Laboratory","20201130_jl_lungmap_agarose_1","2020-12-01_22h59m24s","C5H4O2","M+H","","C5H4O2+H+","97.028405803","0.006399004","0.5","0.006636205486535701","0.9675030810166138","0.9966442953020134","2-Furancarboxaldehyde, Protoanemonin","HMDB0032914, HMDB0060503","0","210758.03125","46902800","2","0","false","0.000008397480087296572",""
"Pacific Northwest National Laboratory","20201130_jl_lungmap_agarose_1","2020-12-01_22h59m24s","C7H17N","M+Na","","C7H17N+Na+","138.12532022699997","0.006404811","0.5","0.006554949470741301","0.9787528341375407","0.9983065953654189","Isobutylpropylamine, 2,4-dimethylpentan-3-amine","HMDB0031244, HMDB0062667","0","190617.875","46277216","2","0","false","0.000009093716471397784",""
"Pacific Northwest National Laboratory","20201130_jl_lungmap_agarose_1","2020-12-01_22h59m24s","C11H11N5","M+H","","C11H11N5+H+","214.108721787","0.006406461","0.5","0.006629679044276287","0.969253634406279","0.996984126984127","Phenazopyridine, 2-Amino-3,8-dimethyl-3H-imidazo[4,5-f]quinoxaline","HMDB0015506, HMDB0029864","0","195701.8125","26894820","2","0","false","0.00012196321040391922",""
"Pacific Northwest National Laboratory","20201130_jl_lungmap_agarose_1","2020-12-01_22h59m24s","C14H14O6","M+Na","","C14H14O6+Na+","301.06825885100005","0.0064089955","0.5","0.006722802866260171","0.9586906398522327","0.9944","8-(1,2-dihydroxypropan-2-yl)-9-hydroxy-2H,8H,9H-furo[2,3-h]chromen-2-one, 2-(1,2-dihydroxypropan-2-yl)-9-hydroxy-2H,3H,7H-furo[3,2-g]chromen-7-one, 3,9-dihydroxy-2-(2-hydroxypropan-2-yl)-2H,3H,7H-furo[3,2-g]chromen-7-one","HMDB0128947, HMDB0132919, HMDB0132920","0","174013.640625","16515807","3","0","false","0.0006229045684449375",""
"Pacific Northwest National Laboratory","20201130_jl_lungmap_agarose_1","2020-12-01_22h59m24s","CH5O4P","M+H","","CH5O4P+H+","112.999822075","0.0064091375","0.5","0.006812204920735302","0.9566435252844918","0.9834714003944773","Methylphosphate","HMDB0061711","0","252520.71875","99326288","1","0","false","0.00001579671516083181",""
"Pacific Northwest National Laboratory","20201130_jl_lungmap_agarose_1","2020-12-01_22h59m24s","C14H24O","M+H","","C14H24O+H+","209.18999182299999","0.006416548","0.5","0.006684310457402128","0.9630971205395567","0.9967236467236468","2-Decylfuran, (E)-6,10-Dimethyl-9-methylene-5-undecen-2-one, 2-Cyclotetradecen-1-one","HMDB0032215, HMDB0035862, HMDB0039884","0","160210.328125","29532760","3","0","false","0.0002608603099361062",""
"Pacific Northwest National Laboratory","20201130_jl_lungmap_agarose_1","2020-12-01_22h59m24s","C9H18O3","M+Na","","C9H18O3+Na+","197.11481511899996","0.006422529","0.5","0.006617685826848142","0.9768947604643241","0.9934640522875817","(±)-3-Hydroxynonanoic acid, 2,4,6-Triethyl-1,3,5-trioxane","HMDB0031513, HMDB0034040","0","170132.96875","26015928","2","0","false","0.00005686180156772025",""
"Pacific Northwest National Laboratory","20201130_jl_lungmap_agarose_1","2020-12-01_22h59m24s","C2H4Br2","M+Na","","C2H4Br2+Na+","208.857196811","0.0064274753","0.5","0.011410270438447124","0.5648821386358956","0.9972099853157121","1,2-Dibromoethane","HMDB0060334","0","192337.5625","28743182","1","0","false","0.00009272462193621323",""
"Pacific Northwest National Laboratory","20201130_jl_lungmap_agarose_1","2020-12-01_22h59m24s","C2H6O4S","M+Na","","C2H6O4S+Na+","148.987900525","0.006434167","0.5","0.0064985455437275375","0.9924324557003226","0.9976430976430977","Ethyl hydrogen sulfate, 2-Hydroxyethanesulfonate","HMDB0031233, HMDB0003903","0","170779.5","37099472","2","0","false","0.00002972999027406331",""
"Pacific Northwest National Laboratory","20201130_jl_lungmap_agarose_1","2020-12-01_22h59m24s","C10H10O6S","M+H","","C10H10O6S+H+","259.027085645","0.006434962","0.5","0.006664969567137099","0.9692689487275343","0.9961013645224172","{4-[(1E)-3-methoxy-3-oxoprop-1-en-1-yl]phenyl}oxidanesulfonic acid, (2Z)-3-phenyl-2-[(sulfooxy)methyl]prop-2-enoic acid, (2E)-2-methyl-3-[3-(sulfooxy)phenyl]prop-2-enoic acid, (2E)-2-methyl-3-[4-(sulfooxy)phenyl]prop-2-enoic acid, [2-hydroxy-5-(3-oxobut-1-en-1-yl)phenyl]oxidanesulfonic acid","HMDB0131180, HMDB0133661, HMDB0133664, HMDB0133667, HMDB0135681","0","181987.953125","22309456","5","0","false","0.000042427036532899365",""
"Pacific Northwest National Laboratory","20201130_jl_lungmap_agarose_1","2020-12-01_22h59m24s","C9H14N5O7P","M+H","","C9H14N5O7P+H+","336.070361223","0.0064416244","0.5","0.006663748487792991","0.9737671970214854","0.9927083333333333","Dihydroneopterin phosphate","HMDB0006824","0","182804.921875","12820994","1","0","false","0.001406557741574943",""
"Pacific Northwest National Laboratory","20201130_jl_lungmap_agarose_1","2020-12-01_22h59m24s","C4H8N2O4","M+Na","","C4H8N2O4+Na+","171.037627419","0.0064631","0.5","0.006588473727832848","0.9834028215513636","0.9975268817204301","Hydroxylated lecithin","HMDB0032332","0","177627.40625","39320816","1","0","false","0.000017443837350583635",""
"Pacific Northwest National Laboratory","20201130_jl_lungmap_agarose_1","2020-12-01_22h59m24s","C10H12ClNO2","M+Na","","C10H12ClNO2+Na+","236.04487700699997","0.006464003","0.5","0.007208226842361463","0.8993988654140328","0.9970588235294118","Baclofen","HMDB0014327","0","167914.421875","30441412","1","0","false","0.0001469376147724688",""
"Pacific Northwest National Laboratory","20201130_jl_lungmap_agarose_1","2020-12-01_22h59m24s","C9H18N2O4","M+H","","C9H18N2O4+H+","219.13393349099996","0.006464774","0.5","0.006641042603823115","0.9764036914616508","0.9969827586206896","Leucyl-Serine, Serylisoleucine, Serylleucine, Threoninyl-Valine, Valyl-Threonine, Meprobamate, Isoleucyl-Serine, L-Lysopine, Pantothenamide","HMDB0028938, HMDB0029042, HMDB0029043, HMDB0029074, HMDB0029137, HMDB0014515, HMDB0028916, HMDB0033675, HMDB0041313","0","170953.171875","29645648","9","0","false","0.0010241722920909524",""
"Pacific Northwest National Laboratory","20201130_jl_lungmap_agarose_1","2020-12-01_22h59m24s","C13H22N4O8S2","M+Na","","C13H22N4O8S2+Na+","449.077126687","0.00646752","0.5","0.007108150086431874","0.940329391488539","0.9676118143459915","Cysteineglutathione disulfide","HMDB0000656","0","339720.84375","320468224","1","0","false","0.0000860399377415888",""
"Pacific Northwest National Laboratory","20201130_jl_lungmap_agarose_1","2020-12-01_22h59m24s","C3H7O7P","M+H","","C3H7O7P+H+","187.00021599899998","0.0064739087","0.5","0.0065415378810838995","0.9917430101763788","0.9979012345679013","2-Phosphoglyceric acid, 3-Phosphoglyceric acid, 2-Phospho-D-glyceric acid, (2R)-2-Hydroxy-3-(phosphonatooxy)propanoate","HMDB0000362, HMDB0000807, HMDB0003391, HMDB0060180","0","198307.1875","34440512","4","2","false","0.00004901916690869257","C3H7N3O4+K+, C8H4O4+Na+"
"Pacific Northwest National Laboratory","20201130_jl_lungmap_agarose_1","2020-12-01_22h59m24s","C6H14NO2S","M+H","","C6H14NO2S+H+","165.08180129299998","0.006480506","0.5","0.006615346273138127","0.9824139496293646","0.9971530249110321","S-Methylmethionine","HMDB0038670","0","183600.5625","35684300","1","0","false","0.00027834446518681943",""
"Pacific Northwest National Laboratory","20201130_jl_lungmap_agarose_1","2020-12-01_22h59m24s","C7H12O3S","M+H","","C7H12O3S+H+","177.057991849","0.0064838137","0.5","0.006660618560815172","0.9789578164084982","0.9943790849673203","Methylthio 2-(propanoyloxy)propanoate","HMDB0040003","0","172500.375","31988554","1","0","false","0.000988329411484301",""
"Pacific Northwest National Laboratory","20201130_jl_lungmap_agarose_1","2020-12-01_22h59m24s","C15H28","M+Na","","C15H28+Na+","231.20832157899997","0.006490759","0.5","0.006808959858192664","0.9563109130038281","0.9968174204355109","Cadinene","HMDB0032182","0","181767.90625","25220050","1","0","false","0.00007331430970225483",""
"Pacific Northwest National Laboratory","20201130_jl_lungmap_agarose_1","2020-12-01_22h59m24s","C8H15O2","M+Na","","C8H15O2+Na+","166.09642540299998","0.0065055806","0.5","0.006719315480751044","0.9704938512421132","0.9976271186440678","2-ethylhexanoate (isobar with 2-propylpentanoate), octanoate radical","HMDB0062546, HMDB0062511","0","193145.609375","37184228","2","0","false","0.000048617770517012104",""
"Pacific Northwest National Laboratory","20201130_jl_lungmap_agarose_1","2020-12-01_22h59m24s","C13H26O6","M+H","","C13H26O6+H+","279.180214987","0.0065294397","0.5","0.006785085199808088","0.9664986778251261","0.995679012345679","(x)-2-Heptanol glucoside","HMDB0035028","0","174224.953125","21344722","1","0","false","0.00014968731557019055",""
"Pacific Northwest National Laboratory","20201130_jl_lungmap_agarose_1","2020-12-01_22h59m24s","C11H6O","M+H","","C11H6O+H+","155.049141247","0.0065309806","0.5","0.006746617641015041","0.9702145317099211","0.9977564102564103","1-Phenyl-2,4-pentadiyn-1-one","HMDB0032945","0","172679.1875","39207400","1","0","false","0.00003442443266976625",""
"Pacific Northwest National Laboratory","20201130_jl_lungmap_agarose_1","2020-12-01_22h59m24s","C7H16NO","M+Na","","C7H16NO+Na+","153.11240981499998","0.006531344","0.5","0.006735870823515322","0.9747767764813382","0.994726368159204","4-Trimethylammoniobutanal","HMDB0001345","0","192761.390625","42029000","1","0","false","0.000051836414058925584",""
"Pacific Northwest National Laboratory","20201130_jl_lungmap_agarose_1","2020-12-01_22h59m24s","C11H10O","M+H","","C11H10O+H+","159.080441375","0.0065550795","0.5","0.006820594431342396","0.9643735907737234","0.996576032225579","2-Methoxynaphthalene, (2-Naphthyl)methanol, 1-Hydroxymethylnaphthalene","HMDB0032861, HMDB0060303, HMDB0060322","0","202406.390625","41932468","3","0","false","0.00006459996075136587",""
"Pacific Northwest National Laboratory","20201130_jl_lungmap_agarose_1","2020-12-01_22h59m24s","C7H8O3","M+H","","C7H8O3+H+","141.054620551","0.006558412","0.5","0.006786059746175231","0.977846008160235","0.9883495145631068","Ethyl maltol, Furfuryl acetate, Ethyl 3-furoate, Ethyl furoate, 3-methoxybenzene-1,2-diol, 4-methoxybenzene-1,3-diol, 5-methoxybenzene-1,3-diol, 2-methoxybenzene-1,3-diol, 4-methoxybenzene-1,2-diol, 2-methoxybenzene-1,4-diol","HMDB0031735, HMDB0034246, HMDB0059880, HMDB0059862, HMDB0125538, HMDB0125014, HMDB0132905, HMDB0133970, HMDB0137137, HMDB0137138","0","180023.46875","51428540","10","0","false","0.00004928521593683399",""
"Pacific Northwest National Laboratory","20201130_jl_lungmap_agarose_1","2020-12-01_22h59m24s","C6H9NO2","M+H","","C6H9NO2+H+","128.070604963","0.006573619","0.5","0.006784113407241964","0.9766361476486256","0.9921529175050302","D-1-Piperideine-2-carboxylic acid, (S)-2,3,4,5-Tetrahydropiperidine-2-carboxylate, (±)-4-Methylene-2-pyrrolidinecarboxylic acid, (S)-2,3,4,5-tetrahydropyridine-2-carboxylate","HMDB0001084, HMDB0012130, HMDB0029434, HMDB0059657","0","179547.59375","60224964","4","0","false","0.000007681870556552894",""
"Pacific Northwest National Laboratory","20201130_jl_lungmap_agarose_1","2020-12-01_22h59m24s","C6H13N3O3","M+H","","C6H13N3O3+H+","176.102967711","0.006597393","0.5","0.006740713045926474","0.9838093282314916","0.9948453608247423","Citrulline, Argininic acid","HMDB0000904, HMDB0003148","0","164584.4375","36918316","2","0","false","0.00018815355724655092",""
"Pacific Northwest National Laboratory","20201130_jl_lungmap_agarose_1","2020-12-01_22h59m24s","C9H11NO2S","M+H","","C9H11NO2S+H+","198.05832619699999","0.0066092117","0.5","0.006794902188867664","0.9756285298520965","0.996969696969697","N-(4-hydroxyphenyl)ethoxycarbothioamide","HMDB0033179","0","170889.09375","30704902","1","0","false","0.0015555279096588492",""
"Pacific Northwest National Laboratory","20201130_jl_lungmap_agarose_1","2020-12-01_22h59m24s","C6H4O4","M+Na","","C6H4O4+Na+","163.000179291","0.0066262023","0.5","0.0067321981720348265","0.9864022041672733","0.997823596792669","trans-4-Carboxymethylenebut-2-en-4-olide, cis-4-Carboxymethylenebut-2-en-4-olide, Cis,trans-muconate","HMDB0060518, HMDB0060459, HMDB0062661","0","178643.40625","37085412","3","0","false","0.000046952656703069806",""
"Pacific Northwest National Laboratory","20201130_jl_lungmap_agarose_1","2020-12-01_22h59m24s","C13H18N2O5","M+Na","","C13H18N2O5+Na+","305.110792359","0.0066276607","0.5","0.006920067771559487","0.9611501037221526","0.9964573268921095","Threoninyl-Tyrosine, Tyrosyl-Threonine, Hydroxy-lacosamide","HMDB0029073, HMDB0029115, HMDB0061146","0","177710.203125","27816268","3","0","false","0.004210144747048616",""
"Pacific Northwest National Laboratory","20201130_jl_lungmap_agarose_1","2020-12-01_22h59m24s","C4H8S3","M+Na","","C4H8S3+Na+","174.968034449","0.00663606","0.5","0.0068825343620233835","0.9669442782068697","0.9971499380421314","3,5-Dimethyl-1,2,4-trithiolane, Methyl 2-propenyl trisulfide, 3-Methyl-1,2,4-trithiane","HMDB0031470, HMDB0034416, HMDB0037290","0","167354.6875","34040232","3","1","false","0.00007290652865776792","C3H4O5S+Na+"
"Pacific Northwest National Laboratory","20201130_jl_lungmap_agarose_1","2020-12-01_22h59m24s","C16H25NO","M+H","","C16H25NO+H+","248.20089085499998","0.0066451333","0.5","0.007023366596609771","0.9507638069495334","0.9951434878587196","Neoherculin, 1-(5-Methyl-3-pyridinyl)-1-decanone","HMDB0030955, HMDB0031952","0","165807.484375","19586324","2","0","false","0.0005507530295290053",""
"Pacific Northwest National Laboratory","20201130_jl_lungmap_agarose_1","2020-12-01_22h59m24s","C6H14N","M+H","","C6H14N+H+","101.11990088299999","0.0066483873","0.5","0.007162506145267507","0.947157477322847","0.9800068587105624","Cyclohexylammonium","HMDB0062716","0","219722.28125","107163592","1","0","false","0.00009913060785038397",""
"Pacific Northwest National Laboratory","20201130_jl_lungmap_agarose_1","2020-12-01_22h59m24s","C12H24O","M+Na","","C12H24O+Na+","207.17193607099998","0.0066574565","0.5","0.006935047875958546","0.9624630997325762","0.9974124809741248","2-Dodecanone, 2-Methylundecanal, (+/-)-2,4,8-Trimethyl-7-nonen-2-ol, Lauric aldehyde","HMDB0031019, HMDB0031734, HMDB0032543, HMDB0033933","0","210824.828125","28245844","4","0","false","0.0003997805470135063",""
"Pacific Northwest National Laboratory","20201130_jl_lungmap_agarose_1","2020-12-01_22h59m24s","C9H18","M+H","","C9H18+H+","127.14812701099999","0.0066575035","0.5","0.006958697170092587","0.9649144667441196","0.9915044247787611","1-Nonene, Isopropylcyclohexane","HMDB0031270, HMDB0038191","0","167017.484375","68474552","2","0","false","0.00003157517858198844",""
"Pacific Northwest National Laboratory","20201130_jl_lungmap_agarose_1","2020-12-01_22h59m24s","C39H61O8P","M+H","","C39H61O8P+H+","689.417682347","0.006680396","0.5","0.007838693993332823","0.8588826932272119","0.9922580645161291","PA(18:4(6Z,9Z,12Z,15Z)/18:4(6Z,9Z,12Z,15Z))","HMDB0115038","0","1365384.375","793662656","1","0","false","0.00003220157668692991",""
"Pacific Northwest National Laboratory","20201130_jl_lungmap_agarose_1","2020-12-01_22h59m24s","CHNOS","M+Na","","CHNOS+Na+","97.96710550499999","0.0067074387","0.5","0.007042760298994707","0.9596997925791968","0.9923809523809524","Hypothiocyanite","HMDB0012974","0","250950.78125","67447184","1","0","false","0.000025383626052644104",""
"Pacific Northwest National Laboratory","20201130_jl_lungmap_agarose_1","2020-12-01_22h59m24s","C5H8O2","M+Na","","C5H8O2+Na+","123.041650179","0.006710333","0.5","0.006887437992504733","0.9787795192142899","0.9954088050314466","Glutaral, Dihydro-2-methyl-3(2H)-furanone, 2,4-Pentanedione, Dihydro-5-methyl-2(3H)-furanone, Isopropenyl acetate, Methyl methacrylate, 2-Ethylacrylic acid, Senecioic acid, Tiglic acid, 3-Methylbutyrolactone, Angelic acid, 2,3-Pentanedione, 4-Pentenoic acid, 2-Pentenoic acid, Ethyl acrylate, Dihydro-3-methyl-2(3H)-furanone, 3,3-dimethyloxirane-2-carbaldehyde, 2-methylbut-3-enoic acid, 2-methylbut-2-enoic acid, 3-Methylbut-3-enoic acid","HMDB0029599, HMDB0031178, HMDB0031648, HMDB0033840, HMDB0032351, HMDB0032385, HMDB0001862, HMDB0000509, HMDB0001470, HMDB0002167, HMDB0029608, HMDB0031598, HMDB0031602, HMDB0032459, HMDB0033978, HMDB0035143, HMDB0129418, HMDB0130837, HMDB0132474, HMDB0170858","0","179256.296875","63299780","20","0","false","0.000016135763871716335",""
"Pacific Northwest National Laboratory","20201130_jl_lungmap_agarose_1","2020-12-01_22h59m24s","C7H10O","M+Na","","C7H10O+Na+","133.06238562299998","0.0067127203","0.5","0.006939503565791494","0.9739056410718173","0.9932378679395386","2,3,5-Trimethylfuran, 2-Ethyl-5-methylfuran, 2-Propylfuran, 2-Isopropylfuran, 3-Methyl-2-cyclohexen-1-one, (E,Z)-2,4-Heptadienal","HMDB0029721, HMDB0029728, HMDB0040277, HMDB0040278, HMDB0031541, HMDB0061891","0","289195.5","51672984","6","0","false","0.000007123242085071979",""
"Pacific Northwest National Laboratory","20201130_jl_lungmap_agarose_1","2020-12-01_22h59m24s","C2H3Cl3O2","M+Na","","C2H3Cl3O2+Na+","186.90908311899997","0.006721877","0.5","0.00943017389028698","0.7161103342556145","0.9953846153846154","Chloral hydrate","HMDB0060451","0","196370.421875","33045178","1","0","false","0.0003021040465682745",""
"Pacific Northwest National Laboratory","20201130_jl_lungmap_agarose_1","2020-12-01_22h59m24s","C11H11NO2","M+H","","C11H11NO2+H+","190.086255027","0.0067364415","0.5","0.0069883598163426415","0.9691150468491254","0.9946721311475409","Indole-3-methyl acetate, Indole-3-propionic acid, Phensuximide","HMDB0029738, HMDB0002302, HMDB0014970","0","188854.21875","31326470","3","0","false","0.00012188820983283222",""
"Pacific Northwest National Laboratory","20201130_jl_lungmap_agarose_1","2020-12-01_22h59m24s","C2H2O3","M+Na","","C2H2O3+Na+","96.989614607","0.006747261","0.5","0.007050820957414446","0.9652716253389366","0.9913757700205339","Glyoxylic acid","HMDB0000119","0","249262.296875","51623584","1","0","false","0.000010621309229463805",""
"Pacific Northwest National Laboratory","20201130_jl_lungmap_agarose_1","2020-12-01_22h59m24s","C6H11NO","M+Na","","C6H11NO+Na+","136.07328465499998","0.00676078","0.5","0.007011696775790275","0.9755511667622377","0.9883792048929664","2,5-Dihydro-2,4,5-trimethyloxazole, 1-Piperidinecarboxaldehyde, 2-Acetylpyrrolidine, Epsilon-caprolactam","HMDB0031199, HMDB0031702, HMDB0037293, HMDB0062769","0","185044.671875","54340680","4","0","false","0.00006727688742103055",""
"Pacific Northwest National Laboratory","20201130_jl_lungmap_agarose_1","2020-12-01_22h59m24s","C6H15N4O2","M+Na","","C6H15N4O2+Na+","198.10872140299998","0.0067686806","0.5","0.006878199756891256","0.9872328992432917","0.9968036529680365","L-argininium(1+)","HMDB0062762","0","170798.65625","28033354","1","0","false","0.0013854646822437644",""
"Pacific Northwest National Laboratory","20201130_jl_lungmap_agarose_1","2020-12-01_22h59m24s","C3H2F6O","M+H","","C3H2F6O+H+","169.008260079","0.006775816","0.5","0.006859499322582949","0.9919624508117717","0.9958041958041958","Desflurane, Hexafluoroisopropanol","HMDB0015320, HMDB0060648","0","201296.984375","36189280","2","0","false","0.00003600210038712248",""
"Pacific Northwest National Laboratory","20201130_jl_lungmap_agarose_1","2020-12-01_22h59m24s","C6H6N4O2","M+H","","C6H6N4O2+H+","167.056351867","0.0067951423","0.5","0.006903273215358282","0.9863700211828771","0.9979381443298969","3-Methylxanthine, 7-Methylxanthine, 1-Methylxanthine, 9-Methylxanthine","HMDB0001886, HMDB0001991, HMDB0010738, HMDB0059716","0","190616.765625","36449320","4","0","false","0.00036557624116539955",""
"Pacific Northwest National Laboratory","20201130_jl_lungmap_agarose_1","2020-12-01_22h59m24s","C6H8O","M+H","","C6H8O+H+","97.064791311","0.0067977537","0.5","0.007046578508254183","0.9707386775908506","0.9937675070028011","2-Methyl-2-cyclopenten-1-one, 3-Methyl-2-cyclopenten-1-one, 2,4-Dimethylfuran, 2,5-Dimethylfuran, (E,E)-2,4-Hexadienal, 2-Ethylfuran, 3-Ethylfuran","HMDB0031545, HMDB0031546, HMDB0032965, HMDB0033182, HMDB0034729, HMDB0040587, HMDB0040588","0","201432.1875","50238040","7","0","false","0.000026784704459714703",""
"Pacific Northwest National Laboratory","20201130_jl_lungmap_agarose_1","2020-12-01_22h59m24s","C19H17ClFN3O5S","M+H","","C19H17ClFN3O5S+H+","454.06342410900004","0.006798253","0.5","0.008334161356629123","0.8511617492706954","0.958348134991119","Flucloxacillin","HMDB0014446","0","323407.8125","190208928","1","0","false","0.00000956881558522582",""
"Pacific Northwest National Laboratory","20201130_jl_lungmap_agarose_1","2020-12-01_22h59m24s","C9H17NO","M+H","","C9H17NO+H+","156.138290599","0.006809888","0.5","0.007085893252426004","0.966952957087517","0.9938938938938939","2,2,6,6-Tetramethyl-4-piperidinone, Methylisopelletierine, 3-(1-Pyrrolidinyl)-2-pentanone, 2-(1-Pyrrolidinyl)-3-pentanone","HMDB0031179, HMDB0030326, HMDB0039833, HMDB0039834","0","186212.09375","41933628","4","0","false","0.00014050824393052608",""
"Pacific Northwest National Laboratory","20201130_jl_lungmap_agarose_1","2020-12-01_22h59m24s","C6H14S","M+H","","C6H14S+H+","119.08889805299998","0.00682655","0.5","0.0070367442393432945","0.9802158972713831","0.9897095027080256","1-Hexanethiol, Diisopropyl sulfide, Dipropyl sulfide","HMDB0039806, HMDB0029579, HMDB0031431","0","265087","80996856","3","0","false","0.000008075825462583452",""
"Pacific Northwest National Laboratory","20201130_jl_lungmap_agarose_1","2020-12-01_22h59m24s","C5H9NO","M+H","","C5H9NO+H+","100.07569034299999","0.0068500056","0.5","0.0074107667118424245","0.9457096828136969","0.9773946360153257","2-Piperidinone, 1-Pyrrolidinecarboxaldehyde, 2,5-Dihydro-2,4-dimethyloxazole, (2R)-2-Hydroxy-2-methylbutanenitrile","HMDB0011749, HMDB0034587, HMDB0040518, HMDB0060309","0","152554.4375","85271168","4","0","false","0.000062089558923617",""
"Pacific Northwest National Laboratory","20201130_jl_lungmap_agarose_1","2020-12-01_22h59m24s","C18H26O14","M+H","","C18H26O14+H+","467.13953194699997","0.006850805","0.5","0.007333850370690817","0.9398307918378519","0.9939393939393939","3,4,5-trihydroxy-2-[hydroxy(3,4,5-trihydroxyoxan-2-yl)methyl]-4-[3,4,5-trihydroxy-6-(hydroxymethyl)oxan-2-yl]cyclohexa-2,5-dien-1-one","HMDB0128223","0","200923.546875","16155558","1","0","false","0.0005299432668834925",""
"Pacific Northwest National Laboratory","20201130_jl_lungmap_agarose_1","2020-12-01_22h59m24s","C8H15N3O4S","M+Na","","C8H15N3O4S+Na+","272.06754781300003","0.0068560066","0.5","0.007109636492031626","0.9726650852031384","0.9914264597191427","Cysteinyl-Glutamine, Cysteinyl-Gamma-glutamate, Glutaminylcysteine","HMDB0028773, HMDB0028789, HMDB0028794","0","194315.203125","60803064","3","0","false","0.000022864162019686773",""
"Pacific Northwest National Laboratory","20201130_jl_lungmap_agarose_1","2020-12-01_22h59m24s","C4H12NO4P","M+Na","","C4H12NO4P+Na+","192.03961554699998","0.006863811","0.5","0.006941790968027692","0.9950845804467547","0.9936507936507937","Phosphodimethylethanolamine","HMDB0060244","0","179511.078125","26879648","1","0","false","0.00016943577793426812",""
"Pacific Northwest National Laboratory","20201130_jl_lungmap_agarose_1","2020-12-01_22h59m24s","C15H20O","M+Na","","C15H20O+Na+","239.14063594299998","0.0068692802","0.5","0.007194411650286775","0.9579030614074018","0.9967687074829932","2-Hexyl-3-phenyl-2-propenal, (R)-ar-Turmerone, 5beta-1,3,7(11)-Eudesmatrien-8-one, 1,3,5,11-Bisabolatetraen-10-one, 1,2-Dehydro-alpha-cyperone, Furanodiene, Isogermafurene, 1,10-Oxidocalamenene","HMDB0031736, HMDB0035612, HMDB0035965, HMDB0036108, HMDB0036589, HMDB0036769, HMDB0038147, HMDB0059863","0","180836.109375","25313778","8","0","false","0.00037952850107103586",""
"Pacific Northwest National Laboratory","20201130_jl_lungmap_agarose_1","2020-12-01_22h59m24s","C13H18O6S","M+Na","","C13H18O6S+Na+","325.07163014900004","0.006879948","0.5","0.00726007308673275","0.9565864258750265","0.9906493506493507","{[1-(4-methoxyphenyl)-4-methyl-3-oxopentyl]oxy}sulfonic acid, {[5-(4-methoxyphenyl)-2-methyl-3-oxopentyl]oxy}sulfonic acid, {[1-(4-methoxyphenyl)-4-methyl-3-oxopentan-2-yl]oxy}sulfonic acid","HMDB0132961, HMDB0132965, HMDB0132968","0","211130.0625","53997252","3","1","false","0.0000343759820680134","C18H12O6+H+"
"Pacific Northwest National Laboratory","20201130_jl_lungmap_agarose_1","2020-12-01_22h59m24s","C24H48NO7P","M+Na","","C24H48NO7P+Na+","516.306060559","0.006883195","0.5","0.00809631835373357","0.8958746956673036","0.9489760348583878","LysoPC(16:1(9Z))","HMDB0010383","0","297461.21875","387923360","1","1","false","0.00006627081893384457","C26H46NO7P+H+"
"Pacific Northwest National Laboratory","20201130_jl_lungmap_agarose_1","2020-12-01_22h59m24s","C3H3NS","M+Na","","C3H3NS+Na+","107.98784094899999","0.006898202","0.5","0.0073947580155811965","0.959076543868892","0.9726546906187625","Thiazole","HMDB0029713","0","205961.03125","115166608","1","0","false","0.00002187190875702072",""
"Pacific Northwest National Laboratory","20201130_jl_lungmap_agarose_1","2020-12-01_22h59m24s","C6H9N3O6","M+H","","C6H9N3O6+H+","220.05641144299997","0.0068987487","0.5","0.007156887280236756","0.9673751458978546","0.9964401294498382","L-Oxalylalbizziine","HMDB0039164","0","176867","26326916","1","0","false","0.0003218480560462922",""
"Pacific Northwest National Laboratory","20201130_jl_lungmap_agarose_1","2020-12-01_22h59m24s","C12H16O","M+H","","C12H16O+H+","177.127391567","0.006901418","0.5","0.007199494970434945","0.9617602426186901","0.996711509715994","4-Methyl-1-phenyl-2-pentanone, (S)-4-(4-Methylphenyl)-2-pentanone, Rhubafuran, 3-(4-Isopropylphenyl)propanal, 1-Phenyl-2-hexanone","HMDB0031569, HMDB0034177, HMDB0036021, HMDB0036171, HMDB0094661","0","168559.625","28052766","5","0","false","0.00007354748959187418",""
"Pacific Northwest National Laboratory","20201130_jl_lungmap_agarose_1","2020-12-01_22h59m24s","C14H25NS","M+Na","","C14H25NS+Na+","262.159991653","0.0069039906","0.5","0.007240878898688746","0.9583000975334071","0.9949640287769784","5-Ethyl-4-methyl-2-octylthiazole, 2-Octyl-4-propylthiazole","HMDB0040095, HMDB0040114","0","168303.25","18075648","2","0","false","0.000021620788174914196",""
"Pacific Northwest National Laboratory","20201130_jl_lungmap_agarose_1","2020-12-01_22h59m24s","C6H8O","M+Na","","C6H8O+Na+","119.046735559","0.0069122245","0.5","0.007190993843763463","0.9755715074244765","0.9853030303030303","2-Methyl-2-cyclopenten-1-one, 3-Methyl-2-cyclopenten-1-one, 2,4-Dimethylfuran, 2,5-Dimethylfuran, (E,E)-2,4-Hexadienal, 2-Ethylfuran, 3-Ethylfuran","HMDB0031545, HMDB0031546, HMDB0032965, HMDB0033182, HMDB0034729, HMDB0040587, HMDB0040588","0","176425.6875","79027472","7","0","false","0.000022523096049553715",""
"Pacific Northwest National Laboratory","20201130_jl_lungmap_agarose_1","2020-12-01_22h59m24s","C11H14","M+H","","C11H14+H+","147.116826883","0.0069221975","0.5","0.007157766822820486","0.971173831130011","0.9957939011566772","(3-Methyl-2-butenyl)-benzene","HMDB0061808","0","190590.71875","39970488","1","0","false","0.0000318321654049214",""
"Pacific Northwest National Laboratory","20201130_jl_lungmap_agarose_1","2020-12-01_22h59m24s","C10H14O2S","M+H","","C10H14O2S+H+","199.078727293","0.0069273924","0.5","0.007203692281714333","0.9689052045689338","0.9925064599483204","4-[(2-Furanylmethyl)thio]-2-pentanone","HMDB0036134","0","182724.125","33002846","1","0","false","0.00014780617493670434",""
"Pacific Northwest National Laboratory","20201130_jl_lungmap_agarose_1","2020-12-01_22h59m24s","C14H15N3","M+H","","C14H15N3+H+","226.13387391499998","0.0069276053","0.5","0.007214846097757395","0.9630409528615651","0.997037037037037","4-(Dimethylamino)azobenzene, Cyprodinil","HMDB0032141, HMDB0034853","0","174188.640625","28580158","2","0","false","0.00004142722536926158",""
"Pacific Northwest National Laboratory","20201130_jl_lungmap_agarose_1","2020-12-01_22h59m24s","C22H22N4O3","M+H","","C22H22N4O3+H+","391.176466999","0.006927911","0.5","0.007528879910571219","0.9280841030082458","0.9914814814814815","Tryptophyl-Tryptophan","HMDB0029094","0","180242.5","12450129","1","0","false","0.0006261640810407698",""
"Pacific Northwest National Laboratory","20201130_jl_lungmap_agarose_1","2020-12-01_22h59m24s","C25H37NO5","M+Na","","C25H37NO5+Na+","454.25639396700007","0.0069486424","0.5","0.007604579227301915","0.9194535349214077","0.9937908496732026","alpha-hydroxysalmeterol","HMDB0061045","0","235163.34375","14953312","1","0","false","0.0007128568831831217",""
"Pacific Northwest National Laboratory","20201130_jl_lungmap_agarose_1","2020-12-01_22h59m24s","C13H26","M+H","","C13H26+H+","183.21072726699998","0.006960607","0.5","0.007253241437816096","0.9682339529690254","0.9911392405063291","1-Tridecene, 6-Tridecene","HMDB0030930, HMDB0061827","0","164472.71875","30258232","2","0","false","0.00005595264883595519",""
"Pacific Northwest National Laboratory","20201130_jl_lungmap_agarose_1","2020-12-01_22h59m24s","C5H7NOS","M+Na","","C5H7NOS+Na+","152.01405569699997","0.0069661704","0.5","0.007083633942033765","0.9893100662215476","0.9940438871473354","5-Methoxy-2-methylthiazole, 2-Acetyl-4,5-dihydrothiazole, 2-Ethoxythiazole","HMDB0037178, HMDB0033561, HMDB0041282","0","188443.9375","40175592","3","0","false","0.00016216404037550092",""
"Pacific Northwest National Laboratory","20201130_jl_lungmap_agarose_1","2020-12-01_22h59m24s","C19H22O8S","M+H","","C19H22O8S+H+","411.110815269","0.006995385","0.5","0.00760198794202015","0.933679616800734","0.9855679702048417","({2-[2-(2-hydroxypropan-2-yl)-7-oxo-2H,3H,7H-furo[3,2-g]chromen-6-yl]-2-methylbut-3-en-1-yl}oxy)sulfonic acid, {2-hydroxy-2-[6-(2-methylbut-3-en-2-yl)-7-oxo-2H,3H,7H-furo[3,2-g]chromen-2-yl]propoxy}sulfonic acid, [2-(2-hydroxypropan-2-yl)-6-(2-methylbut-3-en-2-yl)-7-oxo-2H,3H,7H-furo[3,2-g]chromen-3-yl]oxidanesulfonic acid","HMDB0130309, HMDB0130312, HMDB0130315","0","227408.375","52336296","3","0","false","0.000016187736036954448",""
"Pacific Northwest National Laboratory","20201130_jl_lungmap_agarose_1","2020-12-01_22h59m24s","C7H10","M+Na","","C7H10+Na+","117.067471003","0.0069969464","0.5","0.007368893432649931","0.9666099458596467","0.9823245614035088","1-Methyl-1,3-cyclohexadiene, 2-Methyl-1,3-cyclohexadiene, (3E,5Z)-1,3,5-Heptatriene","HMDB0031532, HMDB0032395, HMDB0061889","0","226385.09375","89962888","3","0","false","0.000005753054210799746",""
"Pacific Northwest National Laboratory","20201130_jl_lungmap_agarose_1","2020-12-01_22h59m24s","C14H15N5O6S2","M+Na","","C14H15N5O6S2+Na+","436.035596223","0.007000061","0.5","0.007569438726714972","0.9444144787300948","0.9792092706203136","Desacetylcefotaxime","HMDB0041868","0","360268.65625","170549952","1","1","false","0.000018353883206145838","C17H14F3N3O3S+K+"
"Pacific Northwest National Laboratory","20201130_jl_lungmap_agarose_1","2020-12-01_22h59m24s","C19H20O7S","M+H","","C19H20O7S+H+","393.100250585","0.00700596","0.5","0.007834069951455273","0.9005074894849534","0.9930997876857749","{4-[(E)-2-{3,5-dihydroxy-4-[(1E)-3-hydroxy-3-methylbut-1-en-1-yl]phenyl}ethenyl]phenyl}oxidanesulfonic acid, {4-[(E)-2-{2,3,5-trihydroxy-4-[(1E)-3-methylbut-1-en-1-yl]phenyl}ethenyl]phenyl}oxidanesulfonic acid, {5-[(E)-2-{3,5-dihydroxy-4-[(1E)-3-methylbut-1-en-1-yl]phenyl}ethenyl]-2-hydroxyphenyl}oxidanesulfonic acid, [4-(3-{3,5-dihydroxy-4-[(1E)-3-methylbut-1-en-1-yl]phenyl}oxiran-2-yl)phenyl]oxidanesulfonic acid, {4-[(E)-2-{3,5-dihydroxy-4-[3-(propan-2-yl)oxiran-2-yl]phenyl}ethenyl]phenyl}oxidanesulfonic acid, {4-[(E)-2-{3,5-dihydroxy-4-[(1E)-4-hydroxy-3-methylbut-1-en-1-yl]phenyl}ethenyl]phenyl}oxidanesulfonic acid, {[(3E)-4-{2,6-dihydroxy-4-[(E)-2-(4-hydroxyphenyl)ethenyl]phenyl}-2-methylbut-3-en-1-yl]oxy}sulfonic acid","HMDB0128999, HMDB0129004, HMDB0129012, HMDB0129018, HMDB0129023, HMDB0129026, HMDB0129027","0","191899.59375","45562484","7","0","false","0.0002707492676563561",""
"Pacific Northwest National Laboratory","20201130_jl_lungmap_agarose_1","2020-12-01_22h59m24s","C9H16O2","M+H","","C9H16O2+H+","157.122306187","0.007014262","0.5","0.007211289546618533","0.9748909039182383","0.9977299880525687","2-Propenyl hexanoate, Dihydro-5-pentyl-2(3H)-furanone, cis-Ethyl 4-heptenoate, Hept-trans-2-en-1-yl acetate, Methyl 2-octenoate, 4-Hydroxynonenal, 6-Butyltetrahydro-2H-pyran-2-one, 2,4-Nonanedione, 2-Nonenoic acid, Prenyl isobutyrate, Ethyl cyclohexanecarboxylate, 4-Oxononanal, Quercuslactone a, 2-Propenyl 2-ethylbutanoate, Cyclohexyl propionate, 2-Hydroxy-2,6,6-trimethylcyclohexanone, Methyl (E)-2-octenoate, (E)-3-Heptenyl acetate, Isobutyl angelate, 2-Hexenyl propionate, cis-3-Hexenyl propanoate, 6-Hydroxy-4,6-dimethyl-3-hepten-2-one, Methyl 4Z-octenoate, Methyl 3-Octenoate, (Z)-Oak lactone, (E)-2-Ethyl heptenoate, 3,4-Epoxynonanal","HMDB0040210, HMDB0031531, HMDB0032265, HMDB0032307, HMDB0032413, HMDB0004362, HMDB0031514, HMDB0031263, HMDB0031271, HMDB0032491, HMDB0033167, HMDB0034716, HMDB0035307, HMDB0036208, HMDB0036222, HMDB0037023, HMDB0037496, HMDB0037618, HMDB0037629, HMDB0038272, HMDB0038275, HMDB0039736, HMDB0039794, HMDB0059728, HMDB0059817, HMDB0059840, HMDB0060286","0","199351.765625","35374348","27","0","false","0.00013499044871423393",""
"Pacific Northwest National Laboratory","20201130_jl_lungmap_agarose_1","2020-12-01_22h59m24s","C24H30O8","M+Na","","C24H30O8+Na+","469.183288603","0.0070210923","0.5","0.00765107618902136","0.922379889186529","0.9948837209302326","Estrone glucuronide, Cubebininolide, 5'-O-Methylmelledonal","HMDB0004483, HMDB0032728, HMDB0035859","0","265918.03125","32537090","3","0","false","0.00006498923903563991",""
"Pacific Northwest National Laboratory","20201130_jl_lungmap_agarose_1","2020-12-01_22h59m24s","C26H46NO7P","M+H","","C26H46NO7P+H+","516.308466247","0.00702462","0.5","0.007801580849127296","0.9111329493715427","0.9882309941520467","LysoPC(18:4(6Z,9Z,12Z,15Z))","HMDB0010389","0","256799.53125","73919928","1","1","false","0.000030261864594649523","C24H48NO7P+Na+"
"Pacific Northwest National Laboratory","20201130_jl_lungmap_agarose_1","2020-12-01_22h59m24s","C7H11NO6S","M+Na","","C7H11NO6S+Na+","260.019928925","0.0070470264","0.5","0.00723259468360629","0.9780687533505646","0.9961904761904762","S-Cysteinosuccinic acid","HMDB0029418","0","184550.5625","22596204","1","0","false","0.00015639026241842657",""
"Pacific Northwest National Laboratory","20201130_jl_lungmap_agarose_1","2020-12-01_22h59m24s","C12H16","M+H","","C12H16+H+","161.132476947","0.007061488","0.5","0.007363984722521035","0.9611944822740182","0.9976359338061466","1-(1-Methylethenyl)-4-(1-methylethyl)benzene, 1-(1-methylethenyl)-3-(1-methylethyl)-benzene","HMDB0061813, HMDB0061814","0","176976.4375","35861296","2","0","false","0.00014062135596759617",""
"Pacific Northwest National Laboratory","20201130_jl_lungmap_agarose_1","2020-12-01_22h59m24s","C11H15NO2S","M+H","","C11H15NO2S+H+","226.08962632499998","0.0070652547","0.5","0.00734264632124686","0.9653796348864935","0.9967289719626168","Ethiofencarb","HMDB0031782","0","169216.8125","27448010","1","0","false","0.00016412502736784518",""
"Pacific Northwest National Laboratory","20201130_jl_lungmap_agarose_1","2020-12-01_22h59m24s","C11H16N2O","M+Na","","C11H16N2O+Na+","215.11548381499998","0.007068619","0.5","0.0073384815403156264","0.9663874572622898","0.9967289719626168","Tocainide","HMDB0015189","0","172935.71875","27372940","1","0","false","0.000262562301941216",""
"Pacific Northwest National Laboratory","20201130_jl_lungmap_agarose_1","2020-12-01_22h59m24s","C10H15N4O13P3","M+Na","","C10H15N4O13P3+Na+","514.9740682229999","0.0070719714","0.5","0.007356861163753965","0.964445194041585","0.9967136150234742","2'-Deoxyinosine triphosphate","HMDB0003537","0","201542.1875","32189860","1","1","false","0.00043925296631641686","C10HF19O2+H+"
"Pacific Northwest National Laboratory","20201130_jl_lungmap_agarose_1","2020-12-01_22h59m24s","C5H6OS","M+H","","C5H6OS+H+","115.02121241699999","0.007074058","0.5","0.007360300907252453","0.9743210214312212","0.9864406779661017","2-Furanmethanethiol, 2-Thiophenemethanol, 2-Methyl-3-furanthiol, 5-Methyl-3-furanthiol, 3-Thiophenemethanol","HMDB0032915, HMDB0032993, HMDB0036611, HMDB0039798, HMDB0041504","0","231400.625","83404760","5","0","false","0.000010153929906664416",""
"Pacific Northwest National Laboratory","20201130_jl_lungmap_agarose_1","2020-12-01_22h59m24s","C32H48O7","M+Na","","C32H48O7+Na+","567.329224559","0.007084867","0.5","0.007982179937227706","0.894346843985399","0.9924398625429554","Hovenidulcigenin A","HMDB0041027","0","217196.140625","14856628","1","1","false","0.00013594451593235135","C32H49NO5+K+"
"Pacific Northwest National Laboratory","20201130_jl_lungmap_agarose_1","2020-12-01_22h59m24s","C20H32N6O12S2","M+H","","C20H32N6O12S2+H+","613.1592392389999","0.0071160193","0.5","0.00798854402142034","0.9135330799176177","0.9750911300121506","Oxidized glutathione","HMDB0003337","0","503001.125","178841440","1","0","false","0.00005936928573646583",""
"Pacific Northwest National Laboratory","20201130_jl_lungmap_agarose_1","2020-12-01_22h59m24s","C7H4ClNO3","M+Na","","C7H4ClNO3+Na+","207.977191371","0.007121299","0.5","0.007948120887182606","0.9028388999552404","0.9923948220064724","6-hydroxychlorzoxazone","HMDB0060998","0","166968.484375","26222032","1","1","false","0.00019391470414120704","C3H8NO5P+K+"
"Pacific Northwest National Laboratory","20201130_jl_lungmap_agarose_1","2020-12-01_22h59m24s","C6H7O7","M+H","","C6H7O7+H+","192.02645399899998","0.007131312","0.5","0.007296020560982052","0.985536287268641","0.9917695473251029","2,3-diketogulonate","HMDB0062803","0","177211.4375","30983026","1","1","false","0.0004078691126778722","C7H7NO4+Na+"
"Pacific Northwest National Laboratory","20201130_jl_lungmap_agarose_1","2020-12-01_22h59m24s","C4H6N4O3S2","M+H","","C4H6N4O3S2+H+","222.99540882699998","0.007134744","0.5","0.007333111902367825","0.9764185387528659","0.9964467005076142","Acetazolamide","HMDB0014957","0","171376.390625","25016852","1","1","false","0.00010473934526089579","C4H3F7O+Na+"
"Pacific Northwest National Laboratory","20201130_jl_lungmap_agarose_1","2020-12-01_22h59m24s","C12H18","M+H","","C12H18+H+","163.14812701099999","0.0071498593","0.5","0.007527765840817533","0.9570086620062447","0.9924657534246575","1,3-Diisopropylbenzene, Pregeijerene, Hexylbenzene","HMDB0013806, HMDB0036759, HMDB0061815","0","172252.28125","36641720","3","0","false","0.0000709362793713808",""
"Pacific Northwest National Laboratory","20201130_jl_lungmap_agarose_1","2020-12-01_22h59m24s","C27H22O12","M+Na","","C27H22O12+Na+","561.100346827","0.007152268","0.5","0.00802446150565367","0.907182060831019","0.9825019794140935","Isomelitric acid A, Melitric acid A","HMDB0039523, HMDB0040681","0","279535","68827072","2","0","false","0.00010368144285166636",""
"Pacific Northwest National Laboratory","20201130_jl_lungmap_agarose_1","2020-12-01_22h59m24s","C12H13NO","M+H","","C12H13NO+H+","188.106990471","0.007153664","0.5","0.007428774680056844","0.965558027214032","0.9973163841807909","2,3-Dihydro-5-(5-methyl-2-furanyl)-1H-pyrrolizine","HMDB0040012","0","204991.375","29746830","1","0","false","0.00001953814171429258",""
"Pacific Northwest National Laboratory","20201130_jl_lungmap_agarose_1","2020-12-01_22h59m24s","C28H30O10","M+H","","C28H30O10+H+","527.191173595","0.0071601095","0.5","0.008028060574661891","0.9028349844890657","0.9878719302656944","Physalin A, Physalin F, Physalin G, Physalin N, Physalin P, Isophysalin G","HMDB0033773, HMDB0034092, HMDB0034340, HMDB0039080, HMDB0039639, HMDB0039698","0","469665.125","751264320","6","0","false","0.00015439576236531138",""
"Pacific Northwest National Laboratory","20201130_jl_lungmap_agarose_1","2020-12-01_22h59m24s","C3H6N2O4","M+Na","","C3H6N2O4+Na+","157.021977355","0.0071667843","0.5","0.007324540593562957","0.9809020307628784","0.9975124378109452","(S)-Ureidoglycolic acid","HMDB0001005","0","182087.40625","33737636","1","0","false","0.00021552610269282013",""
"Pacific Northwest National Laboratory","20201130_jl_lungmap_agarose_1","2020-12-01_22h59m24s","C10H8N2O","M+H","","C10H8N2O+H+","173.070939311","0.0071765236","0.5","0.007429795357308955","0.9684220453125848","0.9974074074074074","3-Acetyl-2,7-naphthyridine, 4-Hydroxy-1H-indole-3-acetonitrile","HMDB0037296, HMDB0038462","0","171111.921875","34215336","2","0","false","0.00008197191345971078",""
"Pacific Northwest National Laboratory","20201130_jl_lungmap_agarose_1","2020-12-01_22h59m24s","C12H12O4","M+Na","","C12H12O4+Na+","243.062779547","0.0071873106","0.5","0.007451892276501227","0.9681382243816699","0.9962365591397849","Eugenitin, Isoeugenitin, Hispolone","HMDB0029467, HMDB0029473, HMDB0041442","0","171377.34375","24104936","3","0","false","0.00016322110604960471",""
"Pacific Northwest National Laboratory","20201130_jl_lungmap_agarose_1","2020-12-01_22h59m24s","C20H18O8","M+Na","","C20H18O8+Na+","409.089388219","0.0071887397","0.5","0.007725267379929392","0.935225100517103","0.995","8-8'-Dehydrodiferulic acid, Dehydrodiferulic dilactone, 3-[3-Carboxy-2,3-dihydro-2-(4-hydroxy-3-methoxyphenyl)-7-methoxy-5-benzofuranyl]-2-propenoic acid, 5,7-dihydroxy-2-phenyl-8-(3,4,5-trihydroxyoxan-2-yl)-4H-chromen-4-one","HMDB0029277, HMDB0033876, HMDB0041277, HMDB0127227","0","190918.0625","23331414","4","0","false","0.00022392818937078118",""
"Pacific Northwest National Laboratory","20201130_jl_lungmap_agarose_1","2020-12-01_22h59m24s","C5H14NO6P","M+H","","C5H14NO6P+H+","216.06315060299997","0.0071914475","0.5","0.007311017500845741","0.987059575667837","0.9965408805031446","Glycerylphosphorylethanolamine, sn-glycero-3-Phosphoethanolamine","HMDB0000114, HMDB0059660","0","173118.375","26882616","2","1","false","0.0011928798630833626","C10H11NO3+Na+"
"Pacific Northwest National Laboratory","20201130_jl_lungmap_agarose_1","2020-12-01_22h59m24s","C25H27N7O3","M+H","","C25H27N7O3+H+","474.224814159","0.0071952674","0.5","0.008249395184508625","0.880183929940548","0.9909492273730685","CD 1790","HMDB0060809","0","233643.84375","23041002","1","1","false","0.000026995830921805464","C27H33NO5+Na+"
"Pacific Northwest National Laboratory","20201130_jl_lungmap_agarose_1","2020-12-01_22h59m24s","C5H12NO","M+H","","C5H12NO+H+","103.09916543899999","0.0072006276","0.5","0.007778960352977072","0.9495478017658123","0.9748369058713886","Betaine aldehyde","HMDB0001252","0","247287.75","121453176","1","0","false","0.00011733370774891227",""
"Pacific Northwest National Laboratory","20201130_jl_lungmap_agarose_1","2020-12-01_22h59m24s","C6H7NO4S","M+H","","C6H7NO4S+H+","190.01685530899996","0.007206312","0.5","0.007341911549828856","0.9838120411490376","0.9976811594202899","Lanthionine ketimine, 2-aminophenol sulphate","HMDB0004823, HMDB0061116","0","220073.859375","29516012","2","0","false","0.00010745668259914964",""
"Pacific Northwest National Laboratory","20201130_jl_lungmap_agarose_1","2020-12-01_22h59m24s","C12H18O2","M+Na","","C12H18O2+Na+","217.11990049899998","0.0072137183","0.5","0.007479889092227865","0.9678367884177977","0.9964646464646465","4-Hydroxypropofol, Hexylresorcinol, (S,Z)-Lyratol acetate, Neocnidilide, (±)-Myrtenyl acetate, Ethyl (2E,4E,7Z)-Decatrienoate, Ethyl (2E,4Z,7Z)-Decatrienoate, (2S,4R)-p-Mentha-1(7),5-dien-2-ol acetate, (S)-p-Mentha-1,8-dien-10-yl acetate, Perillyl acetate, (R)-2-Acetoxy-p-mentha-1,8-diene, Carvyl acetate, Menthadienyl acetate, 8-Ocimenyl acetate, 1-(2-Furanyl)-1-octanone, (S)-Neolyratyl acetate, (2,2-Diethoxyethyl)benzene, 1-(4-methoxyphenyl)pentan-3-ol","HMDB0014018, HMDB0032567, HMDB0031840, HMDB0034450, HMDB0035126, HMDB0035375, HMDB0035376, HMDB0035801, HMDB0037018, HMDB0037231, HMDB0037389, HMDB0038046, HMDB0038292, HMDB0039685, HMDB0040439, HMDB0041497, HMDB0041610, HMDB0132986","0","176495.46875","24918400","18","0","false","0.00011646068742265925",""
"Pacific Northwest National Laboratory","20201130_jl_lungmap_agarose_1","2020-12-01_22h59m24s","C12H18O4S2","M+Na","","C12H18O4S2+Na+","313.05387207900003","0.0072208126","0.5","0.007681412438428266","0.9453097477947463","0.9944223107569721","Isoprothiolane","HMDB0031779","0","188549.421875","34679416","1","2","false","0.000022332484149956144","C13H12O9+H+, C15H15ClN2S+Na+"
"Pacific Northwest National Laboratory","20201130_jl_lungmap_agarose_1","2020-12-01_22h59m24s","C6H12O5","M+H","","C6H12O5+H+","165.075749919","0.007249371","0.5","0.007418576672424352","0.9798140207064105","0.997323600973236","L-Fucose, 3-Deoxyfructose, 2-Deoxygalactopyranose, Rhamnose, 1,5-Anhydrosorbitol, Beta-D-Fucose, L-Rhamnulose, D-Fucose, 2-O-Methyl-D-xylose, beta-L-fucose, L-Fuculose, 2-Deoxyglucose, L-Fucose-1P, 6-methyloxane-2,3,4,5-tetrol","HMDB0000174, HMDB0005876, HMDB0012327, HMDB0000849, HMDB0002712, HMDB0003081, HMDB0010207, HMDB0029196, HMDB0033821, HMDB0059625, HMDB0060267, HMDB0062477, HMDB0062489, HMDB0124735","0","166630.640625","34847288","14","0","false","0.00007576099596917629",""
"Pacific Northwest National Laboratory","20201130_jl_lungmap_agarose_1","2020-12-01_22h59m24s","CH2S6","M+H","","CH2S6+H+","206.855353519","0.0072557144","0.5","0.007889551258709753","0.9224438766140295","0.9969834087481146","Hexathiepane","HMDB0035871","0","185665.46875","28466792","1","0","false","0.0003073384577874094",""
"Pacific Northwest National Laboratory","20201130_jl_lungmap_agarose_1","2020-12-01_22h59m24s","C15H23N6O5S","M+Na","","C15H23N6O5S+Na+","422.134284689","0.0072559784","0.5","0.007798694840831616","0.9420076197082727","0.9876876876876877","S-Adenosylmethionine","HMDB0001185","0","210678.1875","16165646","1","0","false","0.00005119634442962706",""
"Pacific Northwest National Laboratory","20201130_jl_lungmap_agarose_1","2020-12-01_22h59m24s","C3H4BrIO","M+Na","","C3H4BrIO+Na+","284.8382434310001","0.0072632413","0.5","0.009688068311803721","0.7532282428125787","0.9953290870488323","1-Bromo-3-iodoacetone","HMDB0040190","0","169470.71875","20739906","1","0","false","0.00013809005031362176",""
"Pacific Northwest National Laboratory","20201130_jl_lungmap_agarose_1","2020-12-01_22h59m24s","C10H11F3N2O5","M+H","","C10H11F3N2O5+H+","297.06928236699997","0.0072681513","0.5","0.007572241938580256","0.9653234686794616","0.994320987654321","Trifluridine","HMDB0014576","0","166955.859375","17957764","1","0","false","0.00038652869989164174",""
"Pacific Northwest National Laboratory","20201130_jl_lungmap_agarose_1","2020-12-01_22h59m24s","C5H12NO","M+Na","","C5H12NO+Na+","125.081109687","0.007272052","0.5","0.007462103460019956","0.9832625618879988","0.9911199469847581","Betaine aldehyde","HMDB0001252","0","177310.140625","60528836","1","0","false","0.00003557813397492282",""
"Pacific Northwest National Laboratory","20201130_jl_lungmap_agarose_1","2020-12-01_22h59m24s","C59H104O6","M+H","","C59H104O6+H+","909.7905674829999","0.007279758","0.5","0.009178957690208553","0.8138368442598409","0.9745098039215686","TG(16:0/20:1(11Z)/20:4(5Z,8Z,11Z,14Z)), TG(18:0/18:1(9Z)/20:4(5Z,8Z,11Z,14Z)), TG(16:1(9Z)/20:0/20:4(5Z,8Z,11Z,14Z)), TG(18:2(9Z,12Z)/18:2(9Z,12Z)/20:1(11Z)), TG(18:1(9Z)/18:1(9Z)/20:3(5Z,8Z,11Z)), TG(18:1(9Z)/18:1(9Z)/20:3(8Z,11Z,14Z)), TG(18:2(9Z,12Z)/18:1(9Z)/20:2(11Z,14Z)), TG(14:0/20:0/22:5(4Z,7Z,10Z,13Z,16Z)), TG(14:0/20:0/22:5(7Z,10Z,13Z,16Z,19Z)), TG(14:0/22:0/20:5(5Z,8Z,11Z,14Z,17Z)), TG(14:0/20:1(11Z)/22:4(7Z,10Z,13Z,16Z)), TG(14:0/20:3(5Z,8Z,11Z)/22:2(13Z,16Z)), TG(14:0/22:1(13Z)/20:4(5Z,8Z,11Z,14Z)), TG(14:0/22:1(13Z)/20:4(8Z,11Z,14Z,17Z)), TG(14:0/24:1(15Z)/18:4(6Z,9Z,12Z,15Z)), TG(14:0/20:3n6/22:2(13Z,16Z)), TG(14:0/20:4(5Z,8Z,11Z,14Z)/22:1(13Z)), TG(14:0/22:2(13Z,16Z)/20:3(5Z,8Z,11Z)), TG(14:0/22:2(13Z,16Z)/20:3n6), TG(14:0/22:4(7Z,10Z,13Z,16Z)/20:1(11Z)), TG(14:0/22:5(4Z,7Z,10Z,13Z,16Z)/20:0), TG(14:0/18:4(6Z,9Z,12Z,15Z)/24:1(15Z)), TG(14:0/20:4(8Z,11Z,14Z,17Z)/22:1(13Z)), TG(14:0/20:5(5Z,8Z,11Z,14Z,17Z)/22:0), TG(14:0/22:5(7Z,10Z,13Z,16Z,19Z)/20:0), TG(16:0/18:0/22:5(4Z,7Z,10Z,13Z,16Z)), TG(16:0/18:0/22:5(7Z,10Z,13Z,16Z,19Z)), TG(16:0/20:0/20:5(5Z,8Z,11Z,14Z,17Z)), TG(16:0/18:1(11Z)/22:4(7Z,10Z,13Z,16Z)), TG(16:0/18:1(9Z)/22:4(7Z,10Z,13Z,16Z)), TG(16:0/20:1(11Z)/20:4(8Z,11Z,14Z,17Z)), TG(16:0/20:3(5Z,8Z,11Z)/20:2n6), TG(16:0/22:1(13Z)/18:4(6Z,9Z,12Z,15Z)), TG(16:0/18:3(6Z,9Z,12Z)/22:2(13Z,16Z)), TG(16:0/20:2n6/20:3(5Z,8Z,11Z)), TG(16:0/20:2n6/20:3n6), TG(16:0/20:3n6/20:2n6), TG(16:0/20:4(5Z,8Z,11Z,14Z)/20:1(11Z)), TG(16:0/22:2(13Z,16Z)/18:3(6Z,9Z,12Z)), TG(16:0/22:2(13Z,16Z)/18:3(9Z,12Z,15Z)), TG(16:0/22:4(7Z,10Z,13Z,16Z)/18:1(11Z)), TG(16:0/22:4(7Z,10Z,13Z,16Z)/18:1(9Z)), TG(16:0/22:5(4Z,7Z,10Z,13Z,16Z)/18:0), TG(16:0/18:3(9Z,12Z,15Z)/22:2(13Z,16Z)), TG(16:0/18:4(6Z,9Z,12Z,15Z)/22:1(13Z)), TG(16:0/20:4(8Z,11Z,14Z,17Z)/20:1(11Z)), TG(16:0/20:5(5Z,8Z,11Z,14Z,17Z)/20:0), TG(16:0/22:5(7Z,10Z,13Z,16Z,19Z)/18:0), TG(18:0/16:0/22:5(4Z,7Z,10Z,13Z,16Z)), TG(18:0/16:0/22:5(7Z,10Z,13Z,16Z,19Z))","HMDB0005387, HMDB0005406, HMDB0005429, HMDB0005473, HMDB0010462, HMDB0010463, HMDB0010484, HMDB0042203, HMDB0042208, HMDB0042237, HMDB0042412, HMDB0042441, HMDB0042470, HMDB0042476, HMDB0042505, HMDB0042621, HMDB0042644, HMDB0042673, HMDB0042679, HMDB0042702, HMDB0042725, HMDB0042795, HMDB0042824, HMDB0042846, HMDB0042875, HMDB0043933, HMDB0043938, HMDB0043965, HMDB0044100, HMDB0044128, HMDB0044160, HMDB0044180, HMDB0044215, HMDB0044295, HMDB0044315, HMDB0044321, HMDB0044348, HMDB0044370, HMDB0044403, HMDB0044410, HMDB0044424, HMDB0044425, HMDB0044446, HMDB0044491, HMDB0044512, HMDB0044538, HMDB0044559, HMDB0044586, HMDB0044741, HMDB0044746","0","1153182","11016849","50","1","false","0.0009371967753395438","C57H106O6+Na+"
"Pacific Northwest National Laboratory","20201130_jl_lungmap_agarose_1","2020-12-01_22h59m24s","C10H11N3O2S","M+Na","","C10H11N3O2S+Na+","260.04641844500003","0.0072892876","0.5","0.007541520302331077","0.9711788069760426","0.9952380952380953","5alpha-pregnan-3beta,20alpha-diol disulfate","HMDB0094650","0","176556.03125","20283620","1","0","false","0.0006160637713037431",""
"Pacific Northwest National Laboratory","20201130_jl_lungmap_agarose_1","2020-12-01_22h59m24s","C20H18O9","M+H","","C20H18O9+H+","403.10235859100004","0.0072928793","0.5","0.007925418896769405","0.9348742378489051","0.9842911877394636","5-Hydroxy-3,3',7,8-tetramethoxy-4',5'-methylenedioxyflavone, 5,6,7-trihydroxy-2-phenyl-8-(3,4,5-trihydroxyoxan-2-yl)-4H-chromen-4-one, 5,7-dihydroxy-2-(4-hydroxyphenyl)-8-(3,4,5-trihydroxyoxan-2-yl)-4H-chromen-4-one, 5,7-dihydroxy-2-(3-hydroxyphenyl)-8-(3,4,5-trihydroxyoxan-2-yl)-4H-chromen-4-one","HMDB0041257, HMDB0127230, HMDB0127225, HMDB0127233","0","321252.25","249554176","4","1","false","0.000044852433347841725","C18H20O9+Na+"
"Pacific Northwest National Laboratory","20201130_jl_lungmap_agarose_1","2020-12-01_22h59m24s","C26H31NO5","M+Na","","C26H31NO5+Na+","460.20944377500007","0.0072990996","0.5","0.007992148476080463","0.9168028447988172","0.9961616161616161","Lagerstroemine","HMDB0030229","0","227748.125","25009992","1","0","false","0.00008272608829429373",""
"Pacific Northwest National Laboratory","20201130_jl_lungmap_agarose_1","2020-12-01_22h59m24s","C4HCl2NO2","M+H","","C4HCl2NO2+H+","165.945710107","0.0073026204","0.5","0.0090852056519962","0.8098013418127229","0.992579908675799","Dichloromaleimide","HMDB0031151","0","172883.9375","36930632","1","0","false","0.00012851355131715536",""
"Pacific Northwest National Laboratory","20201130_jl_lungmap_agarose_1","2020-12-01_22h59m24s","C19H16O6","M+Na","","C19H16O6+Na+","363.083908915","0.007302654","0.5","0.007987678501722781","0.94465081975188","0.9678071874327523","Dihydro-O-methylsterigmatocystin, 3-(2H-1,3-benzodioxol-5-yl)-3-hydroxy-1-(4-methoxy-1-benzofuran-5-yl)propan-1-one, 1-(2H-1,3-benzodioxol-5-yl)-3-hydroxy-3-(4-methoxy-1-benzofuran-5-yl)propan-1-one, 1-(4-hydroxy-3-methoxyphenyl)-3-(4-methoxy-1-benzofuran-5-yl)propane-1,3-dione","HMDB0030591, HMDB0129366, HMDB0129367, HMDB0129392","0","270608.84375","246253040","4","0","false","0.00010096334153786302",""
"Pacific Northwest National Laboratory","20201130_jl_lungmap_agarose_1","2020-12-01_22h59m24s","C11H18N2O2","M+H","","C11H18N2O2+H+","211.144104251","0.007304318","0.5","0.007570489680709755","0.9682219569667478","0.9965079365079365","L,L-Cyclo(leucylprolyl)","HMDB0034276","0","177819.828125","26834680","1","0","false","0.0003122819180134684",""
"Pacific Northwest National Laboratory","20201130_jl_lungmap_agarose_1","2020-12-01_22h59m24s","C4H6O4S","M+H","","C4H6O4S+H+","151.005956277","0.0073049716","0.5","0.007415078575106132","0.9894616637705373","0.9956433637284701","Thiodiacetic acid","HMDB0042032","0","174879.609375","40771132","1","0","false","0.00003919055234291591",""
"Pacific Northwest National Laboratory","20201130_jl_lungmap_agarose_1","2020-12-01_22h59m24s","C4H8O5","M+Na","","C4H8O5+Na+","159.02639403899997","0.007305391","0.5","0.0074824092649647365","0.9829839038882568","0.9932432432432432","Erythronic acid, Threonic acid, L-threonic Acid","HMDB0000613, HMDB0000943, HMDB0062620","0","176824.625","37678120","3","0","false","0.00006412234506569803",""
"Pacific Northwest National Laboratory","20201130_jl_lungmap_agarose_1","2020-12-01_22h59m24s","C11H20N2O4S3","M+H","","C11H20N2O4S3+H+","341.065797065","0.007309994","0.5","0.00792776357901512","0.9343198495852223","0.9868945868945869","Sulforaphane-N-acetylcysteine","HMDB0061113","0","169450.4375","15784385","1","1","false","0.0011460311943665147","C18H12O7+H+"
"Pacific Northwest National Laboratory","20201130_jl_lungmap_agarose_1","2020-12-01_22h59m24s","C9H16OS3","M+H","","C9H16OS3+H+","237.043605077","0.007311325","0.5","0.007761400856803019","0.9459319769044057","0.9958549222797928","2-Propenyl 1-(2-propenylsulfinyl)propyl disulfide, 1-Propenyl 1-(2-propenylsulfinyl)propyl disulfide, 2-Propenyl 1-(1-propenylsulfinyl)propyl disulfide, 1-Propenyl 1-(1-propenylsulfinyl)propyl disulfide","HMDB0033062, HMDB0036372, HMDB0036373, HMDB0038968","0","152674.484375","24371418","4","0","false","0.0001745019108057022",""
"Pacific Northwest National Laboratory","20201130_jl_lungmap_agarose_1","2020-12-01_22h59m24s","C6H14N4O2","M+H","","C6H14N4O2+H+","175.11895212299999","0.007312905","0.5","0.007494572353210886","0.9837675746501863","0.9918604651162791","L-Arginine, D-Arginine","HMDB0000517, HMDB0003416","0","170390.59375","32622772","2","0","false","0.0002619269653223455",""
"Pacific Northwest National Laboratory","20201130_jl_lungmap_agarose_1","2020-12-01_22h59m24s","C5H4N4O4","M+Na","","C5H4N4O4+Na+","207.012475291","0.0073141945","0.5","0.007404422296587801","0.9913093520420929","0.996474358974359","5-Hydroxyisourate","HMDB0030097","0","164643.90625","26654332","1","0","false","0.0001616234367247671",""
"Pacific Northwest National Laboratory","20201130_jl_lungmap_agarose_1","2020-12-01_22h59m24s","C4H7N2O3","M+H","","C4H7N2O3+H+","132.05294351899997","0.007332203","0.5","0.007532088896534262","0.9833171539265778","0.9899777282850779","N-carbamoyl-beta-alaninate","HMDB0062812","0","180597.921875","54948252","1","0","false","0.000051901261031161994",""
"Pacific Northwest National Laboratory","20201130_jl_lungmap_agarose_1","2020-12-01_22h59m24s","C16H19NO5","M+Na","","C16H19NO5+Na+","328.115543391","0.0073344097","0.5","0.007733935365703099","0.9545557966765875","0.9934895833333334","Zanthodioline","HMDB0031929","0","165072.5","16890736","1","0","false","0.002390756271779537",""
"Pacific Northwest National Laboratory","20201130_jl_lungmap_agarose_1","2020-12-01_22h59m24s","C5H10O5","M+H","","C5H10O5+H+","151.060099855","0.0073351143","0.5","0.007547945800542395","0.9795771363851364","0.9920634920634921","D-Xylose, D-Ribose, 2-Deoxyribonic acid, D-Ribulose, L-Arabinose, L-Threo-2-pentulose, D-Xylulose, L-Ribulose, Beta-D-ribopyranose, Arabinofuranose, D-Apiose, D-Arabinose, 2-Deoxypentonic acid, Aldehydo-D-xylose, beta-Arabinose, 3-hydroxy-2,2-bis(hydroxymethyl)propanoic acid","HMDB0000098, HMDB0000283, HMDB0000366, HMDB0000621, HMDB0000646, HMDB0000751, HMDB0001644, HMDB0003371, HMDB0012194, HMDB0012325, HMDB0029941, HMDB0029942, HMDB0059753, HMDB0060254, HMDB0094694, HMDB0127617","0","178846.9375","42140660","16","1","false","0.00003386377284186892","C6H10NO2+Na+"
"Pacific Northwest National Laboratory","20201130_jl_lungmap_agarose_1","2020-12-01_22h59m24s","C8H15NO3S","M+Na","","C8H15NO3S+Na+","228.06648519299995","0.007340975","0.5","0.0075840726239036265","0.9718887400087192","0.9959435626102293","N-Propionylmethionine","HMDB0094704","0","162141.609375","24208040","1","0","false","0.00015965368947945535",""
"Pacific Northwest National Laboratory","20201130_jl_lungmap_agarose_1","2020-12-01_22h59m24s","C16H25N5O6","M+H","","C16H25N5O6+H+","384.187759955","0.0073445765","0.5","0.007810108934259865","0.9529906408409098","0.9867816091954023","Dihydrozeatin-7-N-dihydrozeatin, Dihydrozeatin-9-N-glucoside, Dihydrozeatin-O-glucoside","HMDB0012211, HMDB0012213, HMDB0012214","0","183064.703125","8201281.5","3","0","false","0.000986571074463427",""
"Pacific Northwest National Laboratory","20201130_jl_lungmap_agarose_1","2020-12-01_22h59m24s","C16H13O6","M+H","","C16H13O6+H+","302.07848957100003","0.0073454315","0.5","0.007788038983296283","0.9545425103456099","0.9880841121495327","3,5,7-trihydroxy-2-(4-hydroxy-3-methoxyphenyl)-1λ⁴-chromen-1-ylium, 3,5,7-trihydroxy-2-(4-hydroxy-3-methoxyphenyl)-5H-chromen-5-yl, 3,5,6,7-tetrahydroxy-2-(3-methoxyphenyl)-8aH-chromen-8a-yl, 3,5,7-trihydroxy-2-(3-hydroxy-5-methoxyphenyl)-5H-chromen-5-yl","HMDB0125117, HMDB0127941, HMDB0128113, HMDB0128114","0","454775.8125","806618176","4","1","false","0.00004081448059878312","C17H13NO3+Na+"
"Pacific Northwest National Laboratory","20201130_jl_lungmap_agarose_1","2020-12-01_22h59m24s","C20H20O7S","M+H","","C20H20O7S+H+","405.100250585","0.0073547172","0.5","0.008001489749257816","0.9294317868388536","0.988957475994513","{4-[3-(5-hydroxy-2,2-dimethyl-2H-chromen-6-yl)propanoyl]phenyl}oxidanesulfonic acid","HMDB0125896","0","320259.25","79010608","1","0","false","0.00037052202969789505",""
"Pacific Northwest National Laboratory","20201130_jl_lungmap_agarose_1","2020-12-01_22h59m24s","C15H12N2O3","M+Na","","C15H12N2O3+Na+","291.074012927","0.0073558493","0.5","0.007745745759509596","0.9567313352928858","0.9926121372031662","3'-HPPH, 4-Hydroxyphenytoin, 2,3-Dihydroxycarbamazepine, Phenytoin arene-oxide","HMDB0013896, HMDB0041905, HMDB0060673, HMDB0060864","0","192181.140625","52913568","4","0","false","0.00018735173216555268",""
"Pacific Northwest National Laboratory","20201130_jl_lungmap_agarose_1","2020-12-01_22h59m24s","C22H18O12","M+H","","C22H18O12+H+","475.087102451","0.0073617627","0.5","0.00806485430979231","0.9262289528584542","0.9855233853006682","Chicoric acid, D-Chicoric acid, 6-({16,18-dioxo-6,8,19-trioxapentacyclo[10.7.0.0²,⁹.0³,⁷.0¹³,¹⁷]nonadeca-1(12),2(9),4,10,13(17)-pentaen-11-yl}oxy)-3,4,5-trihydroxyoxane-2-carboxylic acid, 3,4,5-trihydroxy-6-({13-hydroxy-14-methoxy-9-oxo-8,17-dioxatetracyclo[8.7.0.0²,⁷.0¹¹,¹⁶]heptadeca-1(10),2(7),3,5,11,13,15-heptaen-5-yl}oxy)oxane-2-carboxylic acid, 3,4,5-trihydroxy-6-({5-hydroxy-14-methoxy-9-oxo-8,17-dioxatetracyclo[8.7.0.0²,⁷.0¹¹,¹⁶]heptadeca-1(10),2(7),3,5,11,13,15-heptaen-13-yl}oxy)oxane-2-carboxylic acid, 3,4,5-trihydroxy-6-({14-hydroxy-13-methoxy-9-oxo-8,17-dioxatetracyclo[8.7.0.0²,⁷.0¹¹,¹⁶]heptadeca-1(10),2(7),3,5,11,13,15-heptaen-5-yl}oxy)oxane-2-carboxylic acid, 3,4,5-trihydroxy-6-({5-hydroxy-13-methoxy-9-oxo-8,17-dioxatetracyclo[8.7.0.0²,⁷.0¹¹,¹⁶]heptadeca-1(10),2(7),3,5,11,13,15-heptaen-14-yl}oxy)oxane-2-carboxylic acid","HMDB0002375, HMDB0033938, HMDB0126143, HMDB0128468, HMDB0128469, HMDB0128470, HMDB0128471","0","301218.71875","76638272","7","0","false","0.00016925721138250083",""
"Pacific Northwest National Laboratory","20201130_jl_lungmap_agarose_1","2020-12-01_22h59m24s","C16H15F2N3O4S","M+Na","","C16H15F2N3O4S+Na+","406.06435413300005","0.0073664864","0.5","0.007858274115423369","0.9526930748796761","0.9839662447257383","Pantoprazole","HMDB0005017","0","207399.671875","11423797","1","0","false","0.0004247380420565605",""
"Pacific Northwest National Laboratory","20201130_jl_lungmap_agarose_1","2020-12-01_22h59m24s","C17H12ClF3N2O","M+H","","C17H12ClF3N2O+H+","353.06630161900006","0.007395342","0.5","0.008704073076267149","0.8661986256049217","0.9808853118712274","Halazepam","HMDB0014939","0","288602.0625","74076816","1","2","false","0.00003718479274539277","C14H18O7S+Na+, C13H16O10+Na+"
"Pacific Northwest National Laboratory","20201130_jl_lungmap_agarose_1","2020-12-01_22h59m24s","C15H16O7S","M+H","","C15H16O7S+H+","341.068950457","0.0074057444","0.5","0.009820017773798106","0.7595556189884676","0.9928802588996763","{3-[2-(2,3-dihydroxy-5-methoxyphenyl)ethyl]phenyl}oxidanesulfonic acid, {3-[2-(3,4-dihydroxy-5-methoxyphenyl)ethyl]phenyl}oxidanesulfonic acid, {2-hydroxy-5-[2-(3-hydroxy-5-methoxyphenyl)ethyl]phenyl}oxidanesulfonic acid, {2-hydroxy-3-[2-(3-hydroxy-5-methoxyphenyl)ethyl]phenyl}oxidanesulfonic acid, {3-[2-(2,5-dihydroxy-3-methoxyphenyl)ethyl]phenyl}oxidanesulfonic acid, {[1-(7-methoxy-2-oxo-2H-chromen-8-yl)-3-methylbut-3-en-2-yl]oxy}sulfonic acid, {2-hydroxy-4-[2-(2-hydroxyphenyl)ethyl]-6-methoxyphenyl}oxidanesulfonic acid, [1-(3-hydroxy-5-methoxyphenyl)-2-(2-hydroxyphenyl)ethoxy]sulfonic acid, [2-(3-hydroxy-5-methoxyphenyl)-1-(2-hydroxyphenyl)ethoxy]sulfonic acid","HMDB0129934, HMDB0129929, HMDB0129939, HMDB0129944, HMDB0129955, HMDB0132706, HMDB0135767, HMDB0135781, HMDB0135784","0","175951.015625","13912725","9","0","false","0.00034013204276561737",""
"Pacific Northwest National Laboratory","20201130_jl_lungmap_agarose_1","2020-12-01_22h59m24s","C11H16O2S","M+Na","","C11H16O2S+Na+","235.07632160499998","0.007413698","0.5","0.007741141857873336","0.964963985497272","0.9924731182795699","S-2,5-Dimethyl-3-furanyl 3-methylbutanethioate","HMDB0037153","0","182011.984375","23738114","1","0","false","0.000613835989497602",""
"Pacific Northwest National Laboratory","20201130_jl_lungmap_agarose_1","2020-12-01_22h59m24s","C81H158O17P2","M+H","","C81H158O17P2+H+","1466.1047040309998","0.0074164392","0.5","0.010630927220806127","0.7075082490363269","0.9860360360360361","CL(18:0/18:0/18:0/18:0), CL(a-13:0/a-21:0/a-17:0/a-21:0)[rac], CL(i-13:0/a-21:0/i-17:0/a-21:0)[rac], CL(i-13:0/i-21:0/i-17:0/i-21:0), CL(a-13:0/a-21:0/a-17:0/i-21:0)[rac], CL(a-13:0/i-21:0/a-17:0/i-21:0)[rac], CL(i-13:0/i-21:0/a-17:0/i-21:0)[rac], CL(a-13:0/a-21:0/i-17:0/i-21:0)[rac], CL(i-13:0/a-21:0/a-17:0/a-21:0)[rac], CL(a-13:0/i-21:0/i-17:0/i-21:0)[rac], CL(a-13:0/a-21:0/i-17:0/a-21:0)[rac], CL(i-13:0/i-21:0/a-17:0/a-21:0)[rac], CL(i-13:0/a-21:0/a-17:0/i-21:0)[rac], CL(a-13:0/i-21:0/a-17:0/a-21:0)[rac], CL(i-13:0/a-21:0/i-17:0/i-21:0)[rac], CL(i-13:0/i-21:0/i-17:0/a-21:0)[rac], CL(a-13:0/i-21:0/i-17:0/a-21:0)[rac], CL(i-13:0/i-21:0/i-18:0/i-20:0), CL(a-13:0/a-21:0/i-18:0/i-20:0)[rac], CL(a-13:0/i-21:0/i-18:0/i-20:0)[rac], CL(i-13:0/a-21:0/i-18:0/i-20:0)[rac], CL(i-13:0/i-21:0/i-19:0/i-19:0), CL(a-13:0/a-21:0/i-19:0/i-19:0)[rac], CL(a-13:0/i-21:0/i-19:0/i-19:0)[rac], CL(i-13:0/a-21:0/i-19:0/i-19:0)[rac], CL(i-13:0/i-21:0/i-20:0/i-18:0), CL(a-13:0/a-21:0/i-20:0/i-18:0)[rac], CL(a-13:0/i-21:0/i-20:0/i-18:0)[rac], CL(i-13:0/a-21:0/i-20:0/i-18:0)[rac], CL(a-13:0/a-21:0/a-21:0/a-17:0)[rac], CL(i-13:0/a-21:0/i-21:0/a-17:0)[rac], CL(i-13:0/i-21:0/i-21:0/i-17:0), CL(a-13:0/a-21:0/a-21:0/i-17:0)[rac], CL(a-13:0/i-21:0/a-21:0/i-17:0)[rac], CL(i-13:0/i-21:0/a-21:0/i-17:0)[rac], CL(a-13:0/a-21:0/i-21:0/i-17:0)[rac], CL(i-13:0/a-21:0/a-21:0/a-17:0)[rac], CL(a-13:0/i-21:0/i-21:0/i-17:0)[rac], CL(a-13:0/a-21:0/i-21:0/a-17:0)[rac], CL(i-13:0/i-21:0/a-21:0/a-17:0)[rac], CL(i-13:0/a-21:0/a-21:0/i-17:0)[rac], CL(a-13:0/i-21:0/a-21:0/a-17:0)[rac], CL(i-13:0/a-21:0/i-21:0/i-17:0)[rac], CL(i-13:0/i-21:0/i-21:0/a-17:0)[rac], CL(a-13:0/i-21:0/i-21:0/a-17:0)[rac], CL(i-13:0/i-21:0/i-22:0/i-16:0), CL(a-13:0/a-21:0/i-22:0/i-16:0)[rac], CL(a-13:0/i-21:0/i-22:0/i-16:0)[rac], CL(i-13:0/a-21:0/i-22:0/i-16:0)[rac], CL(i-13:0/i-21:0/i-24:0/i-14:0)","HMDB0056960, HMDB0072965, HMDB0072966, HMDB0072967, HMDB0072968, HMDB0072969, HMDB0072970, HMDB0072971, HMDB0072972, HMDB0072973, HMDB0072974, HMDB0072975, HMDB0072976, HMDB0072977, HMDB0072978, HMDB0072979, HMDB0072980, HMDB0073102, HMDB0073103, HMDB0073104, HMDB0073107, HMDB0073192, HMDB0073193, HMDB0073194, HMDB0073195, HMDB0073258, HMDB0073260, HMDB0073261, HMDB0073263, HMDB0073347, HMDB0073348, HMDB0073349, HMDB0073350, HMDB0073351, HMDB0073352, HMDB0073353, HMDB0073354, HMDB0073355, HMDB0073356, HMDB0073357, HMDB0073358, HMDB0073359, HMDB0073360, HMDB0073361, HMDB0073362, HMDB0073459, HMDB0073460, HMDB0073461, HMDB0073462, HMDB0073518","0","378787.59375","72112168","50","0","false","0.000059522346418816596",""
"Pacific Northwest National Laboratory","20201130_jl_lungmap_agarose_1","2020-12-01_22h59m24s","C12H17NO3","M+H","","C12H17NO3+H+","224.128119839","0.0074184584","0.5","0.00767295699119857","0.9701101712062505","0.996620583717358","Cerulenin","HMDB0015168","0","178193.203125","27858212","1","1","false","0.00015602758503518999","C8H18N4O2+Na+"
"Pacific Northwest National Laboratory","20201130_jl_lungmap_agarose_1","2020-12-01_22h59m24s","C8H9NO5","M+Na","","C8H9NO5+Na+","222.03729307099997","0.0074236076","0.5","0.0076192569195463085","0.9781169055534024","0.9961199294532628","Clavulanate, (S)-alpha-Amino-4-carboxy-3-furanpropanoic acid","HMDB0014904, HMDB0029414","0","174874.484375","24160108","2","0","false","0.00021983470651321113",""
"Pacific Northwest National Laboratory","20201130_jl_lungmap_agarose_1","2020-12-01_22h59m24s","C3H4Cl2","M+H","","C3H4Cl2+H+","110.97628196299999","0.0074274587","0.5","0.009164026511552506","0.8312918785584426","0.9749904543718977","1,3-Dichloropropene","HMDB0013592","0","176894.890625","101546000","1","0","false","0.00005076724482933059",""
"Pacific Northwest National Laboratory","20201130_jl_lungmap_agarose_1","2020-12-01_22h59m24s","C4H8N2O","M+Na","","C4H8N2O+Na+","123.052883559","0.0074346405","0.5","0.007756221346916733","0.9738606231073456","0.9842671194114319","N-Nitroso-pyrrolidine, Gyromitrin","HMDB0031642, HMDB0033952","0","171861.625","70757856","2","0","false","0.000014788866792514455",""
"Pacific Northwest National Laboratory","20201130_jl_lungmap_agarose_1","2020-12-01_22h59m24s","C13H20N2O","M+Na","","C13H20N2O+Na+","243.14678394299997","0.0074373037","0.5","0.007746435715213394","0.963206034189551","0.9967687074829932","Prilocaine","HMDB0014888","0","194086.59375","25615132","1","0","false","0.000179232592927292",""
"Pacific Northwest National Laboratory","20201130_jl_lungmap_agarose_1","2020-12-01_22h59m24s","C13H11NO","M+Na","","C13H11NO+Na+","220.07328465499998","0.0074421824","0.5","0.007767894825636266","0.961063386680094","0.9968847352024922","2-Hydroxy-3-methyl-9H-carbazole, 1-Hydroxy-3-methyl-9H-carbazole","HMDB0033455, HMDB0033487","0","182597.515625","27320404","2","0","false","0.0000409497952205129",""
"Pacific Northwest National Laboratory","20201130_jl_lungmap_agarose_1","2020-12-01_22h59m24s","C12H10O5","M+H","","C12H10O5+H+","235.060099855","0.0074425996","0.5","0.0077449784126782505","0.967407455151962","0.9933333333333333","7-Acetoxy-6-methoxycoumarin, 7-Hydroxy-2-methyl-4-oxo-4H-1-benzopyran-5-acetic acid, 3-(4-methoxy-1-benzofuran-5-yl)-3-oxopropanoic acid, 6-hydroxy-4-methyl-2-oxo-2H-chromen-7-yl acetate, 4-(hydroxymethyl)-2-oxo-2H-chromen-7-yl acetate, 8-hydroxy-4-methyl-2-oxo-2H-chromen-7-yl acetate, 5-hydroxy-4-methyl-2-oxo-2H-chromen-7-yl acetate, 4-methyl-2-oxo-2H-chromen-7-yl 2-hydroxyacetate","HMDB0034345, HMDB0040408, HMDB0129372, HMDB0136750, HMDB0136751, HMDB0136752, HMDB0136753, HMDB0136754","0","196853.953125","24396676","8","0","false","0.00009695134940557182",""
"Pacific Northwest National Laboratory","20201130_jl_lungmap_agarose_1","2020-12-01_22h59m24s","C13H16N2O3","M+H","","C13H16N2O3+H+","249.123368807","0.0074494896","0.5","0.0077303770795674655","0.9669200904015169","0.9966329966329966","6-Hydroxymelatonin, cyclic 3-Hydroxymelatonin, 2-Oxomelatonin","HMDB0004081, HMDB0060069, HMDB0060721","0","177418.875","25745960","3","0","false","0.00006411115464288741",""
"Pacific Northwest National Laboratory","20201130_jl_lungmap_agarose_1","2020-12-01_22h59m24s","C8H15NO7","M+H","","C8H15NO7+H+","238.09212825499998","0.007459704","0.5","0.0076354726444990625","0.9803315337231366","0.9965811965811966","N-(1-Deoxy-1-fructosyl)glycine, Fructoseglycine","HMDB0037848, HMDB0060278","0","183903.78125","25340164","2","1","false","0.0002332657022634521","C9H19NO2S2+H+"
"Pacific Northwest National Laboratory","20201130_jl_lungmap_agarose_1","2020-12-01_22h59m24s","C11H16O9","M+H","","C11H16O9+H+","293.086708527","0.0074678566","0.5","0.007733398394659748","0.9696282901685779","0.9959104938271605","6-[(3-carboxy-2-methylprop-2-en-1-yl)oxy]-3,4,5-trihydroxyoxane-2-carboxylic acid, 3,4,5-trihydroxy-6-[(4-hydroxy-3-methylbut-2-enoyl)oxy]oxane-2-carboxylic acid, 6-(3,3-dimethyloxirane-2-carbonyloxy)-3,4,5-trihydroxyoxane-2-carboxylic acid, 6-[(2Z)-2-carboxy-2-ethylideneethoxy]-3,4,5-trihydroxyoxane-2-carboxylic acid, 3,4,5-trihydroxy-6-{[(2E)-2-(hydroxymethyl)but-2-enoyl]oxy}oxane-2-carboxylic acid, 6-[(3-carboxy-3-methylprop-2-en-1-yl)oxy]-3,4,5-trihydroxyoxane-2-carboxylic acid, 3,4,5-trihydroxy-6-[(4-hydroxy-2-methylbut-2-enoyl)oxy]oxane-2-carboxylic acid, 6-(2,3-dimethyloxirane-2-carbonyloxy)-3,4,5-trihydroxyoxane-2-carboxylic acid","HMDB0128928, HMDB0128929, HMDB0128931, HMDB0129115, HMDB0129116, HMDB0129118, HMDB0129119, HMDB0129121","0","208824.421875","59762444","8","1","false","0.00003650025246315636","C10H14N4O5+Na+"
"Pacific Northwest National Laboratory","20201130_jl_lungmap_agarose_1","2020-12-01_22h59m24s","C19H19NOS","M+Na","","C19H19NOS+Na+","332.107956081","0.007468663","0.5","0.008001764438269296","0.940414153494874","0.992517006802721","Ketotifen","HMDB0015056","0","181689.90625","13345828","1","1","false","0.0005336233880370855","C20H14N4+Na+"
"Pacific Northwest National Laboratory","20201130_jl_lungmap_agarose_1","2020-12-01_22h59m24s","C13H12O9","M+H","","C13H12O9+H+","313.055408399","0.007481978","0.5","0.007779530855898413","0.9641412547403165","0.9975216852540273","Caftaric acid, Cis-Caffeoyl tartaric acid","HMDB0013680, HMDB0029276","0","177102.53125","36555536","2","2","false","0.00007451528654200956","C12H18O4S2+Na+, C15H15ClN2S+Na+"
"Pacific Northwest National Laboratory","20201130_jl_lungmap_agarose_1","2020-12-01_22h59m24s","C3H9NO3S2","M+H","","C3H9NO3S2+H+","172.00966192299998","0.0074911444","0.5","0.0076358291236753445","0.9831288862769565","0.997887323943662","L-Homocysteine sulfonic acid","HMDB0002238","0","194588.984375","36339984","1","0","false","0.00006324276182567701",""
"Pacific Northwest National Laboratory","20201130_jl_lungmap_agarose_1","2020-12-01_22h59m24s","C13H28","M+H","","C13H28+H+","185.226377331","0.00749964","0.5","0.00783489217923487","0.9626923713489864","0.9943055555555556","2,6,7-Trimethyldecane, 2,3,4-Trimethyldecane, 2,2,9-Trimethyldecane, 2,2,8-Trimethyldecane, 2,2,4-Trimethyldecane, 3,3,4-Trimethyldecane, 2,6,8-Trimethyldecane, 2-Methyldodecane, Tridecane, xi-3-Methyldodecane","HMDB0030309, HMDB0030313, HMDB0030314, HMDB0030315, HMDB0030316, HMDB0030306, HMDB0030307, HMDB0031287, HMDB0034284, HMDB0037828","0","172732.953125","30488194","10","0","false","0.0007221677806228399",""
"Pacific Northwest National Laboratory","20201130_jl_lungmap_agarose_1","2020-12-01_22h59m24s","C21H41O6P","M+Na","","C21H41O6P+Na+","443.25329671500003","0.0075018504","0.5","0.008459212095048628","0.9337149864877167","0.9497824631860776","CPA(18:0/0:0)","HMDB0007004","0","268115.5625","318813600","1","0","false","0.00005083943688077852",""
"Pacific Northwest National Laboratory","20201130_jl_lungmap_agarose_1","2020-12-01_22h59m24s","C20H20O3","M+Na","","C20H20O3+Na+","331.130465183","0.007505703","0.5","0.008030912079232644","0.9397444205785308","0.9945273631840796","3-(5-hydroxy-2,2-dimethyl-2H-chromen-6-yl)-1-phenylpropan-1-one","HMDB0125856","0","173134.6875","18086628","1","1","false","0.00012365747534204274","C22H18N2+Na+"
"Pacific Northwest National Laboratory","20201130_jl_lungmap_agarose_1","2020-12-01_22h59m24s","C17H17NO6","M+Na","","C17H17NO6+Na+","354.094807947","0.007505841","0.5","0.007926929814592159","0.9519882744347097","0.9946327683615819","Citbrasine","HMDB0037797","0","194759.234375","16240632","1","0","false","0.0008004370611160994",""
"Pacific Northwest National Laboratory","20201130_jl_lungmap_agarose_1","2020-12-01_22h59m24s","C9H12O","M+H","","C9H12O+H+","137.096091439","0.007508785","0.5","0.007790262650213589","0.9684224667294651","0.9952970297029703","2-Isopropylphenol, (2-Methoxyethyl)benzene, 2-Propylphenol, 4-Propylphenol, 1-Phenyl-1-propanol, 2-Phenyl-1-propanol, 2,3,6-Trimethylphenol, Benzyl ethyl ether, p-Isopropylphenol, 1-Methoxy-2,4-dimethylbenzene, Nona-2,4,6-trienal, 2,4,6-Trimethylphenol, 3-Phenyl-1-propanol, (±)-1-(4-Methylphenyl)ethanol, 4-Ethyl-2-methylphenol, 3-Ethyl-5-methylphenol, 3-Ethyl-4-methylphenol, 2-Ethyl-5-methylphenol, 2-Ethyl-4-methylphenol, 2-(1-Pentenyl)furan, 6-Ethyl-o-cresol, 1-ethyl-3-methoxybenzene","HMDB0032029, HMDB0032621, HMDB0032624, HMDB0032625, HMDB0031627, HMDB0031628, HMDB0029667, HMDB0031312, HMDB0031446, HMDB0032149, HMDB0032441, HMDB0032544, HMDB0033962, HMDB0034378, HMDB0038984, HMDB0038985, HMDB0038986, HMDB0038987, HMDB0038988, HMDB0039782, HMDB0059896, HMDB0125105","0","189231.375","50363744","22","0","false","0.00004629953400581144",""
"Pacific Northwest National Laboratory","20201130_jl_lungmap_agarose_1","2020-12-01_22h59m24s","C9H19NO4","M+H","","C9H19NO4+H+","206.13868452299997","0.007513646","0.5","0.0077380745939945594","0.9740599377363388","0.9968553459119497","Pantothenol","HMDB0004231","0","206063.25","27376406","1","0","false","0.00008116034587146714",""
"Pacific Northwest National Laboratory","20201130_jl_lungmap_agarose_1","2020-12-01_22h59m24s","C7H14OS","M+H","","C7H14OS+H+","147.08381267299998","0.0075295824","0.5","0.0076933606737940195","0.9845262386441669","0.9940940940940941","4-Methyl-4-(methylthio)-2-pentanone, S-Methyl hexanethioate, S-Methyl 4-methylpentanethioate, 3-(Methylthio)hexanal","HMDB0037621, HMDB0039465, HMDB0039468, HMDB0040186","0","186274.40625","42151296","4","0","false","0.00014441978419199586",""
"Pacific Northwest National Laboratory","20201130_jl_lungmap_agarose_1","2020-12-01_22h59m24s","C22H41NO","M+H","","C22H41NO+H+","336.326091367","0.00753839","0.5","0.008147406005628174","0.9298152854599712","0.9950904392764858","Pipericine","HMDB0031678","0","197981.125","17685998","1","0","false","0.00010314971586922184",""
"Pacific Northwest National Laboratory","20201130_jl_lungmap_agarose_1","2020-12-01_22h59m24s","C6H8N2O","M+H","","C6H8N2O+H+","125.07093931099999","0.007554714","0.5","0.007829574633188223","0.9756990971842432","0.9889263631253513","Methylimidazole acetaldehyde, 2-Methoxy-3-methylpyrazine, 2-Methoxy-5-methylpyrazine, 2-Methoxy-6-methylpyrazine","HMDB0004181, HMDB0031852, HMDB0040141, HMDB0040143","0","254164.4375","71779872","4","0","false","0.000028925996957696043",""
"Pacific Northwest National Laboratory","20201130_jl_lungmap_agarose_1","2020-12-01_22h59m24s","C53H88O23","M+H","","C53H88O23+H+","1093.5789155109999","0.0075581614","0.5","0.009543073487642134","0.8100834869988399","0.9776831345826235","Hoduloside X","HMDB0040662","0","327399.5625","110873648","1","0","false","0.00012162490020273253",""
"Pacific Northwest National Laboratory","20201130_jl_lungmap_agarose_1","2020-12-01_22h59m24s","C10H11NS","M+H","","C10H11NS+H+","178.06849695699998","0.007564646","0.5","0.00781404255924873","0.970043235950814","0.997979797979798","1-Isothiocyanato-3-phenylpropane","HMDB0038444","0","195706.234375","37636104","1","0","false","0.0001539776276331395",""
"Pacific Northwest National Laboratory","20201130_jl_lungmap_agarose_1","2020-12-01_22h59m24s","C13H10S2","M+Na","","C13H10S2+Na+","253.01161334299996","0.0075687235","0.5","0.00799417484111699","0.9502294987094131","0.9963696369636964","5-(1-Propynyl)-5'-vinyl-2,2'-bithiophene","HMDB0038430","0","180307.4375","26262204","1","0","false","0.0005135377869009972",""
"Pacific Northwest National Laboratory","20201130_jl_lungmap_agarose_1","2020-12-01_22h59m24s","C13H11ClO","M+Na","","C13H11ClO+Na+","241.039063355","0.007570225","0.5","0.008600577163338693","0.8829906851781033","0.9968390804597701","(E,E)-1-Chloro-3,11-tridecadiene-5,7,9-triyn-2-ol","HMDB0034007","0","168164.765625","29543556","1","0","false","0.00009922461322275922",""
"Pacific Northwest National Laboratory","20201130_jl_lungmap_agarose_1","2020-12-01_22h59m24s","C10H8N2","M+Na","","C10H8N2+Na+","179.05796893899998","0.0075710844","0.5","0.007821211208285845","0.9755144959648422","0.9923167848699763","3-Indoleacetonitrile","HMDB0006524","0","169706.609375","35229820","1","0","false","0.0007120191003195941",""
"Pacific Northwest National Laboratory","20201130_jl_lungmap_agarose_1","2020-12-01_22h59m24s","C4H8O5","M+H","","C4H8O5+H+","137.044449791","0.0075777727","0.5","0.007800884167510019","0.9811426715178628","0.9900692840646651","Erythronic acid, Threonic acid, L-threonic Acid","HMDB0000613, HMDB0000943, HMDB0062620","0","169379.828125","53602376","3","0","false","0.00006184355879668146",""
"Pacific Northwest National Laboratory","20201130_jl_lungmap_agarose_1","2020-12-01_22h59m24s","C9H14N2O","M+H","","C9H14N2O+H+","167.117889503","0.0075873695","0.5","0.007793914268925279","0.9757579270670123","0.9976851851851852","3-Isopropyl-2-methoxy-5-methylpyrazine, 2-Methoxy-3-(2-methylpropyl)pyrazine, 2-Methoxy-3-(1-methylpropyl)pyrazine","HMDB0029742, HMDB0031860, HMDB0032933","0","178445.953125","36282108","3","0","false","0.00006389460759237409",""
"Pacific Northwest National Laboratory","20201130_jl_lungmap_agarose_1","2020-12-01_22h59m24s","C3H7NO","M+Na","","C3H7NO+Na+","96.041984527","0.0075937514","0.5","0.007816958254320478","0.9755455567631182","0.9957975167144222","N,N-Dimethylformamide, 3-Aminopropionaldehyde, Aminoacetone, 2-(methylamino)acetaldehyde","HMDB0001888, HMDB0001106, HMDB0002134, HMDB0142435","0","133994.28125","36034772","4","0","false","0.00007486978574888781",""
"Pacific Northwest National Laboratory","20201130_jl_lungmap_agarose_1","2020-12-01_22h59m24s","C7H9NO2","M+Na","","C7H9NO2+Na+","162.05254921099998","0.0075964457","0.5","0.007831571230051257","0.9746182569704546","0.9952380952380953","3,4-Dihydroxybenzylamine, 5-Acetyl-2,4-dimethyloxazole, Ethyl 2-pyrrolecarboxylate","HMDB0012153, HMDB0038174, HMDB0059856","0","179400.65625","35543224","3","0","false","0.00008933818025980145",""
"Pacific Northwest National Laboratory","20201130_jl_lungmap_agarose_1","2020-12-01_22h59m24s","C15H11ClO5","M+Na","","C15H11ClO5+Na+","329.01872183500006","0.007603746","0.5","0.00868548355020164","0.8789940987052811","0.9959731543624161","Pelargonidin","HMDB0003263","0","212159.4375","20328018","1","0","false","0.00010757848212961107",""
"Pacific Northwest National Laboratory","20201130_jl_lungmap_agarose_1","2020-12-01_22h59m24s","C11H15N2O5","M+Na","","C11H15N2O5+Na+","278.08731726300005","0.0076119085","0.5","0.007900872204330668","0.968767917653582","0.9944862155388471","Nicotinamide riboside","HMDB0000855","0","172978.703125","17531598","1","0","false","0.00007005604129517451",""
"Pacific Northwest National Laboratory","20201130_jl_lungmap_agarose_1","2020-12-01_22h59m24s","C10H11NO3","M+Na","","C10H11NO3+Na+","216.06311389499996","0.0076122684","0.5","0.007839964061344044","0.9743273471991717","0.9965408805031446","Methyl n-acetylanthranilate, Phenylacetylglycine, Methyl hippurate, p-Methylhippuric acid, 2-Methylhippuric acid, m-Methylhippuric acid, Betamipron, 3-Carbamoyl-2-phenylpropionaldehyde, 4-Hydroxy-5-phenyltetrahydro-1,3-oxazin-2-one, 4-Anilino-4-oxobutanoic acid","HMDB0032388, HMDB0000821, HMDB0000859, HMDB0013292, HMDB0011723, HMDB0013245, HMDB0034250, HMDB0060366, HMDB0060389, HMDB0060758","0","173118.375","26882616","10","1","false","0.0011928798630833626","C5H14NO6P+H+"
"Pacific Northwest National Laboratory","20201130_jl_lungmap_agarose_1","2020-12-01_22h59m24s","C8H7NO3","M+H","","C8H7NO3+H+","166.049869519","0.0076331417","0.5","0.007857318407426915","0.9736570403537114","0.9977528089887641","4-Pyridoxolactone, Formylanthranilic acid, 5-Pyridoxolactone, Noradrenochrome, 6-Methoxy-2(3H)-benzoxazolone, (R)-2-Hydroxy-2H-1,4-benzoxazin-3(4H)-one","HMDB0003454, HMDB0004089, HMDB0004291, HMDB0013030, HMDB0036582, HMDB0038318","0","198206.875","34128580","6","0","false","0.000056923050578916445",""
"Pacific Northwest National Laboratory","20201130_jl_lungmap_agarose_1","2020-12-01_22h59m24s","C9H13N5O3","M+Na","","C9H13N5O3+Na+","262.091059959","0.0076366947","0.5","0.007883385614717802","0.9741045909083448","0.994459409496646","Dihydrobiopterin, 6-Lactoyltetrahydropterin, 4a-Carbinolamine tetrahydrobiopterin, O2'-4a-cyclic-tetrahydrobiopterin, 1-hydroxy-2-Oxopropyl tetrahydropterin","HMDB0000038, HMDB0002065, HMDB0002215, HMDB0013031, HMDB0013642","0","305920.03125","1005203008","5","2","false","0.00010424193897051737","C16H14O2+Na+, C13H18O3+K+"
"Pacific Northwest National Laboratory","20201130_jl_lungmap_agarose_1","2020-12-01_22h59m24s","C35H56O8","M+H","","C35H56O8+H+","605.404795187","0.0076415385","0.5","0.008823757847285079","0.8774232628976143","0.9870020964360587","3-Epipapyriferic acid","HMDB0040498","0","286398.0625","29699806","1","0","false","0.00010461557394592091",""
"Pacific Northwest National Laboratory","20201130_jl_lungmap_agarose_1","2020-12-01_22h59m24s","C7H16O2","M+Na","","C7H16O2+Na+","155.10425043499998","0.0076439865","0.5","0.007875274862956666","0.9730293558540363","0.9975352112676056","xi-1-Butoxy-1-methoxyethane","HMDB0037636","0","168012.21875","35631376","1","0","false","0.00008996936230687425",""
"Pacific Northwest National Laboratory","20201130_jl_lungmap_agarose_1","2020-12-01_22h59m24s","C3H6O6S","M+Na","","C3H6O6S+Na+","192.97772976499996","0.007646905","0.5","0.007746124776722286","0.9897287726642017","0.9974358974358974","(S)-3-Sulfonatolactate","HMDB0060176","0","175993.75","31341944","1","0","false","0.0000785793163231574",""
"Pacific Northwest National Laboratory","20201130_jl_lungmap_agarose_1","2020-12-01_22h59m24s","C26H41NO34S4","M+Na","","C26H41NO34S4+Na+","1062.0285027549999","0.0076757064","0.5","0.008988206415358932","0.8634319466134734","0.9890476190476191","Heparin","HMDB0001394","0","224971.40625","11993753","1","0","false","0.0030304831452667713",""
"Pacific Northwest National Laboratory","20201130_jl_lungmap_agarose_1","2020-12-01_22h59m24s","C4H7NS2","M+H","","C4H7NS2+H+","134.009267999","0.007689007","0.5","0.007990387896337523","0.9772117059985709","0.9847222222222223","1-Isothiocyanato-2-(methylthio)ethane","HMDB0038442","0","166603.359375","49972688","1","0","false","0.00003247917993576266",""
"Pacific Northwest National Laboratory","20201130_jl_lungmap_agarose_1","2020-12-01_22h59m24s","C7H16S","M+Na","","C7H16S+Na+","155.08649236499997","0.007694747","0.5","0.007872673168749577","0.9799549633580531","0.9973922902494331","2-Heptanethiol, Heptane-1-thiol","HMDB0032303, HMDB0032304","0","164683.8125","36769052","2","0","false","0.00030725059332326055",""
"Pacific Northwest National Laboratory","20201130_jl_lungmap_agarose_1","2020-12-01_22h59m24s","C6H12N2O3S","M+H","","C6H12N2O3S+H+","193.064139849","0.0077040335","0.5","0.007908391128318492","0.9797810678949992","0.9942622950819672","Cysteinyl-Alanine, Alanyl-Cysteine","HMDB0028768, HMDB0028684","0","170277.90625","30944116","2","0","false","0.0007055400055833161",""
"Pacific Northwest National Laboratory","20201130_jl_lungmap_agarose_1","2020-12-01_22h59m24s","C11H14N2O4","M+H","","C11H14N2O4+H+","239.10263336299997","0.0077052363","0.5","0.008008990664150655","0.9698529267058393","0.9919786096256684","Glycyl-Tyrosine, Felbamate, Tyrosyl-Glycine, gamma-Glutaminyl-4-hydroxybenzene, Falimint","HMDB0028853, HMDB0015084, HMDB0029105, HMDB0029451, HMDB0040988","0","177313.390625","24318844","5","0","false","0.00019038611208088696",""
"Pacific Northwest National Laboratory","20201130_jl_lungmap_agarose_1","2020-12-01_22h59m24s","C4H4O5","M+H","","C4H4O5+H+","133.013149663","0.0077074594","0.5","0.007952560573661954","0.9793678808655486","0.9895970695970696","Oxalacetic acid","HMDB0000223","0","173800.90625","56190052","1","0","false","0.000026390995117253624",""
"Pacific Northwest National Laboratory","20201130_jl_lungmap_agarose_1","2020-12-01_22h59m24s","C13H25NO","M+H","","C13H25NO+H+","212.20089085499998","0.0077755754","0.5","0.008143876320975057","0.9601983226067972","0.9943526170798898","Ethyl menthane carboxamide","HMDB0037834","0","180140.890625","30680604","1","0","false","0.0020011398009955883",""
"Pacific Northwest National Laboratory","20201130_jl_lungmap_agarose_1","2020-12-01_22h59m24s","C7H8S","M+Na","","C7H8S+Na+","147.02389210899997","0.0077824984","0.5","0.008043432527079225","0.9758689301947489","0.991484942886812","Phenylmethanethiol, 2-Methylbenzenethiol, Methyl phenyl sulfide","HMDB0029633, HMDB0029634, HMDB0034448","0","180640.6875","40364408","3","0","false","0.00003812193244812079",""
"Pacific Northwest National Laboratory","20201130_jl_lungmap_agarose_1","2020-12-01_22h59m24s","C7H10O4","M+H","","C7H10O4+H+","159.06518523499997","0.0078038685","0.5","0.007998828807197707","0.9780285860807729","0.9975438596491228","Succinylacetone, Isopropylmaleate, xi-2,3-Dihydro-3,5-dihydroxy-6-methyl-4H-pyran-4-one, Ethyl 5-oxotetrahydro-2-furancarboxylate","HMDB0000635, HMDB0012241, HMDB0036380, HMDB0059815","0","173703.328125","35919872","4","0","false","0.00012952332326676697",""
"Pacific Northwest National Laboratory","20201130_jl_lungmap_agarose_1","2020-12-01_22h59m24s","C23H38O8","M+H","","C23H38O8+H+","443.263944611","0.007813688","0.5","0.00849550281767743","0.9305761474858358","0.9883597883597883","Prostaglandin G2 2-glyceryl Ester","HMDB0062591","0","186047.59375","9154901","1","0","false","0.00037775494274683297",""
"Pacific Northwest National Laboratory","20201130_jl_lungmap_agarose_1","2020-12-01_22h59m24s","C8H18","M+Na","","C8H18+Na+","137.13007125899998","0.007819074","0.5","0.008136830239541","0.9682620528199055","0.9924466338259442","3,3-Dimethylhexane, Octane, 3-Methylheptane, xi-2,3-Dimethylhexane, 2-Methylheptane","HMDB0031418, HMDB0001485, HMDB0031583, HMDB0037617, HMDB0061915","0","236485.984375","50348040","5","0","false","0.000011925807484658435",""
"Pacific Northwest National Laboratory","20201130_jl_lungmap_agarose_1","2020-12-01_22h59m24s","C8H10O4S","M+H","","C8H10O4S+H+","203.03725640499997","0.007827976","0.5","0.008063978821649451","0.9740872985862418","0.9965571205007825","4-ethylphenylsulfate, 3-ethylphenyl Sulfate","HMDB0062551, HMDB0062721","0","165611.75","27026372","2","0","false","0.00013114455214235932",""
"Pacific Northwest National Laboratory","20201130_jl_lungmap_agarose_1","2020-12-01_22h59m24s","C18H21NO5","M+Na","","C18H21NO5+Na+","354.131193455","0.007828029","0.5","0.008540481230605386","0.946545585266199","0.9683414370610481","2,4,5-trihydroxy-5-(methylamino)-3,4-diphenylpentanoic acid, 2,3,5-trihydroxy-5-(methylamino)-3,4-diphenylpentanoic acid, 2,5-dihydroxy-4-(3-hydroxyphenyl)-5-(methylamino)-3-phenylpentanoic acid, 2,5-dihydroxy-3-(3-hydroxyphenyl)-5-(methylamino)-4-phenylpentanoic acid, 2,5-dihydroxy-4-(4-hydroxyphenyl)-5-(methylamino)-3-phenylpentanoic acid, 2,5-dihydroxy-3-(4-hydroxyphenyl)-5-(methylamino)-4-phenylpentanoic acid, 2,5-dihydroxy-4-(2-hydroxyphenyl)-5-(methylamino)-3-phenylpentanoic acid, 2,5-dihydroxy-3-(2-hydroxyphenyl)-5-(methylamino)-4-phenylpentanoic acid, N-[2-(3,4-dihydroxyphenyl)ethyl]-3-(4-hydroxy-3-methoxyphenyl)propanimidic acid","HMDB0134809, HMDB0134810, HMDB0134811, HMDB0134812, HMDB0134813, HMDB0134814, HMDB0134817, HMDB0134818, HMDB0137096","0","328092.8125","190840912","9","0","false","0.000002803392135319882",""
"Pacific Northwest National Laboratory","20201130_jl_lungmap_agarose_1","2020-12-01_22h59m24s","C12H18O6","M+H","","C12H18O6+H+","259.117614731","0.007837888","0.5","0.008102804889919792","0.9710403364050206","0.9961538461538462","1,1'-(Tetrahydro-6a-hydroxy-2,3a,5-trimethylfuro[2,3-d]-1,3-dioxole-2,5-diyl)bis-ethanone","HMDB0032527","0","206743.75","20331646","1","0","false","0.00003218021083739586",""
"Pacific Northwest National Laboratory","20201130_jl_lungmap_agarose_1","2020-12-01_22h59m24s","C12H21N","M+H","","C12H21N+H+","180.17467610699998","0.007839353","0.5","0.008116472655122487","0.9689122947426546","0.9968468468468469","Rimantadine, Memantine","HMDB0014621, HMDB0015177","0","179287.953125","28468228","2","0","false","0.0003651588049251586",""
"Pacific Northwest National Laboratory","20201130_jl_lungmap_agarose_1","2020-12-01_22h59m24s","C14H22O2","M+H","","C14H22O2+H+","223.169256379","0.007846144","0.5","0.008176359353425098","0.962543498225593","0.9969558599695586","Kobusone, Isokobusone, Rishitin, (10betaH,11xi)-11-Hydroxy-13-nor-6-eremophilen-8-one, Acetaldehyde butyl phenethyl acetal, 2,6-Di-tert-butyl-1,4-benzenediol","HMDB0036790, HMDB0036791, HMDB0035593, HMDB0037605, HMDB0037820, HMDB0040178","0","172055.375","27819024","6","0","false","0.00009414966189069673",""
"Pacific Northwest National Laboratory","20201130_jl_lungmap_agarose_1","2020-12-01_22h59m24s","C14H19NS","M+Na","","C14H19NS+Na+","256.113041461","0.007871079","0.5","0.008299502077342185","0.9559111235385356","0.9921212121212121","2-Heptylbenzothiazole","HMDB0040033","0","185382.625","21533736","1","0","false","0.0009390975465066731",""
"Pacific Northwest National Laboratory","20201130_jl_lungmap_agarose_1","2020-12-01_22h59m24s","C7H13NO3","M+H","","C7H13NO3+H+","160.096819711","0.007879647","0.5","0.008068850500887596","0.9809487252848431","0.9955172413793103","Calystegine A6, 2-Methylbutyrylglycine, Isovalerylglycine, Valerylglycine, N-Acetylvaline, 3-Dehydrocarnitine, 5-Acetamidovalerate, 4-Hydroxystachydrine, Turicine, Betonicine, Calystegine A7, Calystegin A3, Medicanine, Methyl 5-(hydroxymethyl)pyrrolidine-3-carboxylate","HMDB0031345, HMDB0000339, HMDB0000678, HMDB0000927, HMDB0011757, HMDB0012154, HMDB0012175, HMDB0029230, HMDB0029409, HMDB0029412, HMDB0036384, HMDB0038593, HMDB0038625, HMDB0061678","0","174359.34375","36397064","14","0","false","0.00003246713094995357",""
"Pacific Northwest National Laboratory","20201130_jl_lungmap_agarose_1","2020-12-01_22h59m24s","C4H4O4","M+H","","C4H4O4+H+","117.01823504299999","0.007888757","0.5","0.008344325169897481","0.9611836980737302","0.9835828343313373","Fumaric acid, Maleic acid","HMDB0000134, HMDB0000176","0","170059.21875","78973560","2","0","false","0.000013235717233328614",""
"Pacific Northwest National Laboratory","20201130_jl_lungmap_agarose_1","2020-12-01_22h59m24s","C37H70NO10P","M+Na","","C37H70NO10P+Na+","742.4629551229999","0.007888926","0.5","0.009520799136950099","0.8670872498547926","0.9556122448979592","PS(15:0/16:1(9Z)), PS(16:1(9Z)/15:0)","HMDB0112282, HMDB0112357","0","770751.0625","85235208","2","1","false","0.002492249710485339","C43H67O8P+H+"
"Pacific Northwest National Laboratory","20201130_jl_lungmap_agarose_1","2020-12-01_22h59m24s","C21H34O15","M+H","","C21H34O15+H+","527.1970468229999","0.007889701","0.5","0.008711519776372773","0.9265164888716817","0.9774926116036708","Stachyoside A","HMDB0039092","0","342188.1875","379057152","1","0","false","0.00031164573738351464",""
"Pacific Northwest National Laboratory","20201130_jl_lungmap_agarose_1","2020-12-01_22h59m24s","C8H20NO6P","M+H","","C8H20NO6P+H+","258.11010079500005","0.007909835","0.5","0.00814076958656934","0.9792191550106965","0.9922522522522522","Glycerophosphocholine","HMDB0000086","0","174032.171875","24564674","1","1","false","0.00019207139848731458","C13H17NO3+Na+"
"Pacific Northwest National Laboratory","20201130_jl_lungmap_agarose_1","2020-12-01_22h59m24s","C6H6O4","M+H","","C6H6O4+H+","143.03388510699997","0.007913169","0.5","0.008156685173385638","0.9783187858085848","0.9916453537936913","Kojic acid, 5-Hydroxymaltol, trans-trans-Muconic acid, Sumiki's acid, cis,cis-Muconic acid, 2,3-Methylenesuccinic acid, benzene-1,2,3,5-tetrol, benzene-1,2,3,4-tetrol","HMDB0032923, HMDB0032988, HMDB0002349, HMDB0002432, HMDB0006331, HMDB0059762, HMDB0125218, HMDB0134002","0","184495.625","48978448","8","0","false","0.00015644246013835073",""
"Pacific Northwest National Laboratory","20201130_jl_lungmap_agarose_1","2020-12-01_22h59m24s","C12H11NO","M+H","","C12H11NO+H+","186.091340407","0.007936407","0.5","0.008223538883675545","0.9700885348700593","0.9948412698412699","4-Hydroxydiphenylamine, 2-(1-Naphthyl)acetamide, N-hydroxy-4-aminobiphenyl","HMDB0032597, HMDB0032710, HMDB0062723","0","187635.3125","32201236","3","0","false","0.00015256206097546965",""
"Pacific Northwest National Laboratory","20201130_jl_lungmap_agarose_1","2020-12-01_22h59m24s","C2H6S2","M+Na","","C2H6S2+Na+","116.980313215","0.007945367","0.5","0.008277984652751811","0.9712704973336262","0.988209796272215","Ethane-1,1-dithiol, Methylthiomethylmercaptan, Dimethyldisulfide, 1,2-Ethanedithiol","HMDB0032253, HMDB0032428, HMDB0005879, HMDB0031707","0","267201.59375","90891776","4","0","false","0.00003512309194775298",""
"Pacific Northwest National Laboratory","20201130_jl_lungmap_agarose_1","2020-12-01_22h59m24s","C7H10N2","M+H","","C7H10N2+H+","123.09167475499999","0.00795962","0.5","0.008350638551517148","0.967914014071989","0.9847723704866562","Trimethylpyrazine, 2-Ethyl-3-methylpyrazine,9CI, 2-Ethyl-5-methylpyrazine,9CI,8CI, 2-Ethyl-6-methylpyrazine, Isopropylpyrazine, Propylpyrazine, 2,4-Toluenediamine, 2,6-Toluenediamine","HMDB0031844, HMDB0041254, HMDB0041568, HMDB0041569, HMDB0041570, HMDB0041571, HMDB0041799, HMDB0041801","0","238289.59375","77208344","8","0","false","0.000016682861314620823",""
"Pacific Northwest National Laboratory","20201130_jl_lungmap_agarose_1","2020-12-01_22h59m24s","C25H30O9S","M+Na","","C25H30O9S+Na+","529.1502743929999","0.007978468","0.5","0.00889494296324805","0.9078951296738487","0.9879629629629629","(4-{3-[2,4-dihydroxy-5-(3-methylbut-2-en-1-yl)phenyl]-2-hydroxy-3-oxopropyl}-2-(4-hydroxy-3-methylbut-2-en-1-yl)phenyl)oxidanesulfonic acid, {[4-(5-{3-[2,4-dihydroxy-5-(3-methylbut-2-en-1-yl)phenyl]-2-hydroxy-3-oxopropyl}-2-hydroxyphenyl)-2-methylbut-2-en-1-yl]oxy}sulfonic acid, ({1-[2,4-dihydroxy-5-(3-methylbut-2-en-1-yl)phenyl]-3-[4-hydroxy-3-(4-hydroxy-3-methylbut-2-en-1-yl)phenyl]-1-oxopropan-2-yl}oxy)sulfonic acid, (4-{3-[2,4-dihydroxy-5-(4-hydroxy-3-methylbut-2-en-1-yl)phenyl]-2-hydroxy-3-oxopropyl}-2-(3-methylbut-2-en-1-yl)phenyl)oxidanesulfonic acid, {[4-(2,4-dihydroxy-5-{2-hydroxy-3-[4-hydroxy-3-(3-methylbut-2-en-1-yl)phenyl]propanoyl}phenyl)-2-methylbut-2-en-1-yl]oxy}sulfonic acid, ({1-[2,4-dihydroxy-5-(4-hydroxy-3-methylbut-2-en-1-yl)phenyl]-3-[4-hydroxy-3-(3-methylbut-2-en-1-yl)phenyl]-1-oxopropan-2-yl}oxy)sulfonic acid, [4-(3-{2,4-dihydroxy-5-[(2E)-4-hydroxy-3-methylbut-2-en-1-yl]phenyl}-2-hydroxy-3-oxopropyl)-2-(3-methylbut-2-en-1-yl)phenyl]oxidanesulfonic acid, {[(2E)-4-(2,4-dihydroxy-5-{2-hydroxy-3-[4-hydroxy-3-(3-methylbut-2-en-1-yl)phenyl]propanoyl}phenyl)-2-methylbut-2-en-1-yl]oxy}sulfonic acid, [(1-{2,4-dihydroxy-5-[(2E)-4-hydroxy-3-methylbut-2-en-1-yl]phenyl}-3-[4-hydroxy-3-(3-methylbut-2-en-1-yl)phenyl]-1-oxopropan-2-yl)oxy]sulfonic acid, (4-{3-[2,4-dihydroxy-5-(3-methylbut-2-en-1-yl)phenyl]-1,2-dihydroxy-3-oxopropyl}-2-(3-methylbut-2-en-1-yl)phenyl)oxidanesulfonic acid, {3-[2,4-dihydroxy-5-(3-methylbut-2-en-1-yl)phenyl]-2-hydroxy-1-[4-hydroxy-3-(3-methylbut-2-en-1-yl)phenyl]-3-oxopropoxy}sulfonic acid, ({1-[2,4-dihydroxy-5-(3-methylbut-2-en-1-yl)phenyl]-3-hydroxy-3-[4-hydroxy-3-(3-methylbut-2-en-1-yl)phenyl]-1-oxopropan-2-yl}oxy)sulfonic acid, (4-{3-[2,4-dihydroxy-5-(3-methylbut-2-en-1-yl)phenyl]-2-hydroxy-3-oxopropyl}-2-[(3,3-dimethyloxiran-2-yl)methyl]phenyl)oxidanesulfonic acid, ({1-[2,4-dihydroxy-5-(3-methylbut-2-en-1-yl)phenyl]-3-{3-[(3,3-dimethyloxiran-2-yl)methyl]-4-hydroxyphenyl}-1-oxopropan-2-yl}oxy)sulfonic acid, [4-(3-{5-[(3,3-dimethyloxiran-2-yl)methyl]-2,4-dihydroxyphenyl}-2-hydroxy-3-oxopropyl)-2-(3-methylbut-2-en-1-yl)phenyl]oxidanesulfonic acid, (4-{3-[2,4-dihydroxy-5-(3-methylbut-2-en-1-yl)phenyl]-2-hydroxy-3-oxopropyl}-2-hydroxy-6-(3-methylbut-2-en-1-yl)phenyl)oxidanesulfonic acid, ({1-[2,4-dihydroxy-5-(3-methylbut-2-en-1-yl)phenyl]-3-[3,4-dihydroxy-5-(3-methylbut-2-en-1-yl)phenyl]-1-oxopropan-2-yl}oxy)sulfonic acid, [2-hydroxy-6-(3-methylbut-2-en-1-yl)-4-{1-oxo-1-[2,4,6-trihydroxy-3-(3-methylbut-2-en-1-yl)phenyl]propan-2-yl}phenyl]oxidanesulfonic acid","HMDB0133213, HMDB0133214, HMDB0133215, HMDB0133219, HMDB0133220, HMDB0133221, HMDB0133225, HMDB0133226, HMDB0133227, HMDB0133231, HMDB0133232, HMDB0133233, HMDB0133237, HMDB0133238, HMDB0133242, HMDB0133248, HMDB0133249, HMDB0134755","0","226985.25","40289756","18","0","false","0.000058890054788207635",""
"Pacific Northwest National Laboratory","20201130_jl_lungmap_agarose_1","2020-12-01_22h59m24s","C6H14O","M+Na","","C6H14O+Na+","125.093685751","0.007982313","0.5","0.008261627125632607","0.9799328928109993","0.9859770114942529","1-Hexanol, 2-Ethoxybutane, 3-Hexanol, (±)-3-Methyl-1-pentanol, 2-Hexanol, Isohexanol, 3-methyl-2-pentanol","HMDB0012971, HMDB0031326, HMDB0031493, HMDB0033676, HMDB0061886, HMDB0059889, HMDB0062726","0","181521.375","70078592","7","0","false","0.00003776904850383289",""
"Pacific Northwest National Laboratory","20201130_jl_lungmap_agarose_1","2020-12-01_22h59m24s","C8H13NS","M+H","","C8H13NS+H+","156.08414702099998","0.007986166","0.5","0.008247078598069892","0.9775567006221607","0.9905952380952381","4-Butyl-5-methylthiazole, 4-Ethyl-5-propylthiazole, 2,4-Dimethyl-5-propylthiazole, 2,5-Dimethyl-4-propylthiazole, 4,5-Dimethyl-2-propylthiazole, 4,5-Dimethyl-2-(1-methylethyl)thiazole, 2,5-Diethyl-4-methylthiazole, 2-Butyl-4-methylthiazole, 4-Butyl-2-methylthiazole, 2-Ethyl-4-propylthiazole, 4-Ethyl-2-propylthiazole, 7-Isothiocyanato-1-heptene, 2-Pentylthiazole","HMDB0040063, HMDB0040064, HMDB0040071, HMDB0040072, HMDB0040073, HMDB0040074, HMDB0040075, HMDB0040102, HMDB0040103, HMDB0040104, HMDB0040105, HMDB0038434, HMDB0040035","0","186896.953125","35458448","13","0","false","0.000023958165911608376",""
"Pacific Northwest National Laboratory","20201130_jl_lungmap_agarose_1","2020-12-01_22h59m24s","C6H11NOS2","M+Na","","C6H11NOS2+Na+","200.017426995","0.00799088","0.5","0.008300397413352801","0.9737545236262665","0.98865836791148","Sulforaphane","HMDB0005792","0","170977.5625","30751828","1","0","false","0.0001509679132141173",""
"Pacific Northwest National Laboratory","20201130_jl_lungmap_agarose_1","2020-12-01_22h59m24s","C2H7AsO","M+Na","","C2H7AsO+Na+","144.96050552699998","0.007994478","0.5","0.008123328629239488","0.9862044752136565","0.9979047619047619","Dimethylarsinous acid","HMDB0012216","0","167864.15625","43593740","1","0","false","0.00006448068597819656",""
"Pacific Northwest National Laboratory","20201130_jl_lungmap_agarose_1","2020-12-01_22h59m24s","C4H11O3PS","M+Na","","C4H11O3PS+Na+","193.00587306499997","0.007996939","0.5","0.008129245297691776","0.9862427410806754","0.9974468085106383","Diethylthiophosphate","HMDB0001460","0","194642.5","30249138","1","0","false","0.0001895548775792122",""
"Pacific Northwest National Laboratory","20201130_jl_lungmap_agarose_1","2020-12-01_22h59m24s","C12H25NO5","M+H","","C12H25NO5+H+","264.180549335","0.008007521","0.5","0.008383604925285799","0.9602048535950163","0.9947257383966245","Hydroxyvalerylcarnitine","HMDB0013132","0","161191.90625","20546610","1","0","false","0.00012650243297684938",""
"Pacific Northwest National Laboratory","20201130_jl_lungmap_agarose_1","2020-12-01_22h59m24s","C17H22N2O","M+H","","C17H22N2O+H+","271.180489759","0.008018595","0.5","0.008446923773081125","0.9537129069978707","0.9953642384105961","Doxylamine","HMDB0001936","0","186007.265625","19834918","1","1","false","0.00010363024193793535","C15H24O4+H+"
"Pacific Northwest National Laboratory","20201130_jl_lungmap_agarose_1","2020-12-01_22h59m24s","C19H25NO2","M+H","","C19H25NO2+H+","300.19580547500004","0.008029654","0.5","0.008525317219931992","0.9466985063529253","0.9948888888888889","1-(dimethylamino)-2-methyl-3,4-diphenylbutane-1,3-diol","HMDB0144301","0","171052.0625","19516880","1","0","false","0.00006673573807347566",""
"Pacific Northwest National Laboratory","20201130_jl_lungmap_agarose_1","2020-12-01_22h59m24s","C57H82O22","M+H","","C57H82O22+H+","1119.537050699","0.008034466","0.5","0.01027468538563242","0.7844504750283232","0.9968342644320298","Tragopogonsaponin D","HMDB0037915","0","270417.75","31561012","1","0","false","0.000754138280171901",""
"Pacific Northwest National Laboratory","20201130_jl_lungmap_agarose_1","2020-12-01_22h59m24s","C9H13NO","M+Na","","C9H13NO+Na+","174.08893471899998","0.008064146","0.5","0.008309988811287123","0.9724052985730356","0.9979542719614922","N-Methyltyramine, N-Methylphenylethanolamine, Phenylpropanolamine, 1,2,3,4,5,6-Hexahydro-5-methyl-7H-cyclopenta[b]pyridin-7-one, 1,2,3,4,5,6-Hexahydro-6-methyl-7H-cyclopenta[b]pyridin-7-one, 2,3,4,5,6,7-Hexahydrocyclopent[b]azepin-8(1H)-one, 2-(1-Pyrrolidinyl)-2-cyclopenten-1-one, 2-(2-Furanyl)piperidine, 2-Acetyl-3-ethylidene-3,4,5,6-tetrahydropyridine, 1-Furfurylpyrrolidine, 2-(5-Methyl-2-furanyl)pyrrolidine, 4-Hydroxyamphetamine","HMDB0003633, HMDB0001387, HMDB0001942, HMDB0039658, HMDB0039659, HMDB0039663, HMDB0039674, HMDB0039835, HMDB0040039, HMDB0040037, HMDB0040044, HMDB0060765","0","208246.8125","35315500","12","0","false","0.00003011710759892594",""
"Pacific Northwest National Laboratory","20201130_jl_lungmap_agarose_1","2020-12-01_22h59m24s","C8H18","M+H","","C8H18+H+","115.14812701099999","0.008085563","0.5","0.008531517604515372","0.9623458995058134","0.9848107109879963","3,3-Dimethylhexane, Octane, 3-Methylheptane, xi-2,3-Dimethylhexane, 2-Methylheptane","HMDB0031418, HMDB0001485, HMDB0031583, HMDB0037617, HMDB0061915","0","226044.65625","85734048","5","0","false","0.000021825151634402573",""
"Pacific Northwest National Laboratory","20201130_jl_lungmap_agarose_1","2020-12-01_22h59m24s","C7H11NS","M+Na","","C7H11NS+Na+","164.05044120499997","0.008098381","0.5","0.008311736334914416","0.9810020068915467","0.9931995540691193","2-Ethyl-4,5-dimethylthiazole, 4-Ethyl-2,5-dimethylthiazole, 5-Ethyl-2,4-dimethylthiazole, 2,5-Diethylthiazole, 2-Methyl-4-(1-methylethyl)thiazole, 2,4-Diethylthiazole, 2-(2-Methylpropyl)thiazole, 2-(1-Methylpropyl)thiazole, 4-Methyl-2-(1-methylethyl)thiazole, 6-Isothiocyanato-1-hexene, Isothiocyanatocyclohexane","HMDB0040068, HMDB0040069, HMDB0040070, HMDB0040097, HMDB0040100, HMDB0040101, HMDB0031862, HMDB0037140, HMDB0037156, HMDB0038436, HMDB0059892","0","178800.203125","38241260","11","0","false","0.00008481411350658163",""
"Pacific Northwest National Laboratory","20201130_jl_lungmap_agarose_1","2020-12-01_22h59m24s","C30H24O10","M+H","","C30H24O10+H+","545.144223403","0.008100499","0.5","0.009136625743797698","0.8969130141561018","0.9884976525821596","(2S,2''S,3S,3''R,4S)-3,4',5,7-Tetrahydroxyflavan(2->7,4->8)-3,4',5,7-tetrahydroxyflavan","HMDB0033422","0","345872.96875","28476274","1","0","false","0.0002310717973159626",""
"Pacific Northwest National Laboratory","20201130_jl_lungmap_agarose_1","2020-12-01_22h59m24s","C18H12O7","M+H","","C18H12O7+H+","341.06557915900004","0.008106674","0.5","0.008682068772252012","0.9461254563567306","0.9868945868945869","Grevilline B, Salvianolic acid D, 15,17-dihydroxy-11-methoxy-6,8,20-trioxapentacyclo[10.8.0.0²,⁹.0³,⁷.0¹⁴,¹⁹]icosa-1(12),2(9),4,10,14,16,18-heptaen-13-one, 15,16-dihydroxy-11-methoxy-6,8,20-trioxapentacyclo[10.8.0.0²,⁹.0³,⁷.0¹⁴,¹⁹]icosa-1(12),2(9),4,10,14(19),15,17-heptaen-13-one, 16-hydroxy-12-methoxy-5,7,9,21-tetraoxahexacyclo[11.8.0.0²,¹⁰.0³,⁸.0⁴,⁶.0¹⁵,²⁰]henicosa-1(13),2(10),11,15,17,19-hexaen-14-one","HMDB0033240, HMDB0041773, HMDB0128862, HMDB0128863, HMDB0128864","0","169450.4375","15784385","5","1","false","0.0011460311943665147","C11H20N2O4S3+H+"
"Pacific Northwest National Laboratory","20201130_jl_lungmap_agarose_1","2020-12-01_22h59m24s","C6H6O2","M+Na","","C6H6O2+Na+","133.026000115","0.008119838","0.5","0.008403556561300003","0.9749041182310032","0.9911111111111112","(E,E)-2,4-Hexadienedial, 5-Methyl-2-furancarboxaldehyde, 1,3-Benzenediol, Pyrocatechol, Hydroquinone, 2-Acetylfuran","HMDB0031180, HMDB0033002, HMDB0032037, HMDB0000957, HMDB0002434, HMDB0033127","0","188979.1875","51542780","6","0","false","0.00002897586273320485",""
"Pacific Northwest National Laboratory","20201130_jl_lungmap_agarose_1","2020-12-01_22h59m24s","C14H26O10","M+H","","C14H26O10+H+","355.159873467","0.008122448","0.5","0.008532120566387014","0.9581377931917407","0.9935779816513761","Isopropyl apiosylglucoside","HMDB0041513","0","187314.671875","14914251","1","0","false","0.0003317219961900264",""
"Pacific Northwest National Laboratory","20201130_jl_lungmap_agarose_1","2020-12-01_22h59m24s","C5H5N5S","M+H","","C5H5N5S+H+","168.033842765","0.008136765","0.5","0.008229067958227098","0.9908340252336887","0.9979302832244009","Thioguanine","HMDB0014496","0","186627.828125","38842056","1","0","false","0.0007038640324026346",""
"Pacific Northwest National Laboratory","20201130_jl_lungmap_agarose_1","2020-12-01_22h59m24s","C16H15O6S","M+H","","C16H15O6S+H+","336.06621080499997","0.00814829","0.5","0.008628403098867324","0.9523575699489245","0.99159891598916","3-hydroxy-2-(3-methoxyphenyl)-5-sulfino-3,4-dihydro-2H-1-benzopyran-7-olate","HMDB0127797","0","203952.1875","50844060","1","0","false","0.000143828583532013",""
"Pacific Northwest National Laboratory","20201130_jl_lungmap_agarose_1","2020-12-01_22h59m24s","C9H15N2O15P3","M+Na","","C9H15N2O15P3+Na+","506.957749463","0.00816492","0.5","0.008535954878215212","0.96850885374591","0.9876344086021506","Uridine triphosphate","HMDB0000285","0","191633.515625","9021700","1","0","false","0.00021386879961937666",""
"Pacific Northwest National Laboratory","20201130_jl_lungmap_agarose_1","2020-12-01_22h59m24s","C9H12O2","M+Na","","C9H12O2+Na+","175.07295030699999","0.008176257","0.5","0.00845735763628704","0.9696883684824982","0.9969827586206896","2,6,6-Trimethyl-2-cyclohexene-1,4-dione, (Dimethoxymethyl)benzene, 3-(4-Hydroxyphenyl)-1-propanol, 2-Isopropyl-1,4-benzenediol, 3-(5-Methyl-2-furanyl)butanal, 2-Propenyl 2,4-hexadienoate, 4-(Ethoxymethyl)phenol, 1-(2-Furanyl)-1-pentanone, 4-Ethyl-2-methoxyphenol, 2-(Ethoxymethyl)phenol, 2-Isopropoxyphenol, 3,5-Dimethoxytoluene, 3-ethyl-5-methoxyphenol","HMDB0040216, HMDB0041326, HMDB0032599, HMDB0032132, HMDB0036169, HMDB0036227, HMDB0039956, HMDB0039801, HMDB0040175, HMDB0040449, HMDB0041804, HMDB0059853, HMDB0125537","0","167981.296875","29178134","13","0","false","0.0002040742983808741",""
"Pacific Northwest National Laboratory","20201130_jl_lungmap_agarose_1","2020-12-01_22h59m24s","C17H34O4","M+H","","C17H34O4+H+","303.25298600300005","0.00821621","0.5","0.008656268644733728","0.954286636856486","0.9946308724832215","MG(0:0/14:0/0:0), MG(14:0/0:0/0:0), MG(0:0/i-14:0/0:0), MG(i-14:0/0:0/0:0)","HMDB0011530, HMDB0011561, HMDB0072853, HMDB0072867","0","161630.96875","19612812","4","0","false","0.0009275767370127141",""
"Pacific Northwest National Laboratory","20201130_jl_lungmap_agarose_1","2020-12-01_22h59m24s","C8H11N3O3","M+Na","","C8H11N3O3+Na+","220.06926189499995","0.008219093","0.5","0.008387616264557276","0.9830589029251817","0.9967948717948718","N-Acetylhistidine","HMDB0032055","0","170132.8125","26655106","1","0","false","0.0003550417022779584",""
"Pacific Northwest National Laboratory","20201130_jl_lungmap_agarose_1","2020-12-01_22h59m24s","C16H12O3","M+H","","C16H12O3+H+","253.085920679","0.008228122","0.5","0.008659389876567686","0.9530557544917662","0.997","Anisindione, 7-Hydroxy-2-methylisoflavone","HMDB0015257, HMDB0033979","0","196408.75","26102068","2","0","false","0.00011512357013998553",""
"Pacific Northwest National Laboratory","20201130_jl_lungmap_agarose_1","2020-12-01_22h59m24s","C17H13NO3","M+Na","","C17H13NO3+Na+","302.078763959","0.008238097","0.5","0.008757550493535486","0.9516218012909546","0.9885071830106184","Graveolinine, Graveoline, Avenalumin II","HMDB0030244, HMDB0033480, HMDB0038955","0","454775.8125","821679104","3","1","false","0.000019959434212069027","C16H13O6+H+"
"Pacific Northwest National Laboratory","20201130_jl_lungmap_agarose_1","2020-12-01_22h59m24s","C4H7NO4","M+Na","","C4H7NO4+Na+","156.026728387","0.00824069","0.5","0.008355953404813722","0.9920911671037789","0.9940677966101695","L-Aspartic acid, Iminodiacetic acid, D-Aspartic acid, 1-deoxy-1-(N6-lysino)-D-fructose","HMDB0000191, HMDB0011753, HMDB0006483, HMDB0062186","0","171395.3125","44594872","4","0","false","0.00006648489215876907",""
"Pacific Northwest National Laboratory","20201130_jl_lungmap_agarose_1","2020-12-01_22h59m24s","C9H18O2","M+H","","C9H18O2+H+","159.137956251","0.008247859","0.5","0.008539521083758543","0.9715220877485706","0.9941570881226054","Isoamyl butyrate, Butyl 3-methylbutanoate, 3-Heptyl acetate, 5-Methylhexyl acetate, Oenanthic ether, Pelargonic acid, xi-2-Ethylheptanoic acid, Methyl caprylate, Heptyl acetate, 4-Methyloctanoic acid, Propyl hexanoate, 3-Octyl formate, Pentyl butanoate, Hexyl propionate, 3-Methylbutyl 2-methylpropanoate, 3-(Hydroxymethyl)-2-octanone, 1-Hydroxy-3-nonanone, 4-Methyl-2-pentyl-1,3-dioxolane, 2-Methylpropyl 3-methylbutanoate, Octyl formate, Butyl 2-methylbutanoate, 1-Methylbutyl butanoate, Butyl pentanoate, Isopropyl hexanoate, Ethyl 5-methylhexanoate","HMDB0040221, HMDB0032042, HMDB0032309, HMDB0032406, HMDB0000798, HMDB0000847, HMDB0030331, HMDB0031291, HMDB0031480, HMDB0031557, HMDB0034165, HMDB0032454, HMDB0034162, HMDB0034606, HMDB0036234, HMDB0037164, HMDB0037143, HMDB0037288, HMDB0038040, HMDB0038603, HMDB0039216, HMDB0039219, HMDB0040295, HMDB0040430, HMDB0059822","0","182958.40625","43954384","25","0","false","0.000022109703422756866",""
"Pacific Northwest National Laboratory","20201130_jl_lungmap_agarose_1","2020-12-01_22h59m24s","C7H6O6","M+Na","","C7H6O6+Na+","209.00565859499997","0.008248163","0.5","0.008409649842319688","0.9869467179118684","0.9937694704049844","3-Fumarylpyruvate, 2,3,4,5-tetrahydroxybenzoic acid, 2,3,4,6-tetrahydroxybenzoic acid","HMDB0060371, HMDB0125352, HMDB0130404","0","173146.828125","27177512","3","0","false","0.00009798123210202903",""
"Pacific Northwest National Laboratory","20201130_jl_lungmap_agarose_1","2020-12-01_22h59m24s","C3H4O7P","M+H","","C3H4O7P+H+","183.97674090299998","0.008254833","0.5","0.008413769616418766","0.9868811372129924","0.9941520467836258","2-phosphonato-D-glycerate(3-)","HMDB0062707","0","183607.0625","28771532","1","0","false","0.00004036373502458446",""
"Pacific Northwest National Laboratory","20201130_jl_lungmap_agarose_1","2020-12-01_22h59m24s","C7H13NO2","M+Na","","C7H13NO2+Na+","166.08384933899998","0.008306501","0.5","0.008504992472920058","0.9788443050284839","0.9977703455964325","Proline betaine, L-2-Amino-3-methylenehexanoic acid, 3beta,6beta-Dihydroxynortropane","HMDB0004827, HMDB0030410, HMDB0038949","0","180186.125","37995060","3","0","false","0.00003782477506319992",""
"Pacific Northwest National Laboratory","20201130_jl_lungmap_agarose_1","2020-12-01_22h59m24s","C13H14O","M+H","","C13H14O+H+","187.111741503","0.008311804","0.5","0.008664795791761952","0.9618262611158349","0.9973333333333333","(E)-2-Tridecene-4,6,8-triyn-1-ol, (all-E)-3,5,7-Tridecatriene-9,11-diyn-1-ol","HMDB0030931, HMDB0038526","0","168099.140625","31908820","2","0","false","0.00022510942653752863",""
"Pacific Northwest National Laboratory","20201130_jl_lungmap_agarose_1","2020-12-01_22h59m24s","C3H4O5","M+Na","","C3H4O5+Na+","142.995093911","0.008313077","0.5","0.008461737738506248","0.9844823787230611","0.9979166666666667","Hydroxypropanedioic acid","HMDB0035227","0","175647.21875","39965756","1","0","false","0.000045257726014824584",""
"Pacific Northwest National Laboratory","20201130_jl_lungmap_agarose_1","2020-12-01_22h59m24s","C9H14F2N3O13P3","M+H","","C9H14F2N3O13P3+H+","503.978031263","0.008315025","0.5","0.008664175932219683","0.965752007500217","0.9937352245862884","Gemcitabine triphosphate","HMDB0060638","0","236990.625","43919448","1","0","false","0.00029852884472347796",""
"Pacific Northwest National Laboratory","20201130_jl_lungmap_agarose_1","2020-12-01_22h59m24s","C9H19N","M+H","","C9H19N+H+","142.15902604299998","0.008337134","0.5","0.008704448079144302","0.9666280467007429","0.9908687943262411","Isometheptene","HMDB0015651","0","176984.1875","47333064","1","0","false","0.00005472651537274942",""
"Pacific Northwest National Laboratory","20201130_jl_lungmap_agarose_1","2020-12-01_22h59m24s","C6H5N2O2","M+H","","C6H5N2O2+H+","138.042378835","0.008339063","0.5","0.008569729890490773","0.9795120817134222","0.9934369602763385","Trans-urocanate","HMDB0062562","0","238838.78125","47764824","1","0","false","0.000017327793102595024",""
"Pacific Northwest National Laboratory","20201130_jl_lungmap_agarose_1","2020-12-01_22h59m24s","C8H14N2O3S","M+Na","","C8H14N2O3S+Na+","241.06173416099995","0.008340164","0.5","0.008585325754210305","0.9759514746517804","0.9953815261044177","Cysteinyl-Proline, Prolyl-Cysteine","HMDB0028783, HMDB0029014","0","171963.65625","21446492","2","0","false","0.0008537718094885349",""
"Pacific Northwest National Laboratory","20201130_jl_lungmap_agarose_1","2020-12-01_22h59m24s","C4H11N","M+Na","","C4H11N+Na+","96.078370035","0.0083405785","0.5","0.008512868201555538","0.9811382626446506","0.9985964912280701","sec-Butylamine, 1-Butylamine, 2-Methyl-1-propylamine, Diethylamine, 2-methylpropan-2-amine","HMDB0032179, HMDB0031321, HMDB0034198, HMDB0041878, HMDB0143690","0","200144.96875","39570516","5","0","false","0.00003214012394892052",""
"Pacific Northwest National Laboratory","20201130_jl_lungmap_agarose_1","2020-12-01_22h59m24s","C6H7NO4","M+H","","C6H7NO4+H+","158.04478413899997","0.008347926","0.5","0.008507861599084666","0.9831291285125572","0.9980392156862745","2-Aminomuconic acid","HMDB0001241","0","190863.75","43318640","1","0","false","0.0000763234929763712",""
"Pacific Northwest National Laboratory","20201130_jl_lungmap_agarose_1","2020-12-01_22h59m24s","C53H96N2O21","M+Na","","C53H96N2O21+Na+","1119.639778775","0.008362153","0.5","0.010504864256105929","0.8001630149164473","0.9948306595365419","Ganglioside GM3 (d18:1/12:0)","HMDB0004842","0","249393.421875","63127544","1","0","false","0.00004797990550287068",""
"Pacific Northwest National Laboratory","20201130_jl_lungmap_agarose_1","2020-12-01_22h59m24s","C9H12","M+Na","","C9H12+Na+","143.08312106699998","0.008375041","0.5","0.008643426245744918","0.9708587492169749","0.9980331262939959","1,2,4-Trimethylbenzene, Isopropylbenzene, 1,2,4-Tris(methylene)cyclohexane, Mesitylene, Propylbenzene, Hemimellitene, o-Ethyltoluene, m-Ethyl_toluene","HMDB0013733, HMDB0034029, HMDB0040458, HMDB0041924, HMDB0059877, HMDB0059901, HMDB0059819, HMDB0059848","0","189056.03125","40525612","8","0","false","0.00003058311267523095",""
"Pacific Northwest National Laboratory","20201130_jl_lungmap_agarose_1","2020-12-01_22h59m24s","C2H8AlNO4","M+Na","","C2H8AlNO4+Na+","160.01609191899996","0.008378163","0.5","0.008522073968915581","0.9855548711386587","0.9975225225225225","Dihydroxyaluminium","HMDB0015457","0","168074.796875","37373432","1","0","false","0.0001509739668108523",""
"Pacific Northwest National Laboratory","20201130_jl_lungmap_agarose_1","2020-12-01_22h59m24s","C5H8OS2","M+Na","","C5H8OS2+Na+","170.990877899","0.008389803","0.5","0.008639718316829045","0.9755589914407943","0.9954022988505747","3-Acetyl-1,2-dithiolane, Dihydro-4-mercapto-5-methyl-3(2H)-thiophenone","HMDB0040230, HMDB0039797","0","179936.28125","36896552","2","1","false","0.00001798538869479671","C4H4O6+Na+"
"Pacific Northwest National Laboratory","20201130_jl_lungmap_agarose_1","2020-12-01_22h59m24s","C9H20","M+Na","","C9H20+Na+","151.14572132299998","0.008391681","0.5","0.008674743456328805","0.969414584888585","0.9978902953586498","Nonane, 3,4-Dimethylheptane, 2,2,3,4-Tetramethylpentane, 2,3,4-Trimethylhexane, Isononane","HMDB0029595, HMDB0031416, HMDB0030301, HMDB0030302, HMDB0031556","0","186978.03125","39946592","5","0","false","0.00004795159475179389",""
"Pacific Northwest National Laboratory","20201130_jl_lungmap_agarose_1","2020-12-01_22h59m24s","C7H6N2","M+Na","","C7H6N2+Na+","141.04231887499998","0.008399187","0.5","0.008628139428497994","0.9748108049062527","0.9986187845303868","7-Azaindolizine, 5H-Cyclopentapyrazine","HMDB0033576, HMDB0040040","0","225691.5","45558408","2","0","false","0.0000054850770538905635",""
"Pacific Northwest National Laboratory","20201130_jl_lungmap_agarose_1","2020-12-01_22h59m24s","C8H7NO4","M+H","","C8H7NO4+H+","182.04478413899997","0.008401235","0.5","0.008666570579058895","0.9755652847582723","0.99366391184573","(R)-2,7-Dihydroxy-2H-1,4-benzoxazin-3(4H)-one, 2-Methyl-3-hydroxy-5-formylpyridine-4-carboxylate, 2,4-Dihydroxy-2H-1,4-benzoxazin-3(4H)-one","HMDB0038054, HMDB0006954, HMDB0033733","0","160172.390625","30585574","3","0","false","0.0016704729059711099",""
"Pacific Northwest National Laboratory","20201130_jl_lungmap_agarose_1","2020-12-01_22h59m24s","C8H10N2S","M+H","","C8H10N2S+H+","167.06374592499998","0.008402195","0.5","0.008679780134731517","0.9727315352207976","0.9951557093425606","Ethionamide","HMDB0014747","0","170497","36607496","1","1","false","0.0004962456878274679","C6H11NO3+Na+"
"Pacific Northwest National Laboratory","20201130_jl_lungmap_agarose_1","2020-12-01_22h59m24s","C21H12O14","M+Na","","C21H12O14+Na+","511.011925747","0.008404649","0.5","0.009202799921915411","0.9287911853020496","0.9832897717372364","8-(6-carboxy-2,3,4-trihydroxyphenoxy)-3,4,9,10-tetrahydroxy-6-oxo-6H-benzo[c]chromene-1-carboxylic acid","HMDB0136073","0","334143.625","355640448","1","0","false","0.0002498034737072885",""
"Pacific Northwest National Laboratory","20201130_jl_lungmap_agarose_1","2020-12-01_22h59m24s","C8H10N4O2","M+Na","","C8H10N4O2+Na+","217.06959624299998","0.00841772","0.5","0.008656071296560016","0.9777383579523673","0.9946058091286307","Enprofylline, Caffeine","HMDB0014962, HMDB0001847","0","186134.390625","30701350","2","0","false","0.000135198759380728",""
"Pacific Northwest National Laboratory","20201130_jl_lungmap_agarose_1","2020-12-01_22h59m24s","C28H24O8","M+Na","","C28H24O8+Na+","511.13633841100005","0.008420095","0.5","0.009417662129150505","0.9066131073389146","0.9861702127659574","Bisosthenon B, Khelmarin D","HMDB0031829, HMDB0041394","0","230597.375","14671742","2","1","false","0.0001171399635495618","C30H22O8+H+"
"Pacific Northwest National Laboratory","20201130_jl_lungmap_agarose_1","2020-12-01_22h59m24s","C10H11N","M+H","","C10H11N+H+","146.096425787","0.008424665","0.5","0.008724128761052217","0.971218186263217","0.9942915392456677","2,4-Dimethyl-1H-indole","HMDB0032967","0","193788.734375","41098920","1","0","false","0.000049161386414198205",""
"Pacific Northwest National Laboratory","20201130_jl_lungmap_agarose_1","2020-12-01_22h59m24s","C17H17N3O3S","M+H","","C17H17N3O3S+H+","344.106339009","0.008427443","0.5","0.008998412895508097","0.9432169132370205","0.9929292929292929","N-desmethylrosiglitazone","HMDB0060980","0","189345.90625","13603770","1","0","false","0.0008416288183070719",""
"Pacific Northwest National Laboratory","20201130_jl_lungmap_agarose_1","2020-12-01_22h59m24s","C14H12O2","M+Na","","C14H12O2+Na+","235.07295030699999","0.0084489975","0.5","0.008873806198538132","0.9613855281408223","0.9903703703703703","Benzoin, Benzyl Benzoate","HMDB0032039, HMDB0014814","0","170696.484375","28996632","2","0","false","0.0006636710604652762",""
"Pacific Northwest National Laboratory","20201130_jl_lungmap_agarose_1","2020-12-01_22h59m24s","C11H13NO2","M+Na","","C11H13NO2+Na+","214.08384933899998","0.008473348","0.5","0.008795447872013803","0.9658858681741495","0.9974043715846994","5-Methoxytryptophol, (E)-5-(3,4,5,6-Tetrahydro-3-pyridylidenemethyl)-2-furanmethanol","HMDB0001896, HMDB0033560","0","190841.640625","31481888","2","0","false","0.00040464792982675135",""
"Pacific Northwest National Laboratory","20201130_jl_lungmap_agarose_1","2020-12-01_22h59m24s","C13H14O","M+Na","","C13H14O+Na+","209.09368575099998","0.00847373","0.5","0.008838452164862398","0.9619258051290144","0.9966824644549763","(E)-2-Tridecene-4,6,8-triyn-1-ol, (all-E)-3,5,7-Tridecatriene-9,11-diyn-1-ol","HMDB0030931, HMDB0038526","0","175535.390625","26733638","2","0","false","0.0001880610070656985",""
"Pacific Northwest National Laboratory","20201130_jl_lungmap_agarose_1","2020-12-01_22h59m24s","C4H4ClN3","M+H","","C4H4ClN3+H+","130.016651263","0.008477532","0.5","0.009331313722068777","0.9144117108173218","0.993538913362702","3(S)-hydroxy-13-cis-docosenoyl-CoA","HMDB0062200","0","194152.4375","55762312","1","0","false","0.000028690885301330127",""
"Pacific Northwest National Laboratory","20201130_jl_lungmap_agarose_1","2020-12-01_22h59m24s","C17H20BrNO","M+H","","C17H20BrNO+H+","334.080103695","0.008503222","0.5","0.012158097389890895","0.7009903277576546","0.9977135980746089","Bromodiphenhydramine","HMDB0015367","0","221954.859375","38487476","1","1","false","0.00004332904063630849","C16H16F3NO+K+"
"Pacific Northwest National Laboratory","20201130_jl_lungmap_agarose_1","2020-12-01_22h59m24s","C7H6O6","M+H","","C7H6O6+H+","187.02371434699998","0.008503488","0.5","0.00880212349026503","0.9718374808290113","0.9940677966101695","3-Fumarylpyruvate, 2,3,4,5-tetrahydroxybenzoic acid, 2,3,4,6-tetrahydroxybenzoic acid","HMDB0060371, HMDB0125352, HMDB0130404","0","177043.46875","30256196","3","0","false","0.00006601706991204992",""
"Pacific Northwest National Laboratory","20201130_jl_lungmap_agarose_1","2020-12-01_22h59m24s","C10H18O3","M+Na","","C10H18O3+Na+","209.11481511899996","0.008512528","0.5","0.008768369275786607","0.9733908590649366","0.9973611111111111","2-Methylbutyl 3-hydroxy-2-methylidenebutanoate, 3-Methylbutyl 3-hydroxy-2-methylidenebutanoate, 3-Oxodecanoic acid, Ethyl (3R,5Z)-3-hydroxy-5-octenoate, 3-Hydroxy-5Z-octenyl acetate, (1S,2S,4S,5R)-1,8-Epoxy-p-menthane-2,5-diol, 6-Methyl-2-methylene-6-octene-1,3,8-triol, (1beta,2beta,5beta)-p-Menth-3-ene-1,2,5-triol, 5-Hexyl-1,4-dioxan-2-one, (E)-10-Hydroxy-8-decenoic acid, 6-Hexyl-1,4-dioxan-2-one, exo,exo-1,8-Epoxy-p-menthane-2,6-diol, (1R,2R,4R)-1,8-Epoxy-p-menthane-2,4-diol","HMDB0040204, HMDB0040205, HMDB0010724, HMDB0030367, HMDB0030369, HMDB0033010, HMDB0038692, HMDB0038978, HMDB0039587, HMDB0039533, HMDB0039582, HMDB0041376, HMDB0041545","0","191311.890625","30641556","13","0","false","0.0001651532802497968",""
"Pacific Northwest National Laboratory","20201130_jl_lungmap_agarose_1","2020-12-01_22h59m24s","C6H13NS2","M+H","","C6H13NS2+H+","164.056218191","0.008566992","0.5","0.008823334645198884","0.9736314698253754","0.9972431077694236","Thialdine","HMDB0031187","0","189867.546875","33686452","1","1","false","0.00009053730173036456","C6H5N5O+H+"
"Pacific Northwest National Laboratory","20201130_jl_lungmap_agarose_1","2020-12-01_22h59m24s","C10H13N3O","M+Na","","C10H13N3O+Na+","214.09508271899998","0.008584208","0.5","0.008890552056170887","0.9687240538630372","0.9967159277504105","4-Hydroxydebrisoquine, N'-nitrosoanabasine","HMDB0006468, HMDB0041939","0","175833.59375","25737032","2","0","false","0.00023925576533656567",""
"Pacific Northwest National Laboratory","20201130_jl_lungmap_agarose_1","2020-12-01_22h59m24s","C43H76NO8P","M+Na","","C43H76NO8P+Na+","788.5200760749999","0.00858805","0.5","0.01047345032353459","0.8430710567151767","0.9726141078838174","PC(15:0/20:5(5Z,8Z,11Z,14Z,17Z)), PC(20:5(5Z,8Z,11Z,14Z,17Z)/15:0), PE(16:0/22:5(4Z,7Z,10Z,13Z,16Z)), PE(16:0/22:5(7Z,10Z,13Z,16Z,19Z)), PE(16:1(9Z)/22:4(7Z,10Z,13Z,16Z)), PE(18:0/20:5(5Z,8Z,11Z,14Z,17Z)), PE(18:1(11Z)/20:4(5Z,8Z,11Z,14Z)), PE(18:1(11Z)/20:4(8Z,11Z,14Z,17Z)), PE(18:1(9Z)/20:4(5Z,8Z,11Z,14Z)), PE(18:1(9Z)/20:4(8Z,11Z,14Z,17Z)), PE(18:2(9Z,12Z)/20:3(5Z,8Z,11Z)), PE(18:2(9Z,12Z)/20:3(8Z,11Z,14Z)), PE(18:3(6Z,9Z,12Z)/20:2(11Z,14Z)), PE(18:3(9Z,12Z,15Z)/20:2(11Z,14Z)), PE(18:4(6Z,9Z,12Z,15Z)/20:1(11Z)), PE(20:1(11Z)/18:4(6Z,9Z,12Z,15Z)), PE(20:2(11Z,14Z)/18:3(6Z,9Z,12Z)), PE(20:2(11Z,14Z)/18:3(9Z,12Z,15Z)), PE(20:3(5Z,8Z,11Z)/18:2(9Z,12Z)), PE(20:3(8Z,11Z,14Z)/18:2(9Z,12Z)), PE(20:4(5Z,8Z,11Z,14Z)/18:1(11Z)), PE(20:4(5Z,8Z,11Z,14Z)/18:1(9Z)), PE(20:4(8Z,11Z,14Z,17Z)/18:1(11Z)), PE(20:4(8Z,11Z,14Z,17Z)/18:1(9Z)), PE(20:5(5Z,8Z,11Z,14Z,17Z)/18:0), PE(22:4(7Z,10Z,13Z,16Z)/16:1(9Z)), PE(22:5(4Z,7Z,10Z,13Z,16Z)/16:0), PE(22:5(7Z,10Z,13Z,16Z,19Z)/16:0), PE-NMe(15:0/22:5(7Z,10Z,13Z,16Z,19Z)), PE-NMe(15:0/22:5(4Z,7Z,10Z,13Z,16Z)), PE-NMe(22:5(4Z,7Z,10Z,13Z,16Z)/15:0), PE-NMe(22:5(7Z,10Z,13Z,16Z,19Z)/15:0), PE-NMe2(14:0/22:5(4Z,7Z,10Z,13Z,16Z)), PE-NMe2(14:0/22:5(7Z,10Z,13Z,16Z,19Z)), PE-NMe2(14:1(9Z)/22:4(7Z,10Z,13Z,16Z)), PE-NMe2(16:0/20:5(5Z,8Z,11Z,14Z,17Z)), PE-NMe2(16:1(9Z)/20:4(5Z,8Z,11Z,14Z)), PE-NMe2(16:1(9Z)/20:4(8Z,11Z,14Z,17Z)), PE-NMe2(18:1(11Z)/18:4(6Z,9Z,12Z,15Z)), PE-NMe2(18:1(9Z)/18:4(6Z,9Z,12Z,15Z)), PE-NMe2(18:2(9Z,12Z)/18:3(6Z,9Z,12Z)), PE-NMe2(18:2(9Z,12Z)/18:3(9Z,12Z,15Z)), PE-NMe2(18:3(6Z,9Z,12Z)/18:2(9Z,12Z)), PE-NMe2(18:3(9Z,12Z,15Z)/18:2(9Z,12Z)), PE-NMe2(18:4(6Z,9Z,12Z,15Z)/18:1(11Z)), PE-NMe2(18:4(6Z,9Z,12Z,15Z)/18:1(9Z)), PE-NMe2(20:4(5Z,8Z,11Z,14Z)/16:1(9Z)), PE-NMe2(20:4(8Z,11Z,14Z,17Z)/16:1(9Z)), PE-NMe2(20:5(5Z,8Z,11Z,14Z,17Z)/16:0), PE-NMe2(22:4(7Z,10Z,13Z,16Z)/14:1(9Z))","HMDB0007951, HMDB0008494, HMDB0008944, HMDB0008945, HMDB0008976, HMDB0009005, HMDB0009036, HMDB0009037, HMDB0009069, HMDB0009070, HMDB0009100, HMDB0009101, HMDB0009132, HMDB0009165, HMDB0009197, HMDB0009261, HMDB0009292, HMDB0009293, HMDB0009324, HMDB0009357, HMDB0009388, HMDB0009389, HMDB0009421, HMDB0009422, HMDB0009453, HMDB0009584, HMDB0009616, HMDB0009649, HMDB0112978, HMDB0113035, HMDB0113622, HMDB0113648, HMDB0113894, HMDB0113895, HMDB0113912, HMDB0113952, HMDB0113973, HMDB0113974, HMDB0114020, HMDB0114047, HMDB0114074, HMDB0114075, HMDB0114102, HMDB0114131, HMDB0114158, HMDB0114159, HMDB0114328, HMDB0114356, HMDB0114384, HMDB0114496","0","1253701","951766144","50","1","false","0.000019281536879134364","C45H74NO8P+H+"
"Pacific Northwest National Laboratory","20201130_jl_lungmap_agarose_1","2020-12-01_22h59m24s","C21H28N2O2","M+H","","C21H28N2O2+H+","341.22235457100004","0.008602981","0.5","0.00923551904517882","0.9368484797394953","0.9943019943019943","14,19-Dihydroaspidospermatine","HMDB0030359","0","179628.515625","15779977","1","0","false","0.0007439753389917314",""
"Pacific Northwest National Laboratory","20201130_jl_lungmap_agarose_1","2020-12-01_22h59m24s","C4H4N2O2","M+H","","C4H4N2O2+H+","113.034553803","0.008627138","0.5","0.009141376916309831","0.9614621220854481","0.9815737445630685","Uracil, 4-Carboxypyrazole","HMDB0000300, HMDB0060760","0","267538.59375","99143664","2","0","false","0.00005340982534107752",""
"Pacific Northwest National Laboratory","20201130_jl_lungmap_agarose_1","2020-12-01_22h59m24s","C11H17NO2","M+Na","","C11H17NO2+Na+","218.11514946699998","0.00862844","0.5","0.008913422133232003","0.9712360973596864","0.9966966966966967","2-hydroxymexiletine, p-hydroxymexiletine","HMDB0060953, HMDB0060954","0","171140.40625","28331222","2","0","false","0.00022761775471735746",""
"Pacific Northwest National Laboratory","20201130_jl_lungmap_agarose_1","2020-12-01_22h59m24s","C30H40O9","M+H","","C30H40O9+H+","545.2745092949999","0.008642033","0.5","0.009743226953823065","0.8969445422730964","0.9888888888888889","Physagulin F","HMDB0039631","0","198742.546875","10910205","1","0","false","0.0006870898650959134",""
"Pacific Northwest National Laboratory","20201130_jl_lungmap_agarose_1","2020-12-01_22h59m24s","C3H8O4","M+H","","C3H8O4+H+","109.04953517099999","0.008648376","0.5","0.009311632097382196","0.9478773228432","0.9798433048433048","2,2-Dihydroperoxypropane","HMDB0034260","0","249949.125","108342456","1","0","false","0.000036458051908994094",""
"Pacific Northwest National Laboratory","20201130_jl_lungmap_agarose_1","2020-12-01_22h59m24s","C19H29NO3","M+Na","","C19H29NO3+Na+","342.20396447100006","0.00865374","0.5","0.009215758474640439","0.9458947405192876","0.9927272727272727","Homocapsaicin, b-Dihydrotetrabenazine, alpha-dihydrotetrabenazine","HMDB0036329, HMDB0060578, HMDB0061098","0","172195.828125","15033450","3","0","false","0.00015477176930289716",""
"Pacific Northwest National Laboratory","20201130_jl_lungmap_agarose_1","2020-12-01_22h59m24s","C7H8O3S","M+H","","C7H8O3S+H+","173.026691721","0.008653772","0.5","0.008862472948889599","0.9788540161459068","0.9975452196382429","p-Toluenesulfonic acid","HMDB0059933","0","180834.765625","32464768","1","0","false","0.0000763794087106362",""
"Pacific Northwest National Laboratory","20201130_jl_lungmap_agarose_1","2020-12-01_22h59m24s","C4H6O2","M+Na","","C4H6O2+Na+","109.026000115","0.00866335","0.5","0.009277946492895645","0.9525369437463103","0.9802845528455284","Gamma-Butyrolactone, Oxolan-3-one, Diacetyl, But-2-enoic acid, Ethenyl acetate, Methyl acrylate, Isocrotonic acid","HMDB0000549, HMDB0002523, HMDB0003407, HMDB0010720, HMDB0031209, HMDB0033977, HMDB0034439","0","261849.078125","113975536","7","0","false","0.0000011398483366065193",""
"Pacific Northwest National Laboratory","20201130_jl_lungmap_agarose_1","2020-12-01_22h59m24s","C7H10O6","M+Na","","C7H10O6+Na+","213.03695872299997","0.008670736","0.5","0.00888820850243698","0.981695608074281","0.9937219730941704","3-Dehydroquinate, 2-Hydroxy-2-(2-oxopropyl)butanedioic acid","HMDB0012710, HMDB0059927","0","171607.234375","28427372","2","0","false","0.0000765018630772829",""
"Pacific Northwest National Laboratory","20201130_jl_lungmap_agarose_1","2020-12-01_22h59m24s","C7H16N2O2","M+Na","","C7H16N2O2+Na+","183.11039843499998","0.008671763","0.5","0.008877108122128594","0.9792719580569991","0.9975452196382429","N(6)-Methyllysine, Isoputreanine","HMDB0002038, HMDB0006009","0","179125.421875","32757716","2","0","false","0.00008745118975639343",""
"Pacific Northwest National Laboratory","20201130_jl_lungmap_agarose_1","2020-12-01_22h59m24s","C7H9NO","M+H","","C7H9NO+H+","124.07569034299999","0.008686171","0.5","0.008984485460818384","0.9734223945880996","0.9931933842239186","4-Hydroxybenzylamine, p-Anisidine, 2-Propionylpyrrole, 1-Ethyl-1H-pyrrole-2-carboxaldehyde, 2-Acetyl-1-methylpyrrole","HMDB0032578, HMDB0029300, HMDB0032492, HMDB0036058, HMDB0040360","0","227275.25","62745856","5","0","false","0.00001823800994316116",""
"Pacific Northwest National Laboratory","20201130_jl_lungmap_agarose_1","2020-12-01_22h59m24s","C12H10O3","M+H","","C12H10O3+H+","203.070270615","0.008693583","0.5","0.008966630612134261","0.9727749602721022","0.9966832504145937","(2-Naphthalenyloxy)acetic acid, 3,4',5-Biphenyltriol, 5-Hydroxy-2,3-dimethyl-1,4-naphthoquinone, Setarin","HMDB0032706, HMDB0032713, HMDB0034663, HMDB0038115","0","188883.203125","25603538","4","0","false","0.0001453555014450103",""
"Pacific Northwest National Laboratory","20201130_jl_lungmap_agarose_1","2020-12-01_22h59m24s","C12H19N3O5","M+H","","C12H19N3O5+H+","286.139747143","0.0087104505","0.5","0.0090877014462603","0.9661149220996559","0.9921052631578947","Glycylprolylhydroxyproline","HMDB0002171","0","201263.140625","20145536","1","1","false","0.0002993336820509285","C15H21NO3+Na+"
"Pacific Northwest National Laboratory","20201130_jl_lungmap_agarose_1","2020-12-01_22h59m24s","C16H12O6","M+H","","C16H12O6+H+","301.070664539","0.008732612","0.5","0.00919805027547441","0.9553352966958008","0.9937853107344633","Santal, Barpisoflavone A, Cajanin, 3,3',7-Trihydroxy-4'-methoxyflavone, Diosmetin, Pratensein, Takakin, Chrysoeriol, 3,5-Dihydroxy-6,7-methylenedioxyflavanone, 6alpha-Hydroxymaackiain, Questinol, Luteolin 7-methyl ether, Kaempferide, Tectorigenin, 5,7-dihydroxy-2-(3-hydroxy-5-methoxyphenyl)-4H-chromen-4-one, 3,5,7-trihydroxy-2-(3-methoxyphenyl)-4H-chromen-4-one, 5,7-dihydroxy-2-(4-hydroxyphenyl)-6-methoxy-4H-chromen-4-one, 6,7-dihydroxy-2-(4-hydroxyphenyl)-5-methoxy-4H-chromen-4-one, 5,6,7-trihydroxy-3-(4-methoxyphenyl)-4H-chromen-4-one, 5,6,7-trihydroxy-2-(3-methoxyphenyl)-4H-chromen-4-one, 5,6,7-trihydroxy-8-methoxy-2-phenyl-4H-chromen-4-one, 3,5,7-trihydroxy-8-methoxy-2-phenyl-4H-chromen-4-one, 7,8-dihydroxy-3-(4-hydroxyphenyl)-6-methoxy-4H-chromen-4-one, 6,7,8-trihydroxy-3-(4-methoxyphenyl)-4H-chromen-4-one, 6,7-dihydroxy-2-(3-hydroxy-4-methoxyphenyl)-4H-chromen-4-one, 2-(2,3-dihydroxy-4-methoxyphenyl)-7-hydroxy-4H-chromen-4-one, 2-(2,5-dihydroxy-4-methoxyphenyl)-7-hydroxy-4H-chromen-4-one, 6,7-dihydroxy-2-(4-hydroxy-3-methoxyphenyl)-4H-chromen-4-one, 2-(2,4-dihydroxy-5-methoxyphenyl)-7-hydroxy-4H-chromen-4-one, 3,5-dihydroxy-2-(3-hydroxyphenyl)-7-methoxy-4H-chromen-4-one, 6,7-dihydroxy-3-(2-hydroxy-4-methoxyphenyl)-4H-chromen-4-one, 3-(2,3-dihydroxy-4-methoxyphenyl)-7-hydroxy-4H-chromen-4-one, 3-(2,5-dihydroxy-4-methoxyphenyl)-7-hydroxy-4H-chromen-4-one, 7,8-dihydroxy-3-(2-hydroxy-4-methoxyphenyl)-4H-chromen-4-one, 5,7-dihydroxy-3-(2-hydroxy-4-methoxyphenyl)-4H-chromen-4-one, 5,7-dihydroxy-2-(2-hydroxyphenyl)-6-methoxy-4H-chromen-4-one, 5,7-dihydroxy-2-(3-hydroxyphenyl)-6-methoxy-4H-chromen-4-one, 2-(3,4-dihydroxy-5-methoxyphenyl)-7-hydroxy-4H-chromen-4-one, 5,7-dihydroxy-3-(4-hydroxy-3-methoxyphenyl)-4H-chromen-4-one, 3-(3,4-dihydroxyphenyl)-7-hydroxy-6-methoxy-4H-chromen-4-one","HMDB0033760, HMDB0032695, HMDB0032696, HMDB0029492, HMDB0029676, HMDB0030617, HMDB0030659, HMDB0030667, HMDB0033321, HMDB0033720, HMDB0034443, HMDB0037339, HMDB0037441, HMDB0042024, HMDB0124874, HMDB0126499, HMDB0128581, HMDB0128586, HMDB0129956, HMDB0130327, HMDB0130678, HMDB0132137, HMDB0132867, HMDB0132868, HMDB0133310, HMDB0133312, HMDB0133313, HMDB0133350, HMDB0133364, HMDB0133824, HMDB0134005, HMDB0134006, HMDB0134007, HMDB0134008, HMDB0134009, HMDB0137306, HMDB0137307, HMDB0140454, HMDB0140564, HMDB0141215","0","176493.171875","15738950","40","0","false","0.0002041036932496354",""
"Pacific Northwest National Laboratory","20201130_jl_lungmap_agarose_1","2020-12-01_22h59m24s","C17H34O4","M+Na","","C17H34O4+Na+","325.23493025100004","0.008759932","0.5","0.009284909786447961","0.9501588465222954","0.992948717948718","MG(0:0/14:0/0:0), MG(14:0/0:0/0:0), MG(0:0/i-14:0/0:0), MG(i-14:0/0:0/0:0)","HMDB0011530, HMDB0011561, HMDB0072853, HMDB0072867","0","184769.890625","13937745","4","0","false","0.00013267314352560788",""
"Pacific Northwest National Laboratory","20201130_jl_lungmap_agarose_1","2020-12-01_22h59m24s","C24H20O9","M+H","","C24H20O9+H+","453.11800865500004","0.008761428","0.5","0.009653234162533471","0.9206873033006256","0.9858024691358025","(-)-Epigallocatechin 3-p-coumaroate, 6,12-bis(3,4-dihydroxyphenyl)-8,13-dihydroxy-3,11-dioxatricyclo[8.4.0.0²,⁷]tetradeca-1(10),2(7),8-trien-4-one","HMDB0038362, HMDB0124839","0","191815.46875","7781591.5","2","0","false","0.0012627261457964778",""
"Pacific Northwest National Laboratory","20201130_jl_lungmap_agarose_1","2020-12-01_22h59m24s","C2H8NO4P","M+Na","","C2H8NO4P+Na+","164.00831541899998","0.008765392","0.5","0.00890914486365664","0.9862288461913795","0.9976027397260274","O-Phosphoethanolamine","HMDB0000224","0","186733.40625","37072876","1","0","false","0.0002388145512668416",""
"Pacific Northwest National Laboratory","20201130_jl_lungmap_agarose_1","2020-12-01_22h59m24s","C6H11NO2","M+H","","C6H11NO2+H+","130.086255027","0.008776755","0.5","0.008961762117294545","0.9846612338068985","0.9946120689655172","Pipecolic acid, L-Pipecolic acid, N4-Acetylaminobutanal, D-Pipecolic acid, Vigabatrin, L-trans-4-Methyl-2-pyrrolidinecarboxylic acid, 2-Pyrrolidineacetic acid, 3-Acetamidobutanal, (2E)-Decenoyl-ACP, N-Methyl proline, 1-Piperidine carboxylic acid","HMDB0000070, HMDB0000716, HMDB0004226, HMDB0005960, HMDB0015212, HMDB0029435, HMDB0029444, HMDB0059649, HMDB0062225, HMDB0094696, HMDB0094697","0","274693.78125","56114076","11","0","false","0.000015668018022552133",""
"Pacific Northwest National Laboratory","20201130_jl_lungmap_agarose_1","2020-12-01_22h59m24s","C7H7NO4","M+Na","","C7H7NO4+Na+","192.026728387","0.008786162","0.5","0.009036926845873074","0.980862224063872","0.9912208504801098","2-Furoylglycine, L-2,3-Dihydrodipicolinate","HMDB0000439, HMDB0012247","0","168561.578125","30715958","2","1","false","0.00037730776239186525","C6H7O7+H+"
"Pacific Northwest National Laboratory","20201130_jl_lungmap_agarose_1","2020-12-01_22h59m24s","C2H6OS","M+Na","","C2H6OS+Na+","101.00315666499999","0.008828494","0.5","0.009507992972315896","0.9497145596375097","0.9776978417266187","Dimethyl sulfoxide","HMDB0002151","0","233956","108299048","1","0","false","0.0000458161739516072",""
"Pacific Northwest National Laboratory","20201130_jl_lungmap_agarose_1","2020-12-01_22h59m24s","C2H7NS","M+Na","","C2H7NS+Na+","100.019141077","0.008841657","0.5","0.009442799659624294","0.9551160238295097","0.9803400637619554","Cysteamine","HMDB0002991","0","227192.15625","103492224","1","0","false","0.0002589113137219101",""
"Pacific Northwest National Laboratory","20201130_jl_lungmap_agarose_1","2020-12-01_22h59m24s","C7H7NO4","M+H","","C7H7NO4+H+","170.04478413899997","0.008845","0.5","0.009053156726668172","0.9796965934981745","0.9972549019607844","2-Furoylglycine, L-2,3-Dihydrodipicolinate","HMDB0000439, HMDB0012247","0","187886.3125","32484350","2","0","false","0.000020012608729302883",""
"Pacific Northwest National Laboratory","20201130_jl_lungmap_agarose_1","2020-12-01_22h59m24s","C9H17NO5","M+Na","","C9H17NO5+Na+","242.09989332699996","0.008848932","0.5","0.009055003104780041","0.9807449267591312","0.9964285714285714","Pantothenic acid, (R)-pantothenic Acid","HMDB0000210, HMDB0062717","0","178124.921875","25165264","2","0","false","0.000036543086025631055",""
"Pacific Northwest National Laboratory","20201130_jl_lungmap_agarose_1","2020-12-01_22h59m24s","C5H8O3","M+Na","","C5H8O3+Na+","139.036564799","0.008865388","0.5","0.009082797868771884","0.9832471154381937","0.9926940639269406","Alpha-ketoisovaleric acid, Ethyl pyruvate, 2-Oxovaleric acid, Methylacetoacetic acid, Levulinic acid, 2-Methylacetoacetic acid, Glutarate semialdehyde, Acetoxyacetone, 4-hydroxy-3-methylbut-2-enoic acid, dimethyloxirane-2-carboxylic acid, (2E)-4-hydroxy-3-methylbut-2-enoic acid, (2Z)-2-(hydroxymethyl)but-2-enoic acid, 4-hydroxy-2-methylbut-2-enoic acid, 2,3-dimethyloxirane-2-carboxylic acid, 2-(hydroxymethyl)but-2-enoic acid","HMDB0000019, HMDB0031643, HMDB0001865, HMDB0000310, HMDB0000720, HMDB0003771, HMDB0012233, HMDB0034466, HMDB0128916, HMDB0128917, HMDB0128943, HMDB0129096, HMDB0129097, HMDB0129098, HMDB0132477","0","176205.34375","45548160","15","0","false","0.000012880455869890284",""
"Pacific Northwest National Laboratory","20201130_jl_lungmap_agarose_1","2020-12-01_22h59m24s","C19H18O4","M+H","","C19H18O4+H+","311.127785491","0.008869201","0.5","0.009350749993088242","0.9525483726465237","0.9957516339869281","Moracin C, Artocarbene, Hydroxytanshinone, Moracin N, 5-[(E)-2-(3,4-dihydroxyphenyl)ethenyl]-2-[(1E)-3-methylbuta-1,3-dien-1-yl]benzene-1,3-diol, 5-(6-hydroxy-1-benzofuran-2-yl)-4-(3-methylbut-2-en-1-yl)benzene-1,3-diol, 4-hydroxy-3-(3-hydroxy-1-phenylbutyl)-2H-chromen-2-one, 1,7-bis(4-hydroxyphenyl)hept-1-ene-3,5-dione, (1E)-1,7-bis(4-hydroxyphenyl)hept-1-ene-3,5-dione, (1E)-7-(3,4-dihydroxyphenyl)-1-phenylhept-1-ene-3,5-dione, 7-(3,4-dihydroxyphenyl)-1-phenylhept-1-ene-3,5-dione","HMDB0033310, HMDB0031744, HMDB0036635, HMDB0041298, HMDB0129039, HMDB0138682, HMDB0140994, HMDB0141044, HMDB0141045, HMDB0141130, HMDB0141152","0","205618.859375","28404858","11","2","false","0.00016859070456121117","C12H17N5O5+H+, C15H19N3O3+Na+"
"Pacific Northwest National Laboratory","20201130_jl_lungmap_agarose_1","2020-12-01_22h59m24s","C20H42","M+Na","","C20H42+Na+","305.317872027","0.0088751335","0.5","0.009456559424855479","0.9429487769697106","0.9952991452991453","Eicosane","HMDB0059909","0","177530.734375","20433870","1","0","false","0.0015112083638086915",""
"Pacific Northwest National Laboratory","20201130_jl_lungmap_agarose_1","2020-12-01_22h59m24s","C4H8NO2","M+Na","","C4H8NO2+Na+","125.044724179","0.008905336","0.5","0.009176681969508391","0.9781386525731057","0.9921200750469044","3-Aminobutyrate","HMDB0094693","0","244522.84375","63794572","1","0","false","0.0001814388670027256",""
"Pacific Northwest National Laboratory","20201130_jl_lungmap_agarose_1","2020-12-01_22h59m24s","C14H8N2O6","M+H","","C14H8N2O6+H+","301.045512411","0.008905843","0.5","0.009737742633078495","0.9600301689417325","0.9526466380543633","Cinnavalininate","HMDB0004078","0","257876.15625","220243568","1","0","false","0.00011140527931274846",""
"Pacific Northwest National Laboratory","20201130_jl_lungmap_agarose_1","2020-12-01_22h59m24s","C18H10O4","M+Na","","C18H10O4+Na+","313.04712948300005","0.008918285","0.5","0.009912623478629458","0.9207105219403758","0.9771689497716896","2-(4-Hydroxyphenyl)naphthalic anhydride","HMDB0041121","0","245200.953125","95626952","1","0","false","0.00001730261283228174",""
"Pacific Northwest National Laboratory","20201130_jl_lungmap_agarose_1","2020-12-01_22h59m24s","C19H35NO4","M+H","","C19H35NO4+H+","342.26388503500004","0.00892114","0.5","0.009556006927940352","0.9425820963101633","0.9904320987654321","trans-2-Dodecenoylcarnitine","HMDB0013326","0","192476.765625","29551720","1","0","false","0.00025563131202943623",""
"Pacific Northwest National Laboratory","20201130_jl_lungmap_agarose_1","2020-12-01_22h59m24s","C11H12N2O2","M+Na","","C11H12N2O2+Na+","227.07909830699998","0.008927992","0.5","0.00930481581523241","0.965500045919495","0.9937878787878788","L-Tryptophan, 3-Hydroxymethylantipyrine, D-Tryptophan, Ethotoin, (±)-Tryptophan, S-nirvanol, Nirvanol, 4-Hydroxyantipyrine","HMDB0000929, HMDB0013840, HMDB0013609, HMDB0014892, HMDB0030396, HMDB0060967, HMDB0060533, HMDB0060878","0","169330.109375","27887330","8","0","false","0.00033280407660640776",""
"Pacific Northwest National Laboratory","20201130_jl_lungmap_agarose_1","2020-12-01_22h59m24s","C9H9NO2","M+Na","","C9H9NO2+Na+","186.05254921099998","0.008932995","0.5","0.009155193388809007","0.978227875686421","0.9974462365591398","4-(3-Pyridyl)-3-butenoic acid, 3-Methyldioxyindole, 4-Oxo-1-(3-pyridyl)-1-butanone","HMDB0001424, HMDB0004186, HMDB0062406","0","180810.5","31388194","3","0","false","0.0007974370382726192",""
"Pacific Northwest National Laboratory","20201130_jl_lungmap_agarose_1","2020-12-01_22h59m24s","C7H13NS","M+H","","C7H13NS+H+","144.08414702099998","0.008934342","0.5","0.009163299540872416","0.9789006253915826","0.9960292580982236","2-Ethyl-2,5-dihydro-4,5-dimethylthiazole, 1-Isothiocyanatohexane, 1-Isothiocyanato-4-methylpentane","HMDB0037176, HMDB0038432, HMDB0038435","0","182423.453125","40226364","3","0","false","0.00007427295349771157",""
"Pacific Northwest National Laboratory","20201130_jl_lungmap_agarose_1","2020-12-01_22h59m24s","C11H10N2O","M+Na","","C11H10N2O+Na+","209.06853362299998","0.008965013","0.5","0.009255940368291943","0.9714136837747299","0.997071129707113","1-Methoxy-1H-indole-3-acetonitrile","HMDB0040973","0","169462.234375","30120782","1","0","false","0.00019829117809422314",""
"Pacific Northwest National Laboratory","20201130_jl_lungmap_agarose_1","2020-12-01_22h59m24s","C7H11N","M+H","","C7H11N+H+","110.09642578699999","0.008966436","0.5","0.009439021946987338","0.9657342487377059","0.9836377473363774","1,2,5-Trimethyl-1H-pyrrole","HMDB0029722","0","249372.375","102539288","1","0","false","0.000027036769097321667",""
"Pacific Northwest National Laboratory","20201130_jl_lungmap_agarose_1","2020-12-01_22h59m24s","C3H6FNO2","M+Na","","C3H6FNO2+Na+","130.027477275","0.008966577","0.5","0.009219755664172189","0.9798328177116673","0.9925566343042072","alpha-Fluoro-beta-alanine","HMDB0060434","0","180827.28125","62753264","1","0","false","0.000050081598601536825",""
"Pacific Northwest National Laboratory","20201130_jl_lungmap_agarose_1","2020-12-01_22h59m24s","C7H11N3O","M+Na","","C7H11N3O+Na+","176.07943265499998","0.008974004","0.5","0.009245615756532688","0.9802500754735881","0.9901785714285715","N-Acetylhistamine","HMDB0013253","0","162840.65625","28188254","1","0","false","0.00034270304604433477",""
"Pacific Northwest National Laboratory","20201130_jl_lungmap_agarose_1","2020-12-01_22h59m24s","C18H14O6","M+Na","","C18H14O6+Na+","349.06825885100005","0.008980359","0.5","0.009783729353091764","0.9450848306920528","0.9712218649517685","Dihydrosterigmatocystin, Atroviridin, O-Demethylforbexanthone, Demethoxykanugin, 11-hydroxy-15-methoxy-6,8,20-trioxapentacyclo[10.8.0.0²,⁹.0³,⁷.0¹⁴,¹⁹]icosa-1(12),2(9),10,14,16,18-hexaen-13-one, 1-(3,4-dihydroxyphenyl)-3-(4-methoxy-1-benzofuran-5-yl)propane-1,3-dione","HMDB0030590, HMDB0033100, HMDB0036343, HMDB0037570, HMDB0128892, HMDB0129365","0","223158.453125","89745776","6","0","false","0.00003153421857859939",""
"Pacific Northwest National Laboratory","20201130_jl_lungmap_agarose_1","2020-12-01_22h59m24s","C9H8O2","M+Na","","C9H8O2+Na+","171.041650179","0.00898096","0.5","0.009206747170575676","0.9802989330554672","0.995079950799508","trans-Cinnamic acid, Cinnamic acid, (E)-3-(2-Hydroxyphenyl)-2-propenal, Di-2-furanylmethane, 1-Phenyl-1,2-propanedione, 3,4-Dihydro-2H-1-benzopyran-2-one, (E)-3-(4-Hydroxyphenyl)-2-propenal, 3-(2-hydroxyphenyl)prop-2-enal, 3-phenylprop-2-enoic acid, 3-(4-hydroxyphenyl)prop-2-enal, (2Z)-2-hydroxy-3-phenylprop-2-enal, (2E)-3-(3-hydroxyphenyl)prop-2-enal, 3-phenyloxirane-2-carbaldehyde","HMDB0000930, HMDB0000567, HMDB0031725, HMDB0032947, HMDB0035243, HMDB0036626, HMDB0040986, HMDB0134039, HMDB0128078, HMDB0135648, HMDB0135273, HMDB0135274, HMDB0135275","0","170839","34398468","13","0","false","0.00021742352691944689",""
"Pacific Northwest National Laboratory","20201130_jl_lungmap_agarose_1","2020-12-01_22h59m24s","C11H12OS","M+H","","C11H12OS+H+","193.06816260899998","0.008987971","0.5","0.00927325500441083","0.9715863847955191","0.9975806451612903","2-(Methylthiomethyl)-3-phenyl-2-propenal","HMDB0037166","0","203460.34375","31849508","1","0","false","0.00027945221518166363",""
"Pacific Northwest National Laboratory","20201130_jl_lungmap_agarose_1","2020-12-01_22h59m24s","C13H24N2O","M+Na","","C13H24N2O+Na+","247.17808407099997","0.008996489","0.5","0.009664475590464999","0.9649844350751958","0.9646604938271605","Cuscohygrine","HMDB0030290","0","285811.75","160855856","1","0","false","0.000008246281140600331",""
"Pacific Northwest National Laboratory","20201130_jl_lungmap_agarose_1","2020-12-01_22h59m24s","C8H12N2","M+H","","C8H12N2+H+","137.10732481899998","0.0090038","0.5","0.009314320454751602","0.975691963530864","0.9907450980392157","5-Ethyl-2,3-dimethylpyrazine, 2-Methyl-5-propylpyrazine, 2-Ethyl-3,(5 or 6)-dimethylpyrazine, Phenelzine, Betahistine, Tetramethylpyrazine, 2,5-Diethylpyrazine, 2,6-Diethylpyrazine, 2-Isopropyl-5-methylpyrazine, 2-Ethyl-3,5-dimethylpyrazine, 2-Methyl-3-propylpyrazine, 2,3-Diethylpyrazine","HMDB0029727, HMDB0040000, HMDB0032276, HMDB0014918, HMDB0015644, HMDB0036584, HMDB0036808, HMDB0036809, HMDB0037151, HMDB0040299, HMDB0041252, HMDB0041253","0","179189.0625","52665412","12","0","false","0.00006102555198594928",""
"Pacific Northwest National Laboratory","20201130_jl_lungmap_agarose_1","2020-12-01_22h59m24s","C3H7NO2","M+Na","","C3H7NO2+Na+","112.036899147","0.00900596","0.5","0.009643040362773464","0.9566966029698246","0.9762067654884075","L-Alanine, Beta-Alanine, Sarcosine, D-Alanine, Ethyl carbamate, (alpha-D-mannosyl)7-beta-D-mannosyl-diacetylchitobiosyl-L-asparagine,isoform A (protein)","HMDB0000161, HMDB0000056, HMDB0000271, HMDB0001310, HMDB0031219, HMDB0062251","0","235124.28125","102143352","6","0","false","0.00005878249430679716",""
"Pacific Northwest National Laboratory","20201130_jl_lungmap_agarose_1","2020-12-01_22h59m24s","C2H4O5S","M+Na","","C2H4O5S+Na+","162.967165081","0.009010216","0.5","0.00915726546607565","0.9886496945116146","0.9952380952380953","(2-oxoethoxy)sulfonic acid","HMDB0142001","0","181530.65625","38398076","1","1","false","0.000020717372535727918","C3H8S3+Na+"
"Pacific Northwest National Laboratory","20201130_jl_lungmap_agarose_1","2020-12-01_22h59m24s","C6H12O","M+Na","","C6H12O+Na+","123.078035687","0.009013144","0.5","0.009430881228838919","0.9740645092578534","0.981152125279642","(E)-4-Hexen-1-ol, 1-Hexen-3-ol, 3-Hexanone, 4-Methylpentanal, Methyl isobutyl ketone, 2-Oxohexane, Ethyl isopropyl ketone, Hexanal, (E)-3-Hexen-1-ol, 2-Hexen-1-ol, 2-Ethylbutanal, 2-Methylpentanal, 3-Methyl-1-penten-3-ol, (2R,3S)-2-methyl-3-propyloxirane","HMDB0031502, HMDB0031503, HMDB0000753, HMDB0001318, HMDB0002939, HMDB0005842, HMDB0005846, HMDB0005994, HMDB0030003, HMDB0030952, HMDB0031220, HMDB0031578, HMDB0061882, HMDB0062792","0","176061.578125","71150840","14","0","false","0.000025690938855404966",""
"Pacific Northwest National Laboratory","20201130_jl_lungmap_agarose_1","2020-12-01_22h59m24s","C13H10N2O5","M+Na","","C13H10N2O5+Na+","297.048192103","0.009021281","0.5","0.015089172830596936","0.6200023383391147","0.9642939814814815","cis,trans-5'-Hydroxythalidomide, 5-Hydroxythalidomide, Thalidomide arene oxide","HMDB0013870, HMDB0013871, HMDB0013872","0","223351","80753896","3","1","false","0.000050144295528298244","C10H14N2O6+K+"
"Pacific Northwest National Laboratory","20201130_jl_lungmap_agarose_1","2020-12-01_22h59m24s","C12H12O3","M+H","","C12H12O3+H+","205.085920679","0.009028042","0.5","0.009362691879462561","0.9669207063569446","0.9972451790633609","Anofinic acid, 7-Ethoxy-4-methyl-2H-1-benzopyran-2-one","HMDB0033303, HMDB0035095","0","180362.390625","30805064","2","1","false","0.00039115111576393247","C10H16NO+K+"
"Pacific Northwest National Laboratory","20201130_jl_lungmap_agarose_1","2020-12-01_22h59m24s","C8HF15O2","M+H","","C8HF15O2+H+","414.980978107","0.009034613","0.5","0.009323599851107832","0.9783898152987041","0.9904076738609112","Perfluorooctanoic acid","HMDB0059587","0","215737.265625","40341000","1","0","false","0.00004450344931683503",""
"Pacific Northwest National Laboratory","20201130_jl_lungmap_agarose_1","2020-12-01_22h59m24s","C6H9N","M+Na","","C6H9N+Na+","118.06271997099999","0.009035115","0.5","0.009426826695101264","0.9749605176869184","0.9830625307730182","2,5-Dimethyl-1H-pyrrole","HMDB0032973","0","236106.9375","80371752","1","0","false","0.0000489927115268074",""
"Pacific Northwest National Laboratory","20201130_jl_lungmap_agarose_1","2020-12-01_22h59m24s","C22H34O4","M+H","","C22H34O4+H+","363.25298600300005","0.00904998","0.5","0.009720436738688576","0.9365648954301986","0.9940860215053764","19,20-DiHDPA, Annosquamosin A, Annoglabasin B, Lycopersiconolide, Dimethyl ent-16alpha-kaurane-17,19-dioate, Epoxysiderol, (Z)-2,4-Dihydroxy-6-(8-pentadecenyl)benzoic acid, ent-16a-Hydroxy-17-acetoxy-19-kauranal","HMDB0010214, HMDB0031137, HMDB0033398, HMDB0033677, HMDB0036315, HMDB0036704, HMDB0039226, HMDB0041495","0","168944.40625","17112144","8","0","false","0.00011162072769366205",""
"Pacific Northwest National Laboratory","20201130_jl_lungmap_agarose_1","2020-12-01_22h59m24s","C8H16N2O3","M+Na","","C8H16N2O3+Na+","211.10531305499995","0.009063762","0.5","0.009287287094008466","0.9826428306040758","0.9931707317073171","Alanyl-Valine, Valyl-Alanine, N6-Acetyl-L-lysine, N-Alpha-acetyllysine, Glycylleucine, Glycyl-Isoleucine, Isoleucyl-Glycine, Leucyl-Glycine","HMDB0028700, HMDB0029120, HMDB0000206, HMDB0000446, HMDB0000759, HMDB0028844, HMDB0028907, HMDB0028929","0","170999.828125","25917034","8","0","false","0.0000815603052615188",""
"Pacific Northwest National Laboratory","20201130_jl_lungmap_agarose_1","2020-12-01_22h59m24s","C8H11N","M+H","","C8H11N+H+","122.09642578699999","0.0090700835","0.5","0.009399723050953719","0.9714377306121644","0.993301936159079","5-Ethyl-2-methylpyridine, N,N-Dimethylaniline, 1-Phenylethylamine, Phenylethylamine, 2-Propylpyridine, 2-Ethyl-5-methylpyridine, 2,6-Dimethylaniline","HMDB0029729, HMDB0001020, HMDB0002017, HMDB0012275, HMDB0032497, HMDB0040041, HMDB0060677","0","213291.109375","76919096","7","0","false","0.000017174072127090767",""
"Pacific Northwest National Laboratory","20201130_jl_lungmap_agarose_1","2020-12-01_22h59m24s","C5H4BrN","M+H","","C5H4BrN+H+","157.959988563","0.0091423495","0.5","0.012047868132058605","0.7607038563553183","0.9975438596491228","12,13-epoxy-9-alkoxy-10E-octadecenoate","HMDB0062289","0","171500.0625","35836020","1","0","false","0.00006553733692271635",""
"Pacific Northwest National Laboratory","20201130_jl_lungmap_agarose_1","2020-12-01_22h59m24s","C3H4O5S","M+Na","","C3H4O5S+Na+","174.967165081","0.009160585","0.5","0.009306901122962464","0.9868999490866712","0.99734395750332","B-Sulfinyl pyruvate","HMDB0002332","0","184677.109375","32023312","1","1","false","0.00015666325634811074","C4H8S3+Na+"
"Pacific Northwest National Laboratory","20201130_jl_lungmap_agarose_1","2020-12-01_22h59m24s","C9H9NO","M+H","","C9H9NO+H+","148.075690343","0.009166623","0.5","0.009547024938692427","0.9665034417199205","0.9934313725490196","4-(2-Furanylmethylene)-3,4-dihydro-2H-pyrrole, Indole-3-carbinol, 1-(2-Furanylmethyl)-1H-pyrrole, 3-(2-Furanylmethyl)-1H-pyrrole","HMDB0040009, HMDB0005785, HMDB0030204, HMDB0040011","0","164430.25","42870612","4","0","false","0.0007589900633320212",""
"Pacific Northwest National Laboratory","20201130_jl_lungmap_agarose_1","2020-12-01_22h59m24s","C8H10OS","M+H","","C8H10OS+H+","155.05251254499998","0.009171937","0.5","0.009399374712492579","0.9802636702070155","0.9954493742889647","1-(5-Methyl-2-thienyl)-1-propanone, 1-(2-Thienyl)-1-butanone, 3-Acetyl-2,5-dimethylthiophene","HMDB0040231, HMDB0032935, HMDB0040589","0","182033.828125","36730728","3","0","false","0.000013859797036275268",""
"Pacific Northwest National Laboratory","20201130_jl_lungmap_agarose_1","2020-12-01_22h59m24s","C8H16O","M+H","","C8H16O+H+","129.127391567","0.009193889","0.5","0.009698755054448636","0.9675377727479747","0.979750164365549","(E)-3-Octen-1-ol, xi-7-Octen-2-ol, 2-Methyl-3-heptanone, Octanal, 2,5-Diethyltetrahydrofuran, (R)-Sulcatol, 2-Octanone, Ethyl pentyl ketone, (E)-2-Octen-1-ol, (Z)-5-Octen-1-ol, (R)-1-Octen-3-ol, (±)-(E)-2-Octen-4-ol, trans-3-Octen-2-ol, (Z)-3-Octen-1-ol, 3,5-Dimethylcyclohexanol, 3,4-Dimethylcyclohexanol","HMDB0035768, HMDB0037181, HMDB0032402, HMDB0001140, HMDB0029574, HMDB0030030, HMDB0031294, HMDB0031295, HMDB0031296, HMDB0031298, HMDB0031299, HMDB0031300, HMDB0032450, HMDB0035231, HMDB0061913, HMDB0061912","0","168890.859375","61620196","16","0","false","0.0000034663171391002834",""
"Pacific Northwest National Laboratory","20201130_jl_lungmap_agarose_1","2020-12-01_22h59m24s","C11H22NO4","M+H","","C11H22NO4+H+","233.162159619","0.009231921","0.5","0.009538269666633131","0.9734721710840751","0.9942577030812325","isobutyrylcarnitine","HMDB0062556","0","177620.140625","30981520","1","0","false","0.0000615019234828651",""
"Pacific Northwest National Laboratory","20201130_jl_lungmap_agarose_1","2020-12-01_22h59m24s","C2H6O3S2","M+Na","","C2H6O3S2+Na+","164.96505707499998","0.0092346985","0.5","0.00944589621760866","0.982859015940987","0.9946913580246913","Mesna","HMDB0003745","0","165279.1875","34259108","1","0","false","0.00010645860311342403",""
"Pacific Northwest National Laboratory","20201130_jl_lungmap_agarose_1","2020-12-01_22h59m24s","C6H6O3","M+H","","C6H6O3+H+","127.03897048699999","0.00925916","0.5","0.00951196042138203","0.978579854859769","0.9947301587301587","Methyl 2-furoate, (Z)-Tamarindienal, 1,2,3-Trihydroxybenzene, 1,3,5-Trihydroxybenzene, Maltol, 4-Hydroxy-2H-pyran-3-carboxaldehyde, 5-Hydroxymethyl-2-furancarboxaldehyde, 5-Methylfuran-2-carboxylic acid, benzene-1,2,4-triol","HMDB0029750, HMDB0032651, HMDB0013674, HMDB0013675, HMDB0030776, HMDB0031256, HMDB0034355, HMDB0059735, HMDB0124831","0","164983.984375","63430780","9","0","false","0.00003514527270453982",""
"Pacific Northwest National Laboratory","20201130_jl_lungmap_agarose_1","2020-12-01_22h59m24s","C10H19NS2","M+Na","","C10H19NS2+Na+","240.08511263099996","0.009259713","0.5","0.009716413497380264","0.9567384461986126","0.9960893854748604","1-Isothiocyanato-8-(methylthio)octane","HMDB0038447","0","172252.96875","23380784","1","0","false","0.00010381598985986784",""
"Pacific Northwest National Laboratory","20201130_jl_lungmap_agarose_1","2020-12-01_22h59m24s","C7H7Cl","M+Na","","C7H7Cl+Na+","149.012848607","0.009267982","0.5","0.01026250004180886","0.9048455728081697","0.998062015503876","Benzyl chloride","HMDB0059882","0","184865.140625","43345832","1","0","false","0.00003801092316280119",""
"Pacific Northwest National Laboratory","20201130_jl_lungmap_agarose_1","2020-12-01_22h59m24s","C8H8O6","M+H","","C8H8O6+H+","201.03936441099998","0.009270451","0.5","0.009495807215838587","0.979955864670257","0.9962365591397849","Maleylacetoacetic acid, 4-Fumarylacetoacetic acid, 2,3,4-trihydroxy-5-methoxybenzoic acid, 2,4,5-trihydroxy-3-methoxybenzoic acid","HMDB0002052, HMDB0001268, HMDB0125594, HMDB0125598","0","175579.71875","23921256","4","1","false","0.00016493076691403985","C9H8NO3+Na+"
"Pacific Northwest National Laboratory","20201130_jl_lungmap_agarose_1","2020-12-01_22h59m24s","C16H19NOS","M+H","","C16H19NOS+H+","274.126011833","0.00928898","0.5","0.009800452430829859","0.9527315007593692","0.9948356807511737","N-Despropyl-rotigotine","HMDB0060841","0","175202.296875","18717888","1","0","false","0.0006887441850267351",""
"Pacific Northwest National Laboratory","20201130_jl_lungmap_agarose_1","2020-12-01_22h59m24s","C9H18","M+Na","","C9H18+Na+","149.13007125899998","0.009296176","0.5","0.009594580577861502","0.9761403159453542","0.9925813008130081","1-Nonene, Isopropylcyclohexane","HMDB0031270, HMDB0038191","0","191207.75","41633132","2","0","false","0.00008879884262569249",""
"Pacific Northwest National Laboratory","20201130_jl_lungmap_agarose_1","2020-12-01_22h59m24s","C9H11N3O9P","M+H","","C9H11N3O9P+H+","337.030567367","0.009306043","0.5","0.009999775578772054","0.9728328197028004","0.9566137566137566","5-Phosphoribosyl-4-carboxy-5-aminoimidazole","HMDB0062424","0","365932.28125","299697856","1","0","false","0.00016605605196673423",""
"Pacific Northwest National Laboratory","20201130_jl_lungmap_agarose_1","2020-12-01_22h59m24s","C11H10O5","M+H","","C11H10O5+H+","223.060099855","0.009306829","0.5","0.009589254576967425","0.9736252782116","0.9968390804597701","3-(6-hydroxy-7-methoxy-2H-1,3-benzodioxol-5-yl)prop-2-enal, 3-(7-hydroxy-6-methoxy-2H-1,3-benzodioxol-5-yl)prop-2-enal, 6-hydroxy-5,7-dimethoxy-2H-chromen-2-one, 8-hydroxy-6,7-dimethoxy-2H-chromen-2-one, 5-hydroxy-6,7-dimethoxy-2H-chromen-2-one","HMDB0128662, HMDB0128663, HMDB0136673, HMDB0132247, HMDB0132248","0","168561.734375","29505012","5","0","false","0.00019680691184476018",""
"Pacific Northwest National Laboratory","20201130_jl_lungmap_agarose_1","2020-12-01_22h59m24s","C11H12O4","M+Na","","C11H12O4+Na+","231.062779547","0.009308147","0.5","0.00964969554393904","0.9701094880592578","0.9943262411347518","(R)-2-Benzylsuccinate, 5-(3',4'-Dihydroxyphenyl)-gamma-valerolactone, 3-(3,4-Dimethoxyphenyl)-2-propenoic acid, Furapiole, 1-(2-Methoxy-3,4-methylenedioxyphenyl)-1-propanone, 6-Methoxymellein, 3-(3-Methoxy-4,5-methylenedioxyphenyl)-2-propen-1-ol, Anthriscinol, 5-(3',5'-Dihydroxyphenyl)-gamma-valerolactone, 3-(3,4-dimethoxyphenyl)prop-2-enoic acid, 3-(3,5-dimethoxyphenyl)prop-2-enoic acid, methyl (2E)-3-(2-hydroxy-4-methoxyphenyl)prop-2-enoate, (3Z)-3-hydroxy-4-(4-hydroxy-3-methoxyphenyl)but-3-en-2-one, 4-(3,4-dihydroxy-5-methoxyphenyl)but-3-en-2-one, 4-(2,4-dihydroxy-5-methoxyphenyl)but-3-en-2-one, 4-(2,4-dihydroxy-3-methoxyphenyl)but-3-en-2-one, 1-[3-(4-hydroxy-3-methoxyphenyl)oxiran-2-yl]ethan-1-one, 1-hydroxy-4-(4-hydroxy-3-methoxyphenyl)but-3-en-2-one, 1-(4-hydroxy-3-methoxyphenyl)butane-2,3-dione, 2-benzylbutanedioic acid","HMDB0012127, HMDB0029185, HMDB0034315, HMDB0036055, HMDB0037308, HMDB0038510, HMDB0040892, HMDB0041461, HMDB0041692, HMDB0138526, HMDB0127491, HMDB0131169, HMDB0133456, HMDB0133458, HMDB0133459, HMDB0133460, HMDB0133461, HMDB0133462, HMDB0133474, HMDB0142179","0","182813.984375","30090260","20","0","false","0.0003573439607862383",""
"Pacific Northwest National Laboratory","20201130_jl_lungmap_agarose_1","2020-12-01_22h59m24s","C4H6N2O","M+Na","","C4H6N2O+Na+","121.037233495","0.009349621","0.5","0.00982254864974931","0.9683067222747503","0.9830076004343106","4-Hydroxymethylpyrazole","HMDB0060768","0","171000.21875","73413536","1","0","false","0.000050196205847896636",""
"Pacific Northwest National Laboratory","20201130_jl_lungmap_agarose_1","2020-12-01_22h59m24s","C17H32O","M+Na","","C17H32O+Na+","275.234536327","0.009350799","0.5","0.009960659444891844","0.9467739566728061","0.9915492957746479","13-Heptadecyn-1-ol, 8-Heptadecenal","HMDB0013813, HMDB0041335","0","218792.78125","18888678","2","0","false","0.00008977969991974533",""
"Pacific Northwest National Laboratory","20201130_jl_lungmap_agarose_1","2020-12-01_22h59m24s","C8H8S","M+H","","C8H8S+H+","137.04194786099998","0.009357834","0.5","0.00962363006440543","0.9778536810310391","0.9944032921810699","Phenyl vinyl sulfide","HMDB0031825","0","167522.375","50327260","1","0","false","0.0001476144971093163",""
"Pacific Northwest National Laboratory","20201130_jl_lungmap_agarose_1","2020-12-01_22h59m24s","C6H11NO3","M+Na","","C6H11NO3+Na+","168.06311389499996","0.00935911","0.5","0.0096245087150617","0.9823546431493348","0.9898916967509025","Isobutyrylglycine, N-Butyrylglycine, Allysine, 4-Acetamidobutanoic acid, (S)-5-Amino-3-oxohexanoate, 2-Keto-6-aminocaproate, Methyl aminolevulinate, L-cis-4-(Hydroxymethyl)-2-pyrrolidinecarboxylic acid, L-trans-5-Hydroxy-2-piperidinecarboxylic acid, (S)-2-amino-6-oxohexanoate, N-(2-Carboxymethyl)-morpholine, N-Propionylalanine","HMDB0000730, HMDB0000808, HMDB0001263, HMDB0003681, HMDB0012131, HMDB0012151, HMDB0015127, HMDB0029425, HMDB0029426, HMDB0059595, HMDB0061156, HMDB0094698","0","176746.625","35081952","12","1","false","0.000123284975416027","C8H10N2S+H+"
"Pacific Northwest National Laboratory","20201130_jl_lungmap_agarose_1","2020-12-01_22h59m24s","C7H8O5S","M+H","","C7H8O5S+H+","205.016520961","0.009382841","0.5","0.009559097783372739","0.9846333244378243","0.99688013136289","O-methoxycatechol-O-sulphate","HMDB0060013","0","182348.1875","25878692","1","0","false","0.00020939976093359292",""
"Pacific Northwest National Laboratory","20201130_jl_lungmap_agarose_1","2020-12-01_22h59m24s","C4H2N2O4","M+Na","","C4H2N2O4+Na+","164.990677227","0.009385663","0.5","0.009520339013611573","0.9883279480185518","0.9974967061923584","Alloxan","HMDB0002818","0","193045.3125","32076720","1","0","false","0.0001202701241709292",""
"Pacific Northwest National Laboratory","20201130_jl_lungmap_agarose_1","2020-12-01_22h59m24s","C5H8N2O2","M+H","","C5H8N2O2+H+","129.065853931","0.009390289","0.5","0.009654662431544652","0.9823610500065382","0.990080971659919","Dihydrothymine, Squamolone, L-Cyclo(alanylglycyl), Pyroglutamine","HMDB0000079, HMDB0029874, HMDB0031547, HMDB0062558","0","167081.0625","60285344","4","0","false","0.00002291371492901817",""
"Pacific Northwest National Laboratory","20201130_jl_lungmap_agarose_1","2020-12-01_22h59m24s","C8H12O5","M+H","","C8H12O5+H+","189.075749919","0.009404831","0.5","0.009718411965419723","0.9729477669764313","0.994640522875817","Tetrahydro-2,5-furan-diacetic acid","HMDB0059767","0","185786.453125","32759998","1","0","false","0.000016994463294395246",""
"Pacific Northwest National Laboratory","20201130_jl_lungmap_agarose_1","2020-12-01_22h59m24s","C12H17NO3","M+Na","","C12H17NO3+Na+","246.11006408699996","0.00940837","0.5","0.00988468663248541","0.9549028976437479","0.9967637540453075","Cerulenin","HMDB0015168","0","180103.640625","26906836","1","0","false","0.00009859833517111838",""
"Pacific Northwest National Laboratory","20201130_jl_lungmap_agarose_1","2020-12-01_22h59m24s","C12H15NO6","M+H","","C12H15NO6+H+","270.097213635","0.009413889","0.5","0.009735414358654151","0.970418858158398","0.9964497041420118","2-{[hydroxy(2,3,4-trimethoxyphenyl)methylidene]amino}acetic acid","HMDB0142117","0","201726.90625","22431070","1","0","false","0.00011826129775727168",""
"Pacific Northwest National Laboratory","20201130_jl_lungmap_agarose_1","2020-12-01_22h59m24s","C3H2N2O3","M+H","","C3H2N2O3+H+","115.01381835899998","0.009421963","0.5","0.009911228002168418","0.9661076263179407","0.983984867591425","Parabanic Acid","HMDB0062802","0","233522.546875","93799048","1","0","false","0.000025267167075071484",""
"Pacific Northwest National Laboratory","20201130_jl_lungmap_agarose_1","2020-12-01_22h59m24s","C11H12O","M+H","","C11H12O+H+","161.096091439","0.009427216","0.5","0.00976009940420964","0.9682468057787369","0.9975694444444444","3-Methyl-4-phenyl-3-buten-2-one, 2-Phenyl-4-pentenal, 3-Phenyl-4-pentenal","HMDB0031567, HMDB0035207, HMDB0038790","0","175659.96875","36072756","3","0","false","0.000023436152332578786",""
"Pacific Northwest National Laboratory","20201130_jl_lungmap_agarose_1","2020-12-01_22h59m24s","C6H11N3O4","M+Na","","C6H11N3O4+Na+","212.06417651499999","0.009433146","0.5","0.009592368878057186","0.9868804047771964","0.996474358974359","Asparaginyl-Glycine, Glycyl-Asparagine, Glycylglycylglycine","HMDB0028731, HMDB0028836, HMDB0029419","0","169666.796875","26223980","3","1","false","0.0005786764086224139","C8H18S3+H+"
"Pacific Northwest National Laboratory","20201130_jl_lungmap_agarose_1","2020-12-01_22h59m24s","C10H20O7","M+H","","C10H20O7+H+","253.12817941499998","0.009451293","0.5","0.009758526808325181","0.9733833735863644","0.995","2,3-Butanediol glucoside","HMDB0040822","0","174697.28125","20890932","1","0","false","0.00022269580222200602",""
"Pacific Northwest National Laboratory","20201130_jl_lungmap_agarose_1","2020-12-01_22h59m24s","C21H42O4","M+Na","","C21H42O4+Na+","381.29753050700003","0.009454963","0.5","0.010462650522358213","0.9346270915158131","0.9668959587274291","Glycerol 1-octadecanoate, MG(18:0/0:0/0:0), MG(0:0/18:0/0:0), MG(0:0/i-18:0/0:0), MG(i-18:0/0:0/0:0)","HMDB0031075, HMDB0011131, HMDB0011535, HMDB0072877, HMDB0072842","0","427171.03125","211782672","5","0","false","0.000010380020285083447",""
"Pacific Northwest National Laboratory","20201130_jl_lungmap_agarose_1","2020-12-01_22h59m24s","C28H58O","M+H","","C28H58O+H+","411.456042911","0.0094590755","0.5","0.010544927015024273","0.9075299972266232","0.9884259259259259","1-Octacosanol","HMDB0034380","0","159883.25","9922446","1","0","false","0.00019192918261978775",""
"Pacific Northwest National Laboratory","20201130_jl_lungmap_agarose_1","2020-12-01_22h59m24s","C15H22N2O4","M+Na","","C15H22N2O4+Na+","317.14717786700004","0.009461659","0.5","0.010015262052033774","0.9510644850012463","0.9933333333333333","Leucyl-Tyrosine, Isoleucyl-Tyrosine, Tyrosyl-Isoleucine, Tyrosyl-Leucine, Sinapoylputrescine, N-(4-aminobutyl)-3-(4-hydroxy-3,5-dimethoxyphenyl)prop-2-enimidic acid","HMDB0028941, HMDB0028919, HMDB0029108, HMDB0029109, HMDB0033464, HMDB0139646","0","166264.359375","15262738","6","0","false","0.0001580568787176162",""
"Pacific Northwest National Laboratory","20201130_jl_lungmap_agarose_1","2020-12-01_22h59m24s","C12H23NOS2","M+Na","","C12H23NOS2+Na+","284.11132737900004","0.009462127","0.5","0.009992615903947656","0.9515330479468245","0.9951434878587196","Camelinin","HMDB0039082","0","171426.640625","19783630","1","2","false","0.0002696187002584338","C11H19NO6+Na+, C11H15N4O5+H+"
"Pacific Northwest National Laboratory","20201130_jl_lungmap_agarose_1","2020-12-01_22h59m24s","C36H66NO10P","M+H","","C36H66NO10P+H+","704.4497107469999","0.009480959","0.5","0.011085163626182308","0.8700329610836115","0.9830473218928757","PS(14:1(9Z)/16:1(9Z)), PS(16:1(9Z)/14:1(9Z))","HMDB0012344, HMDB0012364","0","927269.8125","258536304","2","0","false","0.000040242663089884445",""
"Pacific Northwest National Laboratory","20201130_jl_lungmap_agarose_1","2020-12-01_22h59m24s","C6H10O6","M+Na","","C6H10O6+Na+","201.03695872299997","0.009481007","0.5","0.009696170690185362","0.9809087186391268","0.9968404423380727","Gluconolactone, 2-Keto-3-deoxy-D-gluconic acid, 3-Keto-b-D-galactose, Galactonolactone, L-Gulonolactone, D-Arabino-hexos-2-ulose","HMDB0000150, HMDB0001353, HMDB0001385, HMDB0002541, HMDB0003466, HMDB0029932","0","175668.171875","26687476","6","0","false","0.0002484041324350983",""
"Pacific Northwest National Laboratory","20201130_jl_lungmap_agarose_1","2020-12-01_22h59m24s","C12H26","M+Na","","C12H26+Na+","193.19267151499997","0.0094991","0.5","0.009890307321090254","0.965520997719747","0.9947431302270012","N-Dodecane, 2-Methylundecane","HMDB0031444, HMDB0059888","0","160121.46875","35575484","2","0","false","0.0001309288782067597",""
"Pacific Northwest National Laboratory","20201130_jl_lungmap_agarose_1","2020-12-01_22h59m24s","C19H16O9","M+H","","C19H16O9+H+","389.086708527","0.009508896","0.5","0.010559727730567212","0.9157664331693045","0.9833149577361264","Urolithin B 3-O-glucuronide","HMDB0041787","0","312467.0625","145227376","1","0","false","0.000005206482910580235",""
"Pacific Northwest National Laboratory","20201130_jl_lungmap_agarose_1","2020-12-01_22h59m24s","C27H33NO5","M+Na","","C27H33NO5+Na+","474.22509383900007","0.009520976","0.5","0.010515891481382812","0.9136585961412965","0.9909492273730685","14alpha-Hydroxypaxilline","HMDB0040978","0","233643.84375","23041002","1","1","false","0.000026995830921805464","C25H27N7O3+H+"
"Pacific Northwest National Laboratory","20201130_jl_lungmap_agarose_1","2020-12-01_22h59m24s","C15H31NS2","M+H","","C15H31NS2+H+","290.197068767","0.009521193","0.5","0.010293254896973112","0.9361233587156185","0.9881106064228226","Dihydro-2,4,6-tris(2-methylpropyl)-4h-1,3,5-dithiazine","HMDB0032221","0","605677","794960640","1","0","false","0.000046677196223754436",""
"Pacific Northwest National Laboratory","20201130_jl_lungmap_agarose_1","2020-12-01_22h59m24s","C8H16O2","M+H","","C8H16O2+H+","145.122306187","0.009528266","0.5","0.009773960899685992","0.9767541013695793","0.9980632008154944","Ethyl hexanoate, 2-Ethylhexanoic acid, Pentyl propanoate, Isobutyl isobutyrate, Butyl isobutyrate, Isopropyl 3-methylbutanoate, Propyl 3-methylbutanoate, Ethyl 4-methylpentanoate, 3-Hydroxy-2-octanone, Valproic acid, Caprylic acid, Valeraldehyde propyleneglycol acetal, Heptyl formate, Hexyl acetate, (3R,5Z)-5-Octene-1,3-diol, 3-Methylbutyl propanoate, 1-Hydroxy-3-octanone, Methyl heptanoate, Ethyl (±)-2-methylpentanoate, 2-Methylheptanoic acid, 6-Methylheptanoic acid, Methyl 5-methylhexanoate, 2-Ethylbutyl acetate, cis- and trans-2-Isobutyl-4-methyl-1,3-dioxolane, 1,1-Dimethoxy-trans-2-hexene, 2-Methylpropyl butanoate, Ethyl (±)-3-methylpentanoate, (±)-5-Hydroxy-4-octanone, 3-(Hydroxymethyl)-2-heptanone, Isopropyl 2-methylbutanoate, Butyl butyrate, Propyl pentanoate, Ethyl 2-ethylbutanoate, Tetrahydro-2,5-dimethyl-2H-pyranmethanol","HMDB0040209, HMDB0031230, HMDB0031638, HMDB0040252, HMDB0040251, HMDB0032046, HMDB0032047, HMDB0032272, HMDB0032335, HMDB0001877, HMDB0000482, HMDB0032551, HMDB0034459, HMDB0029980, HMDB0030368, HMDB0034164, HMDB0031290, HMDB0031478, HMDB0031579, HMDB0031587, HMDB0031588, HMDB0031596, HMDB0031703, HMDB0032203, HMDB0032225, HMDB0034161, HMDB0034234, HMDB0035457, HMDB0036165, HMDB0039217, HMDB0039620, HMDB0040296, HMDB0040298, HMDB0061931","0","175846.3125","41080776","34","0","false","0.00013760778529103845",""
"Pacific Northwest National Laboratory","20201130_jl_lungmap_agarose_1","2020-12-01_22h59m24s","C9H13NO3","M+Na","","C9H13NO3+Na+","206.07876395899996","0.009534268","0.5","0.009861180715026082","0.9701341752219748","0.9966131907308378","Epinephrine, Normetanephrine, Methylnoradrenaline, Levonordefrin, Ginkgotoxin, 3,4,5,6-Tetrahydrohippuric acid, Oxidized-adrenal-ferredoxin","HMDB0000068, HMDB0000819, HMDB0002832, HMDB0015652, HMDB0029455, HMDB0061679, HMDB0062515","0","180726.890625","23937574","7","0","false","0.00001832587986427825",""
"Pacific Northwest National Laboratory","20201130_jl_lungmap_agarose_1","2020-12-01_22h59m24s","C12H12S","M+Na","","C12H12S+Na+","211.05519223699997","0.009566996","0.5","0.00997576240243329","0.9618442450483693","0.9970679012345679","(Z)-1-(Methylthio)-5-phenyl-1-penten-3-yne","HMDB0032688","0","192152.015625","27741026","1","0","false","0.00006685096741421148",""
"Pacific Northwest National Laboratory","20201130_jl_lungmap_agarose_1","2020-12-01_22h59m24s","C3H3N3O3","M+H","","C3H3N3O3+H+","130.024717391","0.0095792245","0.5","0.00989403181567553","0.9791560408335788","0.9887924801156905","Cyanuric acid","HMDB0041861","0","175308.109375","55986200","1","0","false","0.000009251059964299202",""
"Pacific Northwest National Laboratory","20201130_jl_lungmap_agarose_1","2020-12-01_22h59m24s","C21H26O2","M+H","","C21H26O2+H+","311.20055650700004","0.009602842","0.5","0.010272152300129626","0.9394189125223056","0.9951282051282051","Mestranol, Gestodene, Menaquinol","HMDB0015446, HMDB0015668, HMDB0060487","0","200472.90625","17307934","3","0","false","0.0028835695702582598",""
"Pacific Northwest National Laboratory","20201130_jl_lungmap_agarose_1","2020-12-01_22h59m24s","C5H6N2S","M+H","","C5H6N2S+H+","127.03244579699998","0.009610977","0.5","0.00977620412670906","0.9885163619037557","0.9945197740112994","2-(Methylthio)pyrazine, Pyrazinemethanethiol","HMDB0033152, HMDB0036186","0","254645.953125","72521936","2","0","false","0.0000030072505978750996",""
"Pacific Northwest National Laboratory","20201130_jl_lungmap_agarose_1","2020-12-01_22h59m24s","C5H5NO3","M+H","","C5H5NO3+H+","128.034219455","0.009611105","0.5","0.009881732454295418","0.9816959605930229","0.9907480314960629","Hydroxyminaline","HMDB0034368","0","196938.96875","61780592","1","0","false","0.0000290302650682861",""
"Pacific Northwest National Laboratory","20201130_jl_lungmap_agarose_1","2020-12-01_22h59m24s","C6H6N2O","M+H","","C6H6N2O+H+","123.05528924699999","0.009630003","0.5","0.009856313808883488","0.9824781507349987","0.9944638694638694","2-Acetylpyrazine, Niacinamide","HMDB0031861, HMDB0001406","0","177461.4375","68887960","2","0","false","0.00001509797220933251",""
"Pacific Northwest National Laboratory","20201130_jl_lungmap_agarose_1","2020-12-01_22h59m24s","C12H12N2O2","M+H","","C12H12N2O2+H+","217.097154059","0.009657101","0.5","0.010009588704946807","0.9681069070634826","0.9965686274509804","L-1,2,3,4-Tetrahydro-beta-carboline-3-carboxylic acid","HMDB0035665","0","176838.46875","25880924","1","0","false","0.0007228115573525429",""
"Pacific Northwest National Laboratory","20201130_jl_lungmap_agarose_1","2020-12-01_22h59m24s","C8H6Cl2O3","M+H","","C8H6Cl2O3+H+","220.976675887","0.009661901","0.5","0.012066186718786735","0.8033672382441637","0.9967320261437909","2,4-Dichlorophenoxyacetic acid","HMDB0041797","0","173602.96875","25970102","1","0","false","0.00021812826162204146",""
"Pacific Northwest National Laboratory","20201130_jl_lungmap_agarose_1","2020-12-01_22h59m24s","C41H68O12","M+Na","","C41H68O12+Na+","775.460298299","0.009676419","0.5","0.011647384810161957","0.8486226475425722","0.9789750328515112","Hebevinoside VI, Melilotoside B","HMDB0034596, HMDB0041465","0","1411499.625","440736576","2","0","false","0.00004498844646150246",""
"Pacific Northwest National Laboratory","20201130_jl_lungmap_agarose_1","2020-12-01_22h59m24s","C7H6O2","M+H","","C7H6O2+H+","123.044055867","0.009679796","0.5","0.010093928131098402","0.9710903532226187","0.9875210792580101","3-(2-Furanyl)-2-propenal, Benzoic acid, 4-Hydroxybenzaldehyde, 2-Hydroxybenzaldehyde","HMDB0032918, HMDB0001870, HMDB0011718, HMDB0034170","0","175982.90625","71596648","4","0","false","0.00007576359348604456",""
"Pacific Northwest National Laboratory","20201130_jl_lungmap_agarose_1","2020-12-01_22h59m24s","C6H12N2O3S","M+Na","","C6H12N2O3S+Na+","215.04608409699995","0.009680304","0.5","0.009878014901796975","0.9844190793003806","0.9954954954954955","Cysteinyl-Alanine, Alanyl-Cysteine","HMDB0028768, HMDB0028684","0","159445.296875","23665972","2","0","false","0.00022472812270279974",""
"Pacific Northwest National Laboratory","20201130_jl_lungmap_agarose_1","2020-12-01_22h59m24s","C9H9N","M+H","","C9H9N+H+","132.080775723","0.009683952","0.5","0.010020193024226905","0.9699462475371693","0.9963888888888889","3-Methylindole, Benzenepropanenitrile","HMDB0000466, HMDB0034236","0","197033.859375","58955228","2","0","false","0.000017073005437850952",""
"Pacific Northwest National Laboratory","20201130_jl_lungmap_agarose_1","2020-12-01_22h59m24s","C11H20N4O2","M+H","","C11H20N4O2+H+","241.16590231499998","0.009684254","0.5","0.010029089619355213","0.9699435940425557","0.9955387998743324","L-Gizzerosine","HMDB0039160","0","631434.6875","1185763200","1","0","false","0.000008113729563774541",""
"Pacific Northwest National Laboratory","20201130_jl_lungmap_agarose_1","2020-12-01_22h59m24s","C14H11Cl2NO3","M+H","","C14H11Cl2NO3+H+","312.018875047","0.009737616","0.5","0.014728224101992269","0.6633646628358093","0.9966666666666667","4'-Hydroxydiclofenac, 3'-Hydroxydiclofenac, 5-Hydroxydiclofenac","HMDB0013974, HMDB0013976, HMDB0060542","0","231774.5","50767132","3","3","false","0.00002563751331763342","C15H12ClNO2+K+, C10H12ClN3O3S+Na+, C11H12O8+K+"
"Pacific Northwest National Laboratory","20201130_jl_lungmap_agarose_1","2020-12-01_22h59m24s","C8H4O4","M+Na","","C8H4O4+Na+","187.000179291","0.009752838","0.5","0.01000458618668679","0.9768869944917015","0.9979012345679013","Terephthalate","HMDB0061917","0","198307.1875","34440512","1","1","false","0.00004901916690869257","C3H7O7P+H+"
"Pacific Northwest National Laboratory","20201130_jl_lungmap_agarose_1","2020-12-01_22h59m24s","C15H15NO2S","M+H","","C15H15NO2S+H+","274.08962632500004","0.00975825","0.5","0.010280076094967954","0.9555462678129756","0.9933993399339934","Modafinil","HMDB0014883","0","189373.171875","13156593","1","1","false","0.00029685403569601476","C9H17NO7+Na+"
"Pacific Northwest National Laboratory","20201130_jl_lungmap_agarose_1","2020-12-01_22h59m24s","C59H100O6","M+H","","C59H100O6+H+","905.7592673549999","0.00975954","0.5","0.012661460859280762","0.7756622370801638","0.9937402190923318","TG(18:1(9Z)/18:2(9Z,12Z)/20:4(5Z,8Z,11Z,14Z)), TG(18:1(9Z)/16:0/22:6(4Z,7Z,10Z,13Z,16Z,19Z)), TG(18:1(9Z)/18:1(9Z)/20:5(5Z,8Z,11Z,14Z,17Z)), TG(18:2(9Z,12Z)/16:0/22:5(7Z,10Z,13Z,16Z,19Z)), TG(18:2(9Z,12Z)/18:1(11Z)/20:4(5Z,8Z,11Z,14Z)), TG(18:2(9Z,12Z)/18:2(9Z,12Z)/20:3(8Z,11Z,14Z)), TG(20:4(5Z,8Z,11Z,14Z)/18:0/18:3(9Z,12Z,15Z)), TG(14:0/20:1(11Z)/22:6(4Z,7Z,10Z,13Z,16Z,19Z)), TG(14:0/20:3(5Z,8Z,11Z)/22:4(7Z,10Z,13Z,16Z)), TG(14:0/20:2n6/22:5(4Z,7Z,10Z,13Z,16Z)), TG(14:0/20:2n6/22:5(7Z,10Z,13Z,16Z,19Z)), TG(14:0/20:3n6/22:4(7Z,10Z,13Z,16Z)), TG(14:0/22:2(13Z,16Z)/20:5(5Z,8Z,11Z,14Z,17Z)), TG(14:0/22:4(7Z,10Z,13Z,16Z)/20:3(5Z,8Z,11Z)), TG(14:0/22:4(7Z,10Z,13Z,16Z)/20:3n6), TG(14:0/22:5(4Z,7Z,10Z,13Z,16Z)/20:2n6), TG(14:0/20:5(5Z,8Z,11Z,14Z,17Z)/22:2(13Z,16Z)), TG(14:0/22:5(7Z,10Z,13Z,16Z,19Z)/20:2n6), TG(14:0/22:6(4Z,7Z,10Z,13Z,16Z,19Z)/20:1(11Z)), TG(16:0/18:1(11Z)/22:6(4Z,7Z,10Z,13Z,16Z,19Z)), TG(16:0/18:1(9Z)/22:6(4Z,7Z,10Z,13Z,16Z,19Z)), TG(16:0/20:3(5Z,8Z,11Z)/20:4(5Z,8Z,11Z,14Z)), TG(16:0/20:3(5Z,8Z,11Z)/20:4(8Z,11Z,14Z,17Z)), TG(16:0/18:2(9Z,12Z)/22:5(4Z,7Z,10Z,13Z,16Z)), TG(16:0/18:2(9Z,12Z)/22:5(7Z,10Z,13Z,16Z,19Z)), TG(16:0/18:3(6Z,9Z,12Z)/22:4(7Z,10Z,13Z,16Z)), TG(16:0/20:2n6/20:5(5Z,8Z,11Z,14Z,17Z)), TG(16:0/20:3n6/20:4(5Z,8Z,11Z,14Z)), TG(16:0/20:3n6/20:4(8Z,11Z,14Z,17Z)), TG(16:0/20:4(5Z,8Z,11Z,14Z)/20:3(5Z,8Z,11Z)), TG(16:0/20:4(5Z,8Z,11Z,14Z)/20:3n6), TG(16:0/22:4(7Z,10Z,13Z,16Z)/18:3(6Z,9Z,12Z)), TG(16:0/22:4(7Z,10Z,13Z,16Z)/18:3(9Z,12Z,15Z)), TG(16:0/22:5(4Z,7Z,10Z,13Z,16Z)/18:2(9Z,12Z)), TG(16:0/18:3(9Z,12Z,15Z)/22:4(7Z,10Z,13Z,16Z)), TG(16:0/20:4(8Z,11Z,14Z,17Z)/20:3(5Z,8Z,11Z)), TG(16:0/20:4(8Z,11Z,14Z,17Z)/20:3n6), TG(16:0/20:5(5Z,8Z,11Z,14Z,17Z)/20:2n6), TG(16:0/22:5(7Z,10Z,13Z,16Z,19Z)/18:2(9Z,12Z)), TG(16:0/22:6(4Z,7Z,10Z,13Z,16Z,19Z)/18:1(11Z)), TG(16:0/22:6(4Z,7Z,10Z,13Z,16Z,19Z)/18:1(9Z)), TG(18:0/16:1(9Z)/22:6(4Z,7Z,10Z,13Z,16Z,19Z)), TG(18:0/20:3(5Z,8Z,11Z)/18:4(6Z,9Z,12Z,15Z)), TG(18:0/18:2(9Z,12Z)/20:5(5Z,8Z,11Z,14Z,17Z)), TG(18:0/18:3(6Z,9Z,12Z)/20:4(5Z,8Z,11Z,14Z)), TG(18:0/18:3(6Z,9Z,12Z)/20:4(8Z,11Z,14Z,17Z)), TG(18:0/20:3n6/18:4(6Z,9Z,12Z,15Z)), TG(18:0/20:4(5Z,8Z,11Z,14Z)/18:3(6Z,9Z,12Z)), TG(18:0/20:4(5Z,8Z,11Z,14Z)/18:3(9Z,12Z,15Z)), TG(18:0/18:3(9Z,12Z,15Z)/20:4(5Z,8Z,11Z,14Z))","HMDB0005462, HMDB0010455, HMDB0010464, HMDB0010469, HMDB0010480, HMDB0010492, HMDB0010521, HMDB0042419, HMDB0042442, HMDB0042593, HMDB0042598, HMDB0042622, HMDB0042687, HMDB0042703, HMDB0042709, HMDB0042738, HMDB0042861, HMDB0042888, HMDB0042912, HMDB0044107, HMDB0044135, HMDB0044182, HMDB0044188, HMDB0044269, HMDB0044274, HMDB0044296, HMDB0044329, HMDB0044350, HMDB0044356, HMDB0044371, HMDB0044377, HMDB0044431, HMDB0044438, HMDB0044458, HMDB0044492, HMDB0044539, HMDB0044545, HMDB0044572, HMDB0044598, HMDB0044620, HMDB0044621, HMDB0044909, HMDB0045013, HMDB0045096, HMDB0045116, HMDB0045122, HMDB0045175, HMDB0045194, HMDB0045201, HMDB0045305","0","37724328","783334016","50","1","false","0.049878448247909546","C57H102O6+Na+"
"Pacific Northwest National Laboratory","20201130_jl_lungmap_agarose_1","2020-12-01_22h59m24s","C6H14NO2","M+H","","C6H14NO2+H+","133.109730123","0.009759971","0.5","0.01010009564047109","0.9760787337856833","0.9900068446269679","1-Nitrohexane","HMDB0013812","0","175194.28125","59817128","1","0","false","0.00000988126248557819",""
"Pacific Northwest National Laboratory","20201130_jl_lungmap_agarose_1","2020-12-01_22h59m24s","C5H10N2O3","M+H","","C5H10N2O3+H+","147.076418615","0.009770269","0.5","0.010027885131376426","0.9802234024264997","0.9939672801635991","L-Glutamine, Ureidoisobutyric acid, D-Glutamine, Alanylglycine","HMDB0000641, HMDB0002031, HMDB0003423, HMDB0006899","0","179447.609375","41425996","4","0","false","0.00003505339191178791",""
"Pacific Northwest National Laboratory","20201130_jl_lungmap_agarose_1","2020-12-01_22h59m24s","C6H8N2O","M+Na","","C6H8N2O+Na+","147.05288355899998","0.009782981","0.5","0.009983246133813727","0.982021284841046","0.9978805394990367","Methylimidazole acetaldehyde, 2-Methoxy-3-methylpyrazine, 2-Methoxy-5-methylpyrazine, 2-Methoxy-6-methylpyrazine","HMDB0004181, HMDB0031852, HMDB0040141, HMDB0040143","0","175032.453125","43768808","4","0","false","0.00003761731932172552",""
"Pacific Northwest National Laboratory","20201130_jl_lungmap_agarose_1","2020-12-01_22h59m24s","C16H16","M+Na","","C16H16+Na+","231.11442119499998","0.009796004","0.5","0.010308204241836668","0.9542026407674943","0.9959219858156029","2,4-Diphenyl-1-butene, 1,2-Diphenylcyclobutane","HMDB0032563, HMDB0031821","0","163741.671875","23723062","2","0","false","0.00004428398824529722",""
"Pacific Northwest National Laboratory","20201130_jl_lungmap_agarose_1","2020-12-01_22h59m24s","C11H16O5","M+Na","","C11H16O5+Na+","251.08899429499996","0.009817049","0.5","0.010130172923004638","0.9721470220674362","0.9968553459119497","Propyl propane thiosulfonate","HMDB0032496","0","181341.5625","27236388","1","0","false","0.00042637265869416296",""
"Pacific Northwest National Laboratory","20201130_jl_lungmap_agarose_1","2020-12-01_22h59m24s","C7H11N3O","M+H","","C7H11N3O+H+","154.097488407","0.009826984","0.5","0.010064334321054736","0.978666553142191","0.9977011494252873","N-Acetylhistamine","HMDB0013253","0","175818.1875","36747864","1","0","false","0.0004754356050398201",""
"Pacific Northwest National Laboratory","20201130_jl_lungmap_agarose_1","2020-12-01_22h59m24s","C19H20O7","M+Na","","C19H20O7+Na+","383.110123663","0.009830646","0.5","0.010771743380240062","0.9395582684782965","0.971342383107089","Gibberellin A59, Heteroflavanone A, Edulisin IV, 8-(1,2-dihydroxypropan-2-yl)-2-oxo-2H,8H,9H-furo[2,3-h]chromen-9-yl 3-methylbut-2-enoate, 1-hydroxy-2-{9-hydroxy-2-oxo-2H,8H,9H-furo[2,3-h]chromen-8-yl}propan-2-yl 3-methylbut-2-enoate, 8-(2-hydroxypropan-2-yl)-2-oxo-2H,8H,9H-furo[2,3-h]chromen-9-yl 3,3-dimethyloxirane-2-carboxylate, 8-(1,2-dihydroxypropan-2-yl)-2-oxo-2H,8H,9H-furo[2,3-h]chromen-9-yl (2E)-2-methylbut-2-enoate","HMDB0035051, HMDB0040910, HMDB0041196, HMDB0128915, HMDB0128918, HMDB0128949, HMDB0129095","0","322842.65625","296287616","7","0","false","0.00011474391794763505",""
"Pacific Northwest National Laboratory","20201130_jl_lungmap_agarose_1","2020-12-01_22h59m24s","C13H22NO3PS","M+Na","","C13H22NO3PS+Na+","326.09502241700005","0.009839035","0.5","0.010294178316919374","0.9619203311623987","0.9936231884057971","Fenamiphos","HMDB0031787","0","167889.265625","15318822","1","1","false","0.000388303684303537","C15H16O8+H+"
"Pacific Northwest National Laboratory","20201130_jl_lungmap_agarose_1","2020-12-01_22h59m24s","C10H14N4O5","M+Na","","C10H14N4O5+Na+","293.085640231","0.009869274","0.5","0.01062775596100487","0.9747115096113489","0.952724968314322","Histidinyl-Aspartate, Aspartyl-Histidine","HMDB0028881, HMDB0028755","0","226973.984375","185720688","2","2","false","0.000010589641533442773","C11H16O9+H+, C9H18O9+Na+"
"Pacific Northwest National Laboratory","20201130_jl_lungmap_agarose_1","2020-12-01_22h59m24s","C8H16O2S2","M+Na","","C8H16O2S2+Na+","231.04839277499997","0.009885697","0.5","0.010257975949239018","0.9672908639915277","0.9962962962962963","Dihydrolipoate","HMDB0012210","0","167592.78125","24271032","1","1","false","0.00031046991352923214","C8H8N4O3+Na+"
"Pacific Northwest National Laboratory","20201130_jl_lungmap_agarose_1","2020-12-01_22h59m24s","C11H18O2","M+Na","","C11H18O2+Na+","205.11990049899998","0.009891976","0.5","0.010268257044918346","0.9662434913262701","0.9970104633781763","4-Hydroxy-4-methyl-7-decenoic acid gamma-lactone, alpha-Terpineol formate, 2,2,7,7-Tetramethyl-1,6-dioxaspiro[4.4]non-3-ene, Linalyl formate, 5-Pentyl-3h-furan-2-one, Methyl 4,8-decadienoate, Methyl (2E,4Z)-decadienoate, Neryl formate, Ethyl octynecarboxylate, Tsibulin 2, 6-(3-Hexenyl)tetrahydro-2H-pyran-2-one, xi-2-Hexyl-5-methyl-3(2H)-furanone, (3E,6Z)-Nonadien-1-yl acetate, (2E,6Z)-2,6-Nonadien-1-Yl acetate, Bornyl formate, cis-3-Hexenyl tiglate, Allyl cyclohexylacetate, Methyl geranate","HMDB0036191, HMDB0032050, HMDB0030006, HMDB0030424, HMDB0032463, HMDB0034708, HMDB0034730, HMDB0035156, HMDB0036215, HMDB0037388, HMDB0037829, HMDB0038005, HMDB0038068, HMDB0038079, HMDB0038245, HMDB0038279, HMDB0040595, HMDB0059816","0","170964.15625","28233744","18","0","false","0.00024844956351444125",""
"Pacific Northwest National Laboratory","20201130_jl_lungmap_agarose_1","2020-12-01_22h59m24s","C16H14O9S","M+Na","","C16H14O9S+Na+","405.025073881","0.00989868","0.5","0.010580358491543883","0.9421252511291663","0.9930434782608696","hesperetin 3'-O-sulfate, {3-[3-(3,4-dihydroxyphenyl)-3-oxoprop-1-en-1-yl]-6-hydroxy-2-methoxyphenyl}oxidanesulfonic acid, {5-[3-(3,4-dihydroxy-2-methoxyphenyl)prop-2-enoyl]-2-hydroxyphenyl}oxidanesulfonic acid, [5,7-dihydroxy-2-(3-methoxyphenyl)-4-oxo-3,4-dihydro-2H-1-benzopyran-3-yl]oxidanesulfonic acid, [5,7-dihydroxy-2-(4-methoxyphenyl)-4-oxo-3,4-dihydro-2H-1-benzopyran-3-yl]oxidanesulfonic acid, {2-methoxy-5-[3-oxo-3-(2,4,6-trihydroxyphenyl)prop-1-en-1-yl]phenyl}oxidanesulfonic acid, [4-(5,7-dihydroxy-6-methoxy-4-oxo-3,4-dihydro-2H-1-benzopyran-2-yl)phenyl]oxidanesulfonic acid, ({2-methyl-3-[({7-oxo-7H-furo[3,2-g]chromen-4-yl}oxy)methyl]oxiran-2-yl}methoxy)sulfonic acid","HMDB0029202, HMDB0126058, HMDB0126059, HMDB0126592, HMDB0127512, HMDB0128069, HMDB0128600, HMDB0129428","0","178605.25","16365914","8","0","false","0.0001006814418360591",""
"Pacific Northwest National Laboratory","20201130_jl_lungmap_agarose_1","2020-12-01_22h59m24s","C10H11NO","M+H","","C10H11NO+H+","162.091340407","0.009901901","0.5","0.010208369432937974","0.9751442197582729","0.994702842377261","Tryptophanol, (R)-Boschniakine, 3-[(5-Methyl-2-furanyl)methyl]-1H-pyrrole, 1-(2,3-Dihydro-1H-pyrrolizin-5-yl)-2-propen-1-one, 3,4-Dihydro-4-[(5-methyl-2-furanyl)methylene]-2H-pyrrole","HMDB0003447, HMDB0030267, HMDB0040042, HMDB0040028, HMDB0040048","0","174794.59375","32751506","5","0","false","0.00005461176988319494",""
"Pacific Northwest National Laboratory","20201130_jl_lungmap_agarose_1","2020-12-01_22h59m24s","C5H10N2OS","M+Na","","C5H10N2OS+Na+","169.04060479299997","0.009923423","0.5","0.010106699015011527","0.9841599574830572","0.9976689976689976","2-methyl-1,3-thiazolidine-2-carboxamide","HMDB0062599","0","181732.078125","35987992","1","0","false","0.00001644556687097065",""
"Pacific Northwest National Laboratory","20201130_jl_lungmap_agarose_1","2020-12-01_22h59m24s","C16H16F3NO","M+Na","","C16H16F3NO+Na+","318.107619295","0.009943379","0.5","0.010452202176265406","0.9538472506018001","0.997349456455356","Norfluoxetine","HMDB0060551","0","497433","1528664704","1","0","false","0.00044124218402430415",""
"Pacific Northwest National Laboratory","20201130_jl_lungmap_agarose_1","2020-12-01_22h59m24s","C52H86O22","M+Na","","C52H86O22+Na+","1085.5502950750001","0.009989532","0.5","0.01273416392477615","0.8030293356954652","0.9768846503178928","Yamogenintetroside B, Hoduloside IX","HMDB0033674, HMDB0040661","0","363064","140296064","2","0","false","0.000019910554328816943",""
"Pacific Northwest National Laboratory","20201130_jl_lungmap_agarose_1","2020-12-01_22h59m24s","C2H8AlNO4","M+H","","C2H8AlNO4+H+","138.034147671","0.009999717","0.5","0.010325663663529987","0.9782075411590736","0.9900079936051159","Dihydroxyaluminium","HMDB0015457","0","176014.046875","51668832","1","1","false","0.000038503734685946256","C5H9NS+Na+"
"Pacific Northwest National Laboratory","20201130_jl_lungmap_agarose_1","2020-12-01_22h59m24s","C7H8O4","M+H","","C7H8O4+H+","157.04953517099997","0.010000083","0.5","0.010295935925274507","0.9756899692000115","0.9954648526077098","Ascladiol, 2,3-Methyleneglutaric acid, 4-methoxybenzene-1,2,3-triol, 2-methoxybenzene-1,3,5-triol, 6-methoxybenzene-1,2,4-triol, 5-methoxybenzene-1,2,3-triol","HMDB0029610, HMDB0059731, HMDB0125064, HMDB0125077, HMDB0140890, HMDB0140891","0","193896.171875","37420248","6","0","false","0.00006926482456037775",""
"Pacific Northwest National Laboratory","20201130_jl_lungmap_agarose_1","2020-12-01_22h59m24s","C4H8S2","M+Na","","C4H8S2+Na+","142.995963279","0.010002737","0.5","0.010319629817885017","0.9818585087190109","0.9872015281757403","xi-Tetrahydro-2-thiophenethiol, 1,3-Dithiane, 1,4-Dithiane, Ethyl vinyl disulfide, 2-Methyl-1,3-dithiolane, Methyl 2-propenyl disulfide, (E)-Methyl 1-propenyl disulfide","HMDB0040250, HMDB0031473, HMDB0031474, HMDB0033052, HMDB0036179, HMDB0041389, HMDB0041391","0","188215.6875","43585032","7","0","false","0.00004706997788161971",""
"Pacific Northwest National Laboratory","20201130_jl_lungmap_agarose_1","2020-12-01_22h59m24s","C23H32N2O5","M+Na","","C23H32N2O5+Na+","439.220342807","0.010008465","0.5","0.01089998201333743","0.9251455366339708","0.9925025329280649","Ramipril","HMDB0014324","0","237136.640625","50256372","1","2","false","0.00005465438880492002","C25H30N2O5+H+, C21H37O6P+Na+"
"Pacific Northwest National Laboratory","20201130_jl_lungmap_agarose_1","2020-12-01_22h59m24s","C19H12O7","M+Na","","C19H12O7+Na+","375.047523407","0.010015491","0.5","0.010950526838407415","0.9400061129179047","0.9729859239293202","13alpha-Hydroxydolineone, 4,7-dihydroxy-3-[(4-hydroxy-2-oxo-2H-chromen-3-yl)methyl]-2H-chromen-2-one, 4,6-dihydroxy-3-[(4-hydroxy-2-oxo-2H-chromen-3-yl)methyl]-2H-chromen-2-one, 4,8-dihydroxy-3-[(4-hydroxy-2-oxo-2H-chromen-3-yl)methyl]-2H-chromen-2-one, 4,5-dihydroxy-3-[(4-hydroxy-2-oxo-2H-chromen-3-yl)methyl]-2H-chromen-2-one","HMDB0030756, HMDB0143111, HMDB0143112, HMDB0143113, HMDB0143114","0","327337.1875","353403168","5","0","false","0.000031688115996075794",""
"Pacific Northwest National Laboratory","20201130_jl_lungmap_agarose_1","2020-12-01_22h59m24s","C6H8O2","M+Na","","C6H8O2+Na+","135.041650179","0.010032103","0.5","0.010342698957453225","0.9770229744071373","0.9927807486631016","1,2-Cyclohexanedione, (2E,4E)-2,4-Hexadienoic acid, 5,5-Dimethyl-2(5H)-furanone, 2,5-Dimethyl-3(2H)-furanone, trans-1,2-Dihydrobenzene-1,2-diol, 3-Methyl-1,2-cyclopentanedione, (E)-4-Oxo-2-hexen-1-al, Syoyualdehyde, 2-(Methoxymethyl)furan, xi-3,5-Dimethyl-2(5H)-furanone","HMDB0031344, HMDB0029581, HMDB0040260, HMDB0032233, HMDB0001164, HMDB0031543, HMDB0031759, HMDB0033569, HMDB0034247, HMDB0039778","0","173502.71875","46421736","10","0","false","0.00005600004442385398",""
"Pacific Northwest National Laboratory","20201130_jl_lungmap_agarose_1","2020-12-01_22h59m24s","C18H18O3","M+H","","C18H18O3+H+","283.132870871","0.010071169","0.5","0.01063197407748772","0.951371394381718","0.9956709956709957","Isoeugenol phenylacetate","HMDB0037278","0","199559.65625","20286308","1","0","false","0.0002296395687153563",""
"Pacific Northwest National Laboratory","20201130_jl_lungmap_agarose_1","2020-12-01_22h59m24s","C5H6O2S","M+Na","","C5H6O2S+Na+","152.99807128499998","0.01007334","0.5","0.010215616497602045","0.9897272589587768","0.9963073852295409","4-Hydroxy-5-methyl-3(2H)-thiophenone","HMDB0033548","0","195930.921875","42074452","1","0","false","0.000007828733942005783",""
"Pacific Northwest National Laboratory","20201130_jl_lungmap_agarose_1","2020-12-01_22h59m24s","C6H15N2O2","M+Na","","C6H15N2O2+Na+","170.10257340299998","0.01008486","0.5","0.010271507892957476","0.9841285407913901","0.9976629766297663","L-lysinium(1+)","HMDB0062809","0","190245.28125","34236852","1","0","false","0.000033216791052836925",""
"Pacific Northwest National Laboratory","20201130_jl_lungmap_agarose_1","2020-12-01_22h59m24s","C10H13N2","M+H","","C10H13N2+H+","162.11514985099998","0.010102327","0.5","0.010445528452682344","0.9695955854380861","0.9974712643678161","Nicotine imine","HMDB0001010","0","174054.75","36527024","1","0","false","0.00006803598807891831",""
"Pacific Northwest National Laboratory","20201130_jl_lungmap_agarose_1","2020-12-01_22h59m24s","C9H16OS","M+H","","C9H16OS+H+","173.09946273699998","0.010110002","0.5","0.010408736893437624","0.9734477488135275","0.9977932636469222","S-(3-Methyl-2-butenyl) 2-methylpropanethioate, Allyl thiohexanoate","HMDB0031699, HMDB0039467","0","184387.875","36327576","2","0","false","0.00007365192868746817",""
"Pacific Northwest National Laboratory","20201130_jl_lungmap_agarose_1","2020-12-01_22h59m24s","C7H13NO","M+H","","C7H13NO+H+","128.106990471","0.010130812","0.5","0.010433605996280897","0.9789300242198364","0.9918778427550358","Nor-psi-tropine, 1-(1-Pyrrolidinyl)-2-propanone","HMDB0031667, HMDB0040030","0","190110.609375","62371848","2","0","false","0.000026165203962591477",""
"Pacific Northwest National Laboratory","20201130_jl_lungmap_agarose_1","2020-12-01_22h59m24s","C4H7NS","M+Na","","C4H7NS+Na+","124.01914107699999","0.010156002","0.5","0.01042174929008953","0.9861311559476477","0.9882059800664452","4,5-Dihydro-2-methylthiazole","HMDB0029555","0","262090.375","72756048","1","0","false","0.000005636816695187008",""
"Pacific Northwest National Laboratory","20201130_jl_lungmap_agarose_1","2020-12-01_22h59m24s","C12H14O2","M+H","","C12H14O2+H+","191.106656123","0.010198476","0.5","0.010578131353072576","0.9665580467743274","0.9974666666666666","3-(2-Methylpropylidene)-3alpha,4-dihydro-1(3H)-isobenzofuranone, (S)-3-Butyl-1(3H)-isobenzofuranone, (R)-3,7-Dimethyl-5-indanecarboxylic acid, Benzyl trans-2-methyl-2-butenoate, 1-(4-Methoxyphenyl)-1-penten-3-one, Prenyl benzoate, Ligustilide, Benzyl tiglate, Propyl cinnamate, Isopropyl cinnamate, Cinnamyl propionate, 5-(4-methoxyphenyl)pent-1-en-3-one, 1-(4-hydroxyphenyl)-4-methylpent-1-en-3-one","HMDB0032027, HMDB0032064, HMDB0033033, HMDB0032177, HMDB0030905, HMDB0032488, HMDB0034277, HMDB0037627, HMDB0037700, HMDB0037701, HMDB0041315, HMDB0132983, HMDB0132934","0","183365.140625","31813082","13","0","false","0.00003227120396331884",""
"Pacific Northwest National Laboratory","20201130_jl_lungmap_agarose_1","2020-12-01_22h59m24s","C2H7N3","M+Na","","C2H7N3+Na+","96.053217907","0.010201882","0.5","0.010611909638291695","0.964873560194151","0.996360153256705","Methylguanidine","HMDB0001522","0","158235.328125","35935592","1","0","false","0.00008039468957576901",""
"Pacific Northwest National Laboratory","20201130_jl_lungmap_agarose_1","2020-12-01_22h59m24s","C8H14N2O5","M+H","","C8H14N2O5+H+","219.097547983","0.010227766","0.5","0.010447883666339943","0.9819346997377469","0.9969418960244648","Hydroxyprolyl-Serine, Serinyl-Hydroxyproline, Glutamylalanine, gamma-Glutamylalanine, N-gamma-L-Glutamyl-D-alanine","HMDB0028872, HMDB0029040, HMDB0003764, HMDB0006248, HMDB0036301","0","200165.296875","27825024","5","0","false","0.0001509495050413534",""
"Pacific Northwest National Laboratory","20201130_jl_lungmap_agarose_1","2020-12-01_22h59m24s","C10H15N4O15P3","M+H","","C10H15N4O15P3+H+","524.981953215","0.010228325","0.5","0.010844615043129393","0.9716650841875621","0.9706748466257669","Xanthosine 5-triphosphate","HMDB0000293","0","243798.28125","130095080","1","0","false","0.00002599334948172327",""
"Pacific Northwest National Laboratory","20201130_jl_lungmap_agarose_1","2020-12-01_22h59m24s","C13H16O2","M+H","","C13H16O2+H+","205.122306187","0.010235176","0.5","0.010686500993690604","0.9606653898979494","0.9969827586206896","Butyl cinnamate, Isobutyl cinnamate, 2-Phenylethyl 3-methyl-2-butenoate, 4-Hydroxy-3-(3-methyl-2-butenyl)acetophenone, alpha,alpha-Dimethylanisalacetone, 6-(1-Hydroxyethyl)-2,2-dimethyl-2H-1-benzopyran, 3-Isovalidene-3alpha,4-dihydrophthalide, cis-3-Hexenyl benzoate, Benzyl 2,3-dimethyl-2-butenoate, Phenethyl tiglate, Cinnamyl butyrate, Cinnamyl isobutyrate, 5-(4-methoxyphenyl)-2-methylpent-1-en-3-one, 1-(4-methoxyphenyl)-4-methylpent-1-en-3-one, 2-[4-(2-methylpropyl)phenyl]prop-2-enoic acid, 2-[4-(2-methylprop-2-en-1-yl)phenyl]propanoic acid","HMDB0037702, HMDB0037703, HMDB0037721, HMDB0030770, HMDB0030904, HMDB0031553, HMDB0031661, HMDB0033379, HMDB0036224, HMDB0037628, HMDB0041316, HMDB0041317, HMDB0132944, HMDB0132949, HMDB0140968, HMDB0140969","0","169750.5","29512844","16","0","false","0.000059834612329723313",""
"Pacific Northwest National Laboratory","20201130_jl_lungmap_agarose_1","2020-12-01_22h59m24s","C8H6NO5","M+H","","C8H6NO5+H+","197.03187372699998","0.010260412","0.5","0.010531723247737969","0.9766643285046471","0.997516339869281","4-hydroxy-3-nitrophenylacetate","HMDB0062403","0","184093.765625","32212200","1","0","false","0.0003037473652511835",""
"Pacific Northwest National Laboratory","20201130_jl_lungmap_agarose_1","2020-12-01_22h59m24s","C12H10O8","M+H","","C12H10O8+H+","283.044843715","0.010262191","0.5","0.010694425236635401","0.9659251856307738","0.9934343434343434","Bikojic acid, 2-O-Caffeoyltartronic acid","HMDB0034034, HMDB0040869","0","169955.765625","17409580","2","0","false","0.0001776084245648235",""
"Pacific Northwest National Laboratory","20201130_jl_lungmap_agarose_1","2020-12-01_22h59m24s","C10H7NO2","M+H","","C10H7NO2+H+","174.054954899","0.010279972","0.5","0.010615012942242158","0.9716613206984681","0.9966817496229261","Quinaldic acid, 1-nitronaphthalene","HMDB0000842, HMDB0062188","0","171909.421875","27954830","2","0","false","0.0001932115264935419",""
"Pacific Northwest National Laboratory","20201130_jl_lungmap_agarose_1","2020-12-01_22h59m24s","C11H15N5O3S","M+Na","","C11H15N5O3S+Na+","320.078781193","0.010299947","0.5","0.010750048290020976","0.9623671163756158","0.9955974842767296","5'-Methylthioadenosine","HMDB0001173","0","183841.078125","21559998","1","0","false","0.00013662913988810033",""
"Pacific Northwest National Laboratory","20201130_jl_lungmap_agarose_1","2020-12-01_22h59m24s","C11H19N2O5","M+H","","C11H19N2O5+H+","260.136673143","0.010327765","0.5","0.01067140553223817","0.9720057801437892","0.9956709956709957","Isoleucyl-Glutamate, Leucyl-Glutamate","HMDB0028906, HMDB0028928","0","181403.796875","20083410","2","0","false","0.00003439184729359113",""
"Pacific Northwest National Laboratory","20201130_jl_lungmap_agarose_1","2020-12-01_22h59m24s","C15H30N6O4","M+H","","C15H30N6O4+H+","359.24012987500004","0.010329649","0.5","0.010893079207162652","0.9541757616491977","0.9938172043010752","Kinetensin 1-3","HMDB0012983","0","184230.765625","17178370","1","0","false","0.0005970931379124522",""
"Pacific Northwest National Laboratory","20201130_jl_lungmap_agarose_1","2020-12-01_22h59m24s","C11H22","M+Na","","C11H22+Na+","177.16137138699997","0.010344462","0.5","0.010734510132322433","0.9662906281596775","0.9972818311874105","1-Undecene, (E)-4-Undecene, (E)-5-Undecene, (4E)-7-methyldec-4-ene, 5-methyldec-1-ene, 1-ethyl-2-propylcyclohexane","HMDB0029551, HMDB0031205, HMDB0061812, HMDB0062601, HMDB0062668, HMDB0062670","0","183389.46875","29508948","6","0","false","0.00013002859486732632",""
"Pacific Northwest National Laboratory","20201130_jl_lungmap_agarose_1","2020-12-01_22h59m24s","C19H19N7O6","M+Na","","C19H19N7O6+Na+","464.128902011","0.010367917","0.5","0.011755699586680473","0.8912439063644388","0.9895698924731183","Folic acid","HMDB0000121","0","223327.296875","47111780","1","1","false","0.00027372114709578454","C19H27N3O5S2+Na+"
"Pacific Northwest National Laboratory","20201130_jl_lungmap_agarose_1","2020-12-01_22h59m24s","C2H3ClO","M+Na","","C2H3ClO+Na+","100.976463099","0.010409457","0.5","0.011719802561989005","0.9035898120684173","0.9829613885936946","Chloroacetaldehyde","HMDB0013860","0","235431","104200240","1","0","false","0.00005600303484243341",""
"Pacific Northwest National Laboratory","20201130_jl_lungmap_agarose_1","2020-12-01_22h59m24s","C6H5N5O","M+H","","C6H5N5O+H+","164.056686215","0.010424799","0.5","0.010636681972890798","0.982367399088012","0.997671568627451","Pterin","HMDB0000802","0","189867.546875","34350496","1","1","false","0.0001580246171215549","C6H13NS2+H+"
"Pacific Northwest National Laboratory","20201130_jl_lungmap_agarose_1","2020-12-01_22h59m24s","C5H9N","M+Na","","C5H9N+Na+","106.06271997099999","0.010426511","0.5","0.011245303128203555","0.9550800434450946","0.970796167822927","(+)-2,3-Dihydro-3-methyl-1H-pyrrole, Pentanenitrile","HMDB0033529, HMDB0040173","0","180456.25","115601920","2","0","false","0.00004023108340334147",""
"Pacific Northwest National Laboratory","20201130_jl_lungmap_agarose_1","2020-12-01_22h59m24s","C16H24N2O16P2","M+Na","","C16H24N2O16P2+Na+","585.049327371","0.010430888","0.5","0.011406008332118382","0.9439882820976472","0.9687707641196013","DTDP-alpha-D-glucose(2-)","HMDB0062805","0","264094.84375","103991352","1","0","false","0.0006973751587793231",""
"Pacific Northwest National Laboratory","20201130_jl_lungmap_agarose_1","2020-12-01_22h59m24s","C14H18O","M+H","","C14H18O+H+","203.143041631","0.01043624","0.5","0.010934104912038445","0.9575513013718652","0.9967787114845938","(±)-Anisoxide, Feniculin, 2-Pentyl-3-phenyl-2-propenal, Dictagymnin, Panaquinquecol 5, Pentyl cinnamaldehyde","HMDB0030572, HMDB0030838, HMDB0031313, HMDB0039274, HMDB0039356, HMDB0061830","0","161151.171875","30013160","6","0","false","0.00016392812540289015",""
"Pacific Northwest National Laboratory","20201130_jl_lungmap_agarose_1","2020-12-01_22h59m24s","C6H6OS","M+H","","C6H6OS+H+","127.02121241699999","0.010438514","0.5","0.010706376168177111","0.982306707476443","0.9925423728813559","5-Methyl-2-thiophenecarboxaldehyde, 2-Acetylthiophene, 3-Acetylthiophene","HMDB0032431, HMDB0033133, HMDB0033134","0","179715.1875","71466528","3","0","false","0.00005731600322178565",""
"Pacific Northwest National Laboratory","20201130_jl_lungmap_agarose_1","2020-12-01_22h59m24s","C11H10N2O3","M+H","","C11H10N2O3+H+","219.076418615","0.010451516","0.5","0.010824235767830275","0.9711791599600782","0.9942204301075269","(S)-3-[(Cyanophenylmethyl)amino]-3-oxopropanoic acid, 2-{[hydroxy(1H-indol-3-yl)methylidene]amino}acetic acid","HMDB0034911, HMDB0134937","0","178495.859375","32010156","2","0","false","0.00013238350220490247",""
"Pacific Northwest National Laboratory","20201130_jl_lungmap_agarose_1","2020-12-01_22h59m24s","C81H154O17P2","M+H","","C81H154O17P2+H+","1462.0734039029999","0.010468752","0.5","0.0152873091481126","0.6956765600727604","0.9843657817109145","CL(18:0/18:0/18:0/18:2(9Z,12Z)), CL(18:0/18:0/18:1(11Z)/18:1(11Z)), CL(18:0/18:0/18:1(11Z)/18:1(9Z)), CL(18:0/18:0/18:1(9Z)/18:1(11Z)), CL(18:0/18:0/18:1(9Z)/18:1(9Z)), CL(18:0/18:0/18:2(9Z,12Z)/18:0), CL(18:0/18:1(11Z)/18:0/18:1(11Z)), CL(18:0/18:1(11Z)/18:0/18:1(9Z)), CL(18:0/18:1(11Z)/18:1(11Z)/18:0), CL(18:0/18:1(9Z)/18:0/18:1(9Z)), CL(18:0/18:1(11Z)/18:1(9Z)/18:0), CL(18:0/18:1(9Z)/18:1(11Z)/18:0), CL(18:0/18:1(9Z)/18:1(9Z)/18:0), CL(18:1(11Z)/18:0/18:1(11Z)/18:0), CL(18:1(11Z)/18:0/18:1(9Z)/18:0), CL(18:1(9Z)/18:0/18:1(9Z)/18:0), CL(i-13:0/a-21:0/18:2(9Z,11Z)/i-20:0)[rac], CL(a-13:0/i-21:0/18:2(9Z,11Z)/i-20:0)[rac], CL(a-13:0/a-21:0/18:2(9Z,11Z)/i-20:0)[rac], CL(i-13:0/i-21:0/18:2(9Z,11Z)/i-20:0), CL(i-13:0/i-21:0/i-20:0/18:2(9Z,11Z)), CL(i-13:0/a-21:0/i-20:0/18:2(9Z,11Z))[rac], CL(a-13:0/i-21:0/i-20:0/18:2(9Z,11Z))[rac], CL(a-13:0/a-21:0/i-20:0/18:2(9Z,11Z))[rac], CL(a-13:0/i-22:0/18:2(9Z,11Z)/i-19:0)[rac], CL(i-13:0/i-22:0/18:2(9Z,11Z)/i-19:0), CL(i-13:0/i-22:0/i-19:0/18:2(9Z,11Z)), CL(i-13:0/i-24:0/i-17:0/18:2(9Z,11Z)), CL(a-13:0/i-24:0/i-17:0/18:2(9Z,11Z))[rac], CL(a-13:0/i-24:0/a-17:0/18:2(9Z,11Z))[rac], CL(i-13:0/i-24:0/a-17:0/18:2(9Z,11Z))[rac], CL(a-13:0/i-24:0/18:2(9Z,11Z)/i-17:0)[rac], CL(i-13:0/i-24:0/18:2(9Z,11Z)/i-17:0), CL(i-13:0/i-24:0/18:2(9Z,11Z)/a-17:0)[rac], CL(a-13:0/i-24:0/18:2(9Z,11Z)/a-17:0)[rac], CL(i-13:0/a-25:0/i-16:0/18:2(9Z,11Z))[rac], CL(a-13:0/a-25:0/i-16:0/18:2(9Z,11Z))[rac], CL(i-13:0/a-25:0/18:2(9Z,11Z)/i-16:0)[rac], CL(a-13:0/a-25:0/18:2(9Z,11Z)/i-16:0)[rac], CL(a-13:0/i-19:0/18:2(9Z,11Z)/i-22:0)[rac], CL(i-13:0/i-19:0/18:2(9Z,11Z)/i-22:0), CL(i-13:0/i-19:0/i-22:0/18:2(9Z,11Z)), CL(a-13:0/i-19:0/i-22:0/18:2(9Z,11Z))[rac], CL(a-13:0/i-20:0/18:2(9Z,11Z)/i-21:0)[rac], CL(i-13:0/i-20:0/18:2(9Z,11Z)/i-21:0), CL(i-13:0/i-20:0/18:2(9Z,11Z)/a-21:0)[rac], CL(a-13:0/i-20:0/18:2(9Z,11Z)/a-21:0)[rac], CL(i-13:0/i-20:0/i-21:0/18:2(9Z,11Z)), CL(a-13:0/i-20:0/i-21:0/18:2(9Z,11Z))[rac], CL(a-13:0/i-20:0/a-21:0/18:2(9Z,11Z))[rac]","HMDB0056964, HMDB0056982, HMDB0056983, HMDB0056992, HMDB0056993, HMDB0057000, HMDB0057092, HMDB0057093, HMDB0057104, HMDB0057145, HMDB0057114, HMDB0057156, HMDB0057166, HMDB0057890, HMDB0057900, HMDB0058353, HMDB0073100, HMDB0073101, HMDB0073105, HMDB0073106, HMDB0073256, HMDB0073257, HMDB0073259, HMDB0073262, HMDB0074015, HMDB0074018, HMDB0074061, HMDB0074581, HMDB0074585, HMDB0074586, HMDB0074587, HMDB0074644, HMDB0074647, HMDB0074648, HMDB0074649, HMDB0075173, HMDB0075175, HMDB0075286, HMDB0075288, HMDB0076316, HMDB0076319, HMDB0076489, HMDB0076491, HMDB0076953, HMDB0076956, HMDB0076957, HMDB0076958, HMDB0077080, HMDB0077084, HMDB0077085","0","351085.28125","65017276","50","0","false","0.000004213468400848797",""
"Pacific Northwest National Laboratory","20201130_jl_lungmap_agarose_1","2020-12-01_22h59m24s","C24H30O7","M+Na","","C24H30O7+Na+","453.188373983","0.010494926","0.5","0.011471246010295132","0.9211926846494631","0.9931578947368421","Mammea E/BB, Mammea E/BA, Armillarilin, Melleolide H","HMDB0030814, HMDB0030815, HMDB0031673, HMDB0038788","0","211767.1875","28418280","4","0","false","0.00015570744290016592",""
"Pacific Northwest National Laboratory","20201130_jl_lungmap_agarose_1","2020-12-01_22h59m24s","C5H11NO","M+Na","","C5H11NO+Na+","124.073284655","0.010545271","0.5","0.010909329290653373","0.9761000316274383","0.990296803652968","5-Aminopentanal, N-butylformamide","HMDB0012815, HMDB0062600","0","177603.296875","69906744","2","0","false","0.000016107258488773368",""
"Pacific Northwest National Laboratory","20201130_jl_lungmap_agarose_1","2020-12-01_22h59m24s","C10H7NO","M+H","","C10H7NO+H+","158.060040279","0.010550236","0.5","0.010941279906637258","0.9716307705998968","0.9924137931034482","1-nitrosonaphthalene","HMDB0062189","0","170120.828125","36841064","1","1","false","0.000052486691856756806","C5H12O4+Na+"
"Pacific Northwest National Laboratory","20201130_jl_lungmap_agarose_1","2020-12-01_22h59m24s","C6H11NO3S","M+Na","","C6H11NO3S+Na+","200.03518506499995","0.010556114","0.5","0.010798530993791104","0.9807590305028401","0.9967289719626168","(R)C(S)S-Alliin, N-Formyl-L-methionine, Cycloalliin, Isoalliin","HMDB0033592, HMDB0001015, HMDB0029417, HMDB0029441","0","173017.359375","27200496","4","0","false","0.000035889865102944896",""
"Pacific Northwest National Laboratory","20201130_jl_lungmap_agarose_1","2020-12-01_22h59m24s","C10H14N5O7P","M+Na","","C10H14N5O7P+Na+","370.05230547100007","0.010575511","0.5","0.011128116493734153","0.9686425935485666","0.9811063829787234","Adenosine monophosphate, 2'-Deoxyguanosine 5'-monophosphate, 3'-AMP, Adenosine 2'-phosphate, 2-hydroxy-dAMP","HMDB0000045, HMDB0001044, HMDB0003540, HMDB0011617, HMDB0059594","0","470452.3125","408380736","5","0","false","0.000010058409316116013",""
"Pacific Northwest National Laboratory","20201130_jl_lungmap_agarose_1","2020-12-01_22h59m24s","C6H8N2O2","M+H","","C6H8N2O2+H+","141.065853931","0.010612413","0.5","0.010890846401566776","0.9799550692403703","0.9943661971830986","1,3-Dimethyluracil, Imidazolepropionic acid, Methylimidazoleacetic acid, Pi-Methylimidazoleacetic acid","HMDB0002144, HMDB0002271, HMDB0002820, HMDB0004988","0","175957.1875","44267852","4","0","false","0.00009630423301132396",""
"Pacific Northwest National Laboratory","20201130_jl_lungmap_agarose_1","2020-12-01_22h59m24s","C2H8NO2PS","M+Na","","C2H8NO2PS+Na+","163.99055734899997","0.010623907","0.5","0.0107423040390918","0.9913136972038671","0.9976442873969376","(±)-Methamidophos","HMDB0031803","0","176407.1875","35821324","1","0","false","0.00009532751573715359",""
"Pacific Northwest National Laboratory","20201130_jl_lungmap_agarose_1","2020-12-01_22h59m24s","C13H17NO3","M+Na","","C13H17NO3+Na+","258.110064087","0.010634991","0.5","0.01107080783104159","0.9670211325568234","0.993394777265745","Pandamarilactam 3x","HMDB0033610","0","174032.171875","28764074","1","1","false","0.0006620119092985988","C8H20NO6P+H+"
"Pacific Northwest National Laboratory","20201130_jl_lungmap_agarose_1","2020-12-01_22h59m24s","C8H12O8","M+H","","C8H12O8+H+","237.06049377899998","0.010640215","0.5","0.010965026295647752","0.9732311029305286","0.9970679012345679","6-(acetyloxy)-3,4,5-trihydroxyoxane-2-carboxylic acid, 3,4,5-trihydroxy-6-(2-oxoethoxy)oxane-2-carboxylic acid","HMDB0124934, HMDB0142000","0","202741.765625","27985548","2","0","false","0.00015029987844172865",""
"Pacific Northwest National Laboratory","20201130_jl_lungmap_agarose_1","2020-12-01_22h59m24s","C4H12NO4P","M+H","","C4H12NO4P+H+","170.057671299","0.010644232","0.5","0.010817649348568882","0.9883781652494398","0.995539033457249","Phosphodimethylethanolamine","HMDB0060244","0","196374.734375","33955584","1","1","false","0.00001844479083956685","C9H9NO+Na+"
"Pacific Northwest National Laboratory","20201130_jl_lungmap_agarose_1","2020-12-01_22h59m24s","C4H7NS","M+H","","C4H7NS+H+","102.03719682899998","0.010646308","0.5","0.011341862017966753","0.9549335002466591","0.9829728801922417","4,5-Dihydro-2-methylthiazole","HMDB0029555","0","280427.6875","108743456","1","0","false","0.00003676772030303255",""
"Pacific Northwest National Laboratory","20201130_jl_lungmap_agarose_1","2020-12-01_22h59m24s","C8H12N2O2","M+Na","","C8H12N2O2+Na+","191.07909830699998","0.010655025","0.5","0.010880364517752301","0.9819956324617389","0.997244094488189","Pyridoxamine","HMDB0001431","0","163981.28125","32252218","1","0","false","0.0003464262990746647",""
"Pacific Northwest National Laboratory","20201130_jl_lungmap_agarose_1","2020-12-01_22h59m24s","C8H10O6","M+H","","C8H10O6+H+","203.05501447499998","0.010664914","0.5","0.010958692187628329","0.9783413761224655","0.9947368421052631","Ethyl aconitate","HMDB0040275","0","184818.203125","31674816","1","0","false","0.0005546833854168653",""
"Pacific Northwest National Laboratory","20201130_jl_lungmap_agarose_1","2020-12-01_22h59m24s","C12H9N3O","M+Na","","C12H9N3O+Na+","234.06378259099998","0.010669741","0.5","0.011021879049670722","0.9713549071806171","0.9965986394557823","Milrinone","HMDB0014380","0","179784.078125","25185090","1","0","false","0.000245220260694623",""
"Pacific Northwest National Laboratory","20201130_jl_lungmap_agarose_1","2020-12-01_22h59m24s","C10H20O2S","M+Na","","C10H20O2S+Na+","227.10762173299997","0.010687734","0.5","0.011112327396656909","0.9650236490185478","0.9966499162479062","Hexyl 3-mercaptobutanoate, (S)-3-Mercaptohexyl butyrate, 3-Mercaptohexyl butyrate","HMDB0032327, HMDB0037765, HMDB0038948","0","193848.75","25476272","3","1","false","0.00005884171696379781","C15H14O2+H+"
"Pacific Northwest National Laboratory","20201130_jl_lungmap_agarose_1","2020-12-01_22h59m24s","C14H18O9","M+Na","","C14H18O9+Na+","353.08430283900003","0.010704521","0.5","0.011223411399670242","0.9592524326403943","0.994281729428173","3'-Glucosyl-2',4',6'-trihydroxyacetophenone, 6-(5-ethyl-2,3-dihydroxyphenoxy)-3,4,5-trihydroxyoxane-2-carboxylic acid, 6-(4-ethyl-2,6-dihydroxyphenoxy)-3,4,5-trihydroxyoxane-2-carboxylic acid","HMDB0040621, HMDB0128028, HMDB0128029","0","194678.703125","33483430","3","1","false","0.00013048318214714527","C20H16O4S+H+"
"Pacific Northwest National Laboratory","20201130_jl_lungmap_agarose_1","2020-12-01_22h59m24s","C7H16O","M+Na","","C7H16O+Na+","139.10933581499998","0.010741068","0.5","0.011141463751841012","0.9743015210208101","0.9894909688013136","Methyl hexyl ether, 1-Heptanol, xi-3-Heptanol, (±)-2-Heptanol","HMDB0032407, HMDB0031479, HMDB0031481, HMDB0033908","0","171962.8125","50868948","4","0","false","0.00002529175799281802",""
"Pacific Northwest National Laboratory","20201130_jl_lungmap_agarose_1","2020-12-01_22h59m24s","C9H14","M+Na","","C9H14+Na+","145.09877113099998","0.01074835","0.5","0.011131056054416296","0.9695000925311466","0.995995995995996","Santene, 3-Allyl-1-cyclohexene","HMDB0038140, HMDB0061784","0","178012.015625","42033824","2","0","false","0.00003165996167808771",""
"Pacific Northwest National Laboratory","20201130_jl_lungmap_agarose_1","2020-12-01_22h59m24s","C3H5ClO","M+Na","","C3H5ClO+Na+","114.992113163","0.0107497955","0.5","0.011868875745647281","0.9192408879877771","0.9852836879432624","(Chloromethyl)oxirane, trans-3-Chloro-2-propene-1-ol, cis-3-Chloro-2-propene-1-ol","HMDB0034232, HMDB0060514, HMDB0060456","0","175986.109375","88861784","3","0","false","0.00006502382893813774",""
"Pacific Northwest National Laboratory","20201130_jl_lungmap_agarose_1","2020-12-01_22h59m24s","C12H14N2O5S","M+H","","C12H14N2O5S+H+","299.069619153","0.010752258","0.5","0.0112087150246697","0.9631681653722307","0.9959595959595959","N-Acetylserotonin sulfate","HMDB0060834","0","179434.546875","22144742","1","0","false","0.00397708173841238",""
"Pacific Northwest National Laboratory","20201130_jl_lungmap_agarose_1","2020-12-01_22h59m24s","C36H68O4","M+H","","C36H68O4+H+","565.519037091","0.010761277","0.5","0.012610631019136436","0.87636866836368","0.9737335834896811","FAHFA(18:1(9Z)/12-O-18:0), FAHFA(18:1(9Z)/9-O-18:0), FAHFA(18:1(9Z)/5-O-18:0), FAHFA(18:1(9Z)/7-O-18:0), FAHFA(18:1(9Z)/8-O-18:0), FAHFA(18:1(9Z)/10-O-18:0), FAHFA(18:1(9Z)/11-O-18:0), FAHFA(18:1(9Z)/13-O-18:0), FAHFA(18:1(9Z)/6-O-18:0)","HMDB0112105, HMDB0112109, HMDB0112140, HMDB0112141, HMDB0112142, HMDB0112143, HMDB0112144, HMDB0112145, HMDB0112173","0","282703.0625","86600400","9","0","false","0.000031312079954659566",""
"Pacific Northwest National Laboratory","20201130_jl_lungmap_agarose_1","2020-12-01_22h59m24s","C22H46NO7P","M+Na","","C22H46NO7P+Na+","490.29041049500006","0.010777113","0.5","0.01177337767568535","0.9300904745206191","0.9841836734693877","LysoPC(14:0), 1-Heptadecanoylglycerophosphoethanolamine","HMDB0010379, HMDB0061691","0","348611.71875","93664648","2","0","false","0.000011230973541387357",""
"Pacific Northwest National Laboratory","20201130_jl_lungmap_agarose_1","2020-12-01_22h59m24s","C15H12O7","M+Na","","C15H12O7+Na+","327.047523407","0.0108167175","0.5","0.011329749047726077","0.9588422310353553","0.9956989247311828","Pratenol B, 5,7-dihydroxy-2-(2,3,4-trihydroxyphenyl)-3,4-dihydro-2H-1-benzopyran-4-one, (2E)-3-(2,3,4-trihydroxyphenyl)-1-(2,4,6-trihydroxyphenyl)prop-2-en-1-one, (2E)-1-(2,4,6-trihydroxyphenyl)-3-(3,4,5-trihydroxyphenyl)prop-2-en-1-one, 5,7-dihydroxy-2-(2,4,5-trihydroxyphenyl)-3,4-dihydro-2H-1-benzopyran-4-one, (2E)-3-(2,4,5-trihydroxyphenyl)-1-(2,4,6-trihydroxyphenyl)prop-2-en-1-one, 5,6,7,8-tetrahydroxy-2-(4-hydroxyphenyl)-3,4-dihydro-2H-1-benzopyran-4-one, 3-(4-hydroxyphenyl)-1-(2,3,4,5,6-pentahydroxyphenyl)prop-2-en-1-one, 6,7-dihydroxy-3-(2,4,5-trihydroxyphenyl)-3,4-dihydro-2H-1-benzopyran-4-one, 3,5,6,7-tetrahydroxy-2-(3-hydroxyphenyl)-3,4-dihydro-2H-1-benzopyran-4-one, 2-(3,5-dihydroxyphenyl)-3,5,7-trihydroxy-3,4-dihydro-2H-1-benzopyran-4-one, 3-(3,5-dihydroxyphenyl)-1-(2,4,6-trihydroxyphenyl)propane-1,2-dione, 3,5,6,7-tetrahydroxy-2-(4-hydroxyphenyl)-3,4-dihydro-2H-1-benzopyran-4-one, 3-(4-hydroxyphenyl)-1-(2,3,4,6-tetrahydroxyphenyl)propane-1,2-dione, 2-(3,4-dihydroxyphenyl)-3,5,7-trihydroxy-3,4-dihydro-2H-1-benzopyran-4-one, 3-(3,4-dihydroxyphenyl)-1-(2,4,6-trihydroxyphenyl)propane-1,2-dione, (2E)-3-(3,4-dihydroxyphenyl)-1-(2,3,4,6-tetrahydroxyphenyl)prop-2-en-1-one, 5,7-dihydroxy-2-(3,4,5-trihydroxyphenyl)-3,4-dihydro-2H-1-benzopyran-4-one, 2-(3,4-dihydroxyphenyl)-5,6,7-trihydroxy-3,4-dihydro-2H-1-benzopyran-4-one, 3-(3-hydroxyphenyl)-1-(2,3,4,6-tetrahydroxyphenyl)propane-1,2-dione, 1-(2,4,6-trihydroxyphenyl)-3-(3,4,5-trihydroxyphenyl)prop-2-en-1-one, 3-(3,4-dihydroxyphenyl)-5,6,7-trihydroxy-3,4-dihydro-2H-1-benzopyran-4-one, 5,7-dihydroxy-3-(2,3,4-trihydroxyphenyl)-3,4-dihydro-2H-1-benzopyran-4-one, 5,7-dihydroxy-3-(2,4,5-trihydroxyphenyl)-3,4-dihydro-2H-1-benzopyran-4-one, 3-(3,4-dihydroxyphenyl)-1-(2,3,4,6-tetrahydroxyphenyl)prop-2-en-1-one, 2-(2,4-dihydroxyphenyl)-3,5,7-trihydroxy-3,4-dihydro-2H-1-benzopyran-4-one, 2-(3,5-dihydroxyphenyl)-5,6,7-trihydroxy-3,4-dihydro-2H-1-benzopyran-4-one, 2,4,5,6-tetrahydroxy-2-[(4-hydroxyphenyl)methyl]-2,3-dihydro-1-benzofuran-3-one, 2,4,6-trihydroxy-2-[hydroxy(4-hydroxyphenyl)methyl]-2,3-dihydro-1-benzofuran-3-one, 2-[(3,4-dihydroxyphenyl)methyl]-2,4,6-trihydroxy-2,3-dihydro-1-benzofuran-3-one, 3-(2,4-dihydroxyphenyl)-5,7,8-trihydroxy-3,4-dihydro-2H-1-benzopyran-4-one","HMDB0040631, HMDB0126029, HMDB0126030, HMDB0126035, HMDB0126039, HMDB0126040, HMDB0130177, HMDB0130180, HMDB0125017, HMDB0125220, HMDB0125208, HMDB0125211, HMDB0125366, HMDB0125368, HMDB0125371, HMDB0125372, HMDB0126025, HMDB0126033, HMDB0126023, HMDB0126565, HMDB0128217, HMDB0129344, HMDB0129353, HMDB0129359, HMDB0130332, HMDB0131756, HMDB0131926, HMDB0133541, HMDB0133542, HMDB0133543, HMDB0137814","0","180742.90625","20957744","31","0","false","0.0010092478478327394",""
"Pacific Northwest National Laboratory","20201130_jl_lungmap_agarose_1","2020-12-01_22h59m24s","C5H11AsO8","M+H","","C5H11AsO8+H+","274.974263747","0.0108179515","0.5","0.011051313477428179","0.9840755876256083","0.9947242206235012","Ribose-1-arsenate","HMDB0012285","0","178518.390625","18340520","1","0","false","0.00016312618390657008",""
"Pacific Northwest National Laboratory","20201130_jl_lungmap_agarose_1","2020-12-01_22h59m24s","C54H90O23","M+Na","","C54H90O23+Na+","1129.576509823","0.010822433","0.5","0.013826956100599207","0.7956805393601238","0.9836930455635492","Quadranguloside","HMDB0035905","0","278099.09375","74740656","1","0","false","0.00003746452784980647",""
"Pacific Northwest National Laboratory","20201130_jl_lungmap_agarose_1","2020-12-01_22h59m24s","C4H8O4","M+H","","C4H8O4+H+","121.04953517099999","0.010826401","0.5","0.011329926725537162","0.9683210666611262","0.9868193384223919","(S)-3,4-Dihydroxybutyric acid, 2,4-Dihydroxybutanoic acid, 4-Deoxyerythronic acid, 4-Deoxythreonic acid, A,b-Dihydroxyisobutyric acid, Erythrose, L-Erythrulose","HMDB0000337, HMDB0000360, HMDB0000498, HMDB0002453, HMDB0002601, HMDB0002649, HMDB0006293","0","247644.484375","78465832","7","0","false","0.00004350118979346007",""
"Pacific Northwest National Laboratory","20201130_jl_lungmap_agarose_1","2020-12-01_22h59m24s","C3H7O4P","M+H","","C3H7O4P+H+","139.015472139","0.0108450325","0.5","0.01108253608389119","0.985444720057855","0.9930232558139535","Fosfomycin","HMDB0014966","0","174194.34375","48158728","1","1","false","0.00001350288039247971","C5H8O2+K+"
"Pacific Northwest National Laboratory","20201130_jl_lungmap_agarose_1","2020-12-01_22h59m24s","C3H7N3O4","M+H","","C3H7N3O4+H+","150.05093213899997","0.010855883","0.5","0.011055051458967331","0.9880992183247619","0.9938110749185668","(3-Nitroamino)alanine","HMDB0029398","0","183925.8125","38430924","1","0","false","0.00032875689794309437",""
"Pacific Northwest National Laboratory","20201130_jl_lungmap_agarose_1","2020-12-01_22h59m24s","C9H15NO2","M+H","","C9H15NO2+H+","170.117555155","0.010916839","0.5","0.011284792597688574","0.9741738405870809","0.9930402930402931","Homoarecoline","HMDB0038321","0","193723.28125","34553492","1","0","false","0.000145165337016806",""
"Pacific Northwest National Laboratory","20201130_jl_lungmap_agarose_1","2020-12-01_22h59m24s","C8H12","M+Na","","C8H12+Na+","131.08312106699998","0.010921641","0.5","0.01130635627929641","0.9746417176627129","0.9911062906724512","(Z)-1,3-Octadiene","HMDB0061897","0","171892.34375","56523288","1","0","false","0.00004832942067878321",""
"Pacific Northwest National Laboratory","20201130_jl_lungmap_agarose_1","2020-12-01_22h59m24s","C45H74NO8P","M+H","","C45H74NO8P+H+","788.522481763","0.010930154","0.5","0.012753772140897141","0.8596526539936952","0.9969298245614036","PE(18:2(9Z,12Z)/22:6(4Z,7Z,10Z,13Z,16Z,19Z)), PE(18:3(6Z,9Z,12Z)/22:5(4Z,7Z,10Z,13Z,16Z)), PE(18:3(6Z,9Z,12Z)/22:5(7Z,10Z,13Z,16Z,19Z)), PE(18:3(9Z,12Z,15Z)/22:5(4Z,7Z,10Z,13Z,16Z)), PE(18:3(9Z,12Z,15Z)/22:5(7Z,10Z,13Z,16Z,19Z)), PE(18:4(6Z,9Z,12Z,15Z)/22:4(7Z,10Z,13Z,16Z)), PE(20:3(5Z,8Z,11Z)/20:5(5Z,8Z,11Z,14Z,17Z)), PE(20:3(8Z,11Z,14Z)/20:5(5Z,8Z,11Z,14Z,17Z)), PE(20:4(5Z,8Z,11Z,14Z)/20:4(5Z,8Z,11Z,14Z)), PE(20:4(5Z,8Z,11Z,14Z)/20:4(8Z,11Z,14Z,17Z)), PE(20:4(8Z,11Z,14Z,17Z)/20:4(5Z,8Z,11Z,14Z)), PE(20:4(8Z,11Z,14Z,17Z)/20:4(8Z,11Z,14Z,17Z)), PE(20:5(5Z,8Z,11Z,14Z,17Z)/20:3(5Z,8Z,11Z)), PE(20:5(5Z,8Z,11Z,14Z,17Z)/20:3(8Z,11Z,14Z)), PE(22:4(7Z,10Z,13Z,16Z)/18:4(6Z,9Z,12Z,15Z)), PE(22:5(4Z,7Z,10Z,13Z,16Z)/18:3(6Z,9Z,12Z)), PE(22:5(4Z,7Z,10Z,13Z,16Z)/18:3(9Z,12Z,15Z)), PE(22:5(7Z,10Z,13Z,16Z,19Z)/18:3(6Z,9Z,12Z)), PE(22:5(7Z,10Z,13Z,16Z,19Z)/18:3(9Z,12Z,15Z)), PE(22:6(4Z,7Z,10Z,13Z,16Z,19Z)/18:2(9Z,12Z)), PE-NMe2(18:3(6Z,9Z,12Z)/20:5(5Z,8Z,11Z,14Z,17Z)), PE-NMe2(18:3(9Z,12Z,15Z)/20:5(5Z,8Z,11Z,14Z,17Z)), PE-NMe2(18:4(6Z,9Z,12Z,15Z)/20:4(5Z,8Z,11Z,14Z)), PE-NMe2(18:4(6Z,9Z,12Z,15Z)/20:4(8Z,11Z,14Z,17Z)), PE-NMe2(20:4(5Z,8Z,11Z,14Z)/18:4(6Z,9Z,12Z,15Z)), PE-NMe2(20:4(8Z,11Z,14Z,17Z)/18:4(6Z,9Z,12Z,15Z)), PE-NMe2(20:5(5Z,8Z,11Z,14Z,17Z)/18:3(6Z,9Z,12Z)), PE-NMe2(20:5(5Z,8Z,11Z,14Z,17Z)/18:3(9Z,12Z,15Z))","HMDB0009111, HMDB0009142, HMDB0009143, HMDB0009175, HMDB0009176, HMDB0009207, HMDB0009335, HMDB0009368, HMDB0009399, HMDB0009400, HMDB0009432, HMDB0009433, HMDB0009463, HMDB0009464, HMDB0009591, HMDB0009622, HMDB0009623, HMDB0009655, HMDB0009656, HMDB0009687, HMDB0114113, HMDB0114142, HMDB0114169, HMDB0114170, HMDB0114335, HMDB0114363, HMDB0114390, HMDB0114391","0","1154246.125","81240312","28","1","false","0.0007785079651512206","C43H76NO8P+Na+"
"Pacific Northwest National Laboratory","20201130_jl_lungmap_agarose_1","2020-12-01_22h59m24s","C11H15NO10","M+H","","C11H15NO10+H+","322.076872115","0.010933801","0.5","0.011353105085307647","0.9684885497467528","0.9944020356234097","Beta-Citryl-L-glutamic acid","HMDB0013220","0","174923.078125","17618960","1","1","false","0.0002132711379090324","C17H14O5+Na+"
"Pacific Northwest National Laboratory","20201130_jl_lungmap_agarose_1","2020-12-01_22h59m24s","C37H72NO10P","M+Na","","C37H72NO10P+Na+","744.4786051869999","0.010961264","0.5","0.012599322002393734","0.8974298674603018","0.9694222222222222","PS(15:0/16:0), PS(16:0/15:0)","HMDB0112281, HMDB0112342","0","1506673.875","299335328","2","2","false","0.0000657891869195737","C43H69O8P+H+, C41H71O8P+Na+"
"Pacific Northwest National Laboratory","20201130_jl_lungmap_agarose_1","2020-12-01_22h59m24s","C21H36O4","M+H","","C21H36O4+H+","353.26863606700005","0.010961766","0.5","0.012007533707516883","0.9341155747536849","0.9772959556139582","MG(0:0/18:3(6Z,9Z,12Z)/0:0), MG(0:0/18:3(9Z,12Z,15Z)/0:0), MG(18:3(6Z,9Z,12Z)/0:0/0:0), MG(18:3(9Z,12Z,15Z)/0:0/0:0)","HMDB0011539, HMDB0011540, HMDB0011569, HMDB0011570","0","886913.375","483176960","4","0","false","0.000005753136520070257",""
"Pacific Northwest National Laboratory","20201130_jl_lungmap_agarose_1","2020-12-01_22h59m24s","C9H17NS","M+H","","C9H17NS+H+","172.11544714899998","0.010963539","0.5","0.011280190896930926","0.9745624344599764","0.9972972972972973","2,5-Dihydro-4,5-dimethyl-2-(2-methylpropyl)thiazole, 2,5-Dihydro-4,5-dimethyl-2-(1-methylpropyl)thiazole, 8-(Methylthio)octanenitrile","HMDB0037159, HMDB0037514, HMDB0038438","0","176934.046875","32990512","3","1","false","0.0000587347531109117","C8H17NOSi+H+"
"Pacific Northwest National Laboratory","20201130_jl_lungmap_agarose_1","2020-12-01_22h59m24s","C15H12O","M+H","","C15H12O+H+","209.096091439","0.010983742","0.5","0.011526613754658601","0.9557990736475828","0.996969696969697","Chalcone, 1-Methoxyphenanthrene, 1,3-diphenylprop-2-en-1-one","HMDB0003066, HMDB0060323, HMDB0135598","0","185976.0625","26751594","3","0","false","0.00024236452009063214",""
"Pacific Northwest National Laboratory","20201130_jl_lungmap_agarose_1","2020-12-01_22h59m24s","C9H9NO","M+Na","","C9H9NO+Na+","170.05763459099998","0.010997308","0.5","0.011329983011819818","0.9749870928695921","0.995539033457249","4-(2-Furanylmethylene)-3,4-dihydro-2H-pyrrole, Indole-3-carbinol, 1-(2-Furanylmethyl)-1H-pyrrole, 3-(2-Furanylmethyl)-1H-pyrrole","HMDB0040009, HMDB0005785, HMDB0030204, HMDB0040011","0","196374.734375","33955584","4","1","false","0.00001844479083956685","C4H12NO4P+H+"
"Pacific Northwest National Laboratory","20201130_jl_lungmap_agarose_1","2020-12-01_22h59m24s","C15H20","M+Na","","C15H20+Na+","223.14572132299998","0.010998035","0.5","0.011537293973974723","0.9561569059617365","0.996969696969697","(S)-gamma-Calacorene, 3,4-Dihydrocadalene, alpha-Corocalene, Isolongifolene,4,5,9,10-dehydro-, beta-Calacorene","HMDB0036451, HMDB0036453, HMDB0038204, HMDB0059829, HMDB0059858","0","172182.421875","27779894","5","0","false","0.00011359483323758468",""
"Pacific Northwest National Laboratory","20201130_jl_lungmap_agarose_1","2020-12-01_22h59m24s","C21H22N4O6S","M+Na","","C21H22N4O6S+Na+","481.11522627700003","0.011079037","0.5","0.012048713545541217","0.9262743653552036","0.9927083333333333","Raltitrexed","HMDB0014438","0","196278.015625","14298484","1","0","false","0.0014708624221384525",""
"Pacific Northwest National Laboratory","20201130_jl_lungmap_agarose_1","2020-12-01_22h59m24s","C16H20ClN3","M+H","","C16H20ClN3+H+","290.141851775","0.011079156","0.5","0.012789629825804387","0.8709056766399335","0.9946666666666667","Chloropyramine","HMDB0015690","0","190153","16505596","1","0","false","0.0004261916037648916",""
"Pacific Northwest National Laboratory","20201130_jl_lungmap_agarose_1","2020-12-01_22h59m24s","C9H11ClO3","M+H","","C9H11ClO3+H+","203.04694834699998","0.011087335","0.5","0.012289857777277632","0.9049562038025053","0.9969026548672566","Chlorphenesin, 4-Chloro-3,5-dimethoxybenzyl alcohol","HMDB0014994, HMDB0040933","0","173385.109375","28895760","2","2","false","0.00044896904728375375","C13H8O+Na+, C10H12O2+K+"
"Pacific Northwest National Laboratory","20201130_jl_lungmap_agarose_1","2020-12-01_22h59m24s","C9H4Cl3IO","M+Na","","C9H4Cl3IO+Na+","382.82646353100006","0.0110929","0.5","0.016161836276955534","0.6925793021241354","0.9910256410256411","Haloprogin","HMDB0014931","0","199973.546875","11194018","1","0","false","0.0004797102010343224",""
"Pacific Northwest National Laboratory","20201130_jl_lungmap_agarose_1","2020-12-01_22h59m24s","C58H109NO18","M+Na","","C58H109NO18+Na+","1130.753686331","0.011094197","0.5","0.014612995811443232","0.7830818973664092","0.9695035460992908","Trihexosylceramide (d18:1/22:0)","HMDB0004882","0","250757.296875","8054440","1","0","false","0.00044212277862243354",""
"Pacific Northwest National Laboratory","20201130_jl_lungmap_agarose_1","2020-12-01_22h59m24s","C12H16O3","M+Na","","C12H16O3+Na+","231.09916505499996","0.011097105","0.5","0.011564459669777073","0.9637853236176006","0.9956439393939394","2-Phenoxyethyl isobutyrate, Isoamyl salicylate, Isoelemicin, gamma-Asarone, Jasmine ketolactone, (Z)-3-Oxo-2-(2-pentenyl)-1-cyclopenteneacetic acid, 5-Deoxydiplosporin, trans-Isoasarone, Elemicin, 4-Methoxybenzyl butanoate, 3,4-Dihydro-6-methoxy-3,7-dimethyl-1H-2-benzopyran-8-ol, Amyl salicylate, 3,4-Dihydro-6-methoxy-2,2-dimethyl-2H-1-benzopyran-4-ol, 5-methoxy-2-(3-methylbut-2-en-1-yl)benzene-1,3-diol, 4-methoxy-2-(3-methylbut-2-en-1-yl)benzene-1,3-diol, 4-hydroxy-1-(4-methoxyphenyl)pentan-3-one, 1-hydroxy-5-(4-methoxyphenyl)pentan-3-one, 2-hydroxy-1-(4-methoxyphenyl)pentan-3-one, 1-hydroxy-1-(4-methoxyphenyl)pentan-3-one, 4-methoxy-6-(3-methylbut-2-en-1-yl)benzene-1,3-diol","HMDB0040218, HMDB0040225, HMDB0029867, HMDB0029872, HMDB0030150, HMDB0030197, HMDB0030681, HMDB0031469, HMDB0033778, HMDB0034991, HMDB0035224, HMDB0038604, HMDB0041411, HMDB0124910, HMDB0126246, HMDB0132980, HMDB0132982, HMDB0132984, HMDB0132985, HMDB0133263","0","161909.921875","22253228","20","0","false","0.00036496840766631067",""
"Pacific Northwest National Laboratory","20201130_jl_lungmap_agarose_1","2020-12-01_22h59m24s","C9H12N2O3","M+Na","","C9H12N2O3+Na+","219.07401292699996","0.011097224","0.5","0.011529967079313811","0.9724183252752538","0.9897674418604652","2-(Ethylamino)-4,5-dihydroxybenzamide, 5-Nitro-2-propoxyaniline","HMDB0032852, HMDB0037688","0","169755.90625","27365636","2","0","false","0.000050346789066679776",""
"Pacific Northwest National Laboratory","20201130_jl_lungmap_agarose_1","2020-12-01_22h59m24s","C7H12O4","M+H","","C7H12O4+H+","161.08083529899997","0.011118154","0.5","0.011387481399809498","0.9787870717297646","0.997508896797153","3-Methyladipic acid, Pimelic acid, 3,3-Dimethylglutaric acid, 2-Methyladipic acid, Diethyl malonate, Propyleneglycol diacetate, Ethyl methyl_succinate, Mono-methyl-adipate, 2-Ethylglutaric acid, 2,2-Dimethylglutaric acid","HMDB0000555, HMDB0000857, HMDB0002441, HMDB0029167, HMDB0029573, HMDB0041605, HMDB0059893, HMDB0059722, HMDB0059738, HMDB0061676","0","168070.328125","35504860","10","1","false","0.00020251063688192517","C8H12NO+Na+"
"Pacific Northwest National Laboratory","20201130_jl_lungmap_agarose_1","2020-12-01_22h59m24s","C8H6N2S3","M+H","","C8H6N2S3+H+","226.976588137","0.011208441","0.5","0.01178812340408446","0.9534734546999415","0.9972222222222222","Oltipraz","HMDB0041967","0","180541.671875","30733498","1","0","false","0.0000728066879673861",""
"Pacific Northwest National Laboratory","20201130_jl_lungmap_agarose_1","2020-12-01_22h59m24s","C12H11N3","M+Na","","C12H11N3+Na+","220.08451803499997","0.011211995","0.5","0.01163691998576566","0.9703180185263288","0.9929577464788732","3-Amino-1-methyl-5H-pyrido[4,3-b]indole","HMDB0033188","0","170112.65625","27300586","1","0","false","0.00008246168727055192",""
"Pacific Northwest National Laboratory","20201130_jl_lungmap_agarose_1","2020-12-01_22h59m24s","C9H14S","M+Na","","C9H14S+Na+","177.07084230099997","0.0112307565","0.5","0.011554808858391495","0.9747871569572716","0.9970948012232416","2-Pentylthiophene","HMDB0040240","0","195303.890625","27199822","1","0","false","0.0005150945507921278",""
"Pacific Northwest National Laboratory","20201130_jl_lungmap_agarose_1","2020-12-01_22h59m24s","C16H30O4","M+H","","C16H30O4+H+","287.22168587500005","0.011278601","0.5","0.011860289018663902","0.9555601159809611","0.9951807228915662","16-Hydroxy-10-oxohexadecanoic acid, Hexadecanedioic acid, 2,2,4-Trimethyl-1,3-pentadienol diisobutyrate","HMDB0041287, HMDB0000672, HMDB0059777","0","167144.359375","21756100","3","0","false","0.0002018673112615943",""
"Pacific Northwest National Laboratory","20201130_jl_lungmap_agarose_1","2020-12-01_22h59m24s","C19H14O10","M+H","","C19H14O10+H+","403.065973083","0.0112852715","0.5","0.012229786456518073","0.9367582301824903","0.9850666666666666","Shoyuflavone B","HMDB0034589","0","421850.1875","560965184","1","1","false","0.00021391712652985007","C17H20N2O5S+K+"
"Pacific Northwest National Laboratory","20201130_jl_lungmap_agarose_1","2020-12-01_22h59m24s","C3H7O4P","M+Na","","C3H7O4P+Na+","160.997416387","0.01129788","0.5","0.011469520279256762","0.9898444549193893","0.9951412429378531","Fosfomycin","HMDB0014966","0","172486.75","37105472","1","0","false","0.00010636627121130005",""
"Pacific Northwest National Laboratory","20201130_jl_lungmap_agarose_1","2020-12-01_22h59m24s","C5H12N4O3","M+H","","C5H12N4O3+H+","177.098216679","0.011300547","0.5","0.011440012433013388","0.990482373050606","0.9973009446693657","Canavanine","HMDB0002706","0","184142.6875","31423886","1","0","false","0.00009024699829751626",""
"Pacific Northwest National Laboratory","20201130_jl_lungmap_agarose_1","2020-12-01_22h59m24s","C9H8O5S","M+H","","C9H8O5S+H+","229.016520961","0.011318023","0.5","0.011670937091307489","0.973283649302851","0.9963809523809524","{4-[(1E)-3-oxoprop-1-en-1-yl]phenyl}oxidanesulfonic acid, {3-[(1E)-3-oxoprop-1-en-1-yl]phenyl}oxidanesulfonic acid, [4-(3-oxoprop-1-en-1-yl)phenyl]oxidanesulfonic acid","HMDB0135289, HMDB0135292, HMDB0135666","0","183431.609375","22536430","3","0","false","0.00034358209813944995",""
"Pacific Northwest National Laboratory","20201130_jl_lungmap_agarose_1","2020-12-01_22h59m24s","C10H19N3O5","M+H","","C10H19N3O5+H+","262.139747143","0.011363435","0.5","0.011803144207946406","0.9715587340687457","0.9909297052154195","Aspartyl-Lysine, Lysyl-Aspartate, Gamma glutamyl ornithine, N6-beta-Aspartyllysine, Aspartyllysine","HMDB0028758, HMDB0028947, HMDB0002248, HMDB0004985, HMDB0004987","0","185739.75","19084312","5","0","false","0.00022079783957451582",""
"Pacific Northwest National Laboratory","20201130_jl_lungmap_agarose_1","2020-12-01_22h59m24s","C12H18N2O9","M+Na","","C12H18N2O9+Na+","357.090450839","0.011384784","0.5","0.011904726201249253","0.9651721410387178","0.9908333333333333","(S)-a-Amino-2,5-dihydro-5-oxo-4-isoxazolepropanoic acid N2-glucoside","HMDB0029404","0","378614.71875","174729216","1","0","false","0.00001872272878244985",""
"Pacific Northwest National Laboratory","20201130_jl_lungmap_agarose_1","2020-12-01_22h59m24s","C4H10S2","M+H","","C4H10S2+H+","123.029669095","0.011389307","0.5","0.011717681418925967","0.9831536840463843","0.9886309523809523","2,3-Butanedithiol, 1,2-Bis(methylthio)ethane, Diethyl disulfide, Methyl propyl disulfide, (±)-1,3-Butanedithiol, 1,2-Butanedithiol","HMDB0031157, HMDB0031708, HMDB0029572, HMDB0031872, HMDB0033552, HMDB0041492","0","172833.921875","67702680","6","0","false","0.00010308579658158123",""
"Pacific Northwest National Laboratory","20201130_jl_lungmap_agarose_1","2020-12-01_22h59m24s","C25H24O6","M+Na","","C25H24O6+Na+","443.146509171","0.011429034","0.5","0.012589498033639566","0.9191101484778984","0.987719298245614","Kuwanon A, Kuwanon B, Cyclomulberrin, Morusin, Cyclocommunin, 5-hydroxy-6-(4-hydroxy-3-methylbutanoyl)-8,8-dimethyl-4-phenyl-2H,8H-pyrano[2,3-f]chromen-2-one","HMDB0029505, HMDB0029506, HMDB0030688, HMDB0036631, HMDB0040480, HMDB0131611","0","187573.765625","8310562","6","0","false","0.0022705444134771824",""
"Pacific Northwest National Laboratory","20201130_jl_lungmap_agarose_1","2020-12-01_22h59m24s","C20H28","M+H","","C20H28+H+","269.22637733100004","0.011457187","0.5","0.012194846409625553","0.9464060898584521","0.9927140255009107","anhydroretinol","HMDB0062447","0","183865.21875","24112344","1","0","false","0.0009190167766064405",""
"Pacific Northwest National Laboratory","20201130_jl_lungmap_agarose_1","2020-12-01_22h59m24s","C14H12O4S","M+Na","","C14H12O4S+Na+","299.03485071700004","0.011466328","0.5","0.02315804548808062","0.4985598694550565","0.9931277977428914","Suprofen S-oxide, Thiophene-4,5-epoxide","HMDB0060924, HMDB0060925","0","352352.4375","921795072","2","0","false","0.000007668014404771384",""
"Pacific Northwest National Laboratory","20201130_jl_lungmap_agarose_1","2020-12-01_22h59m24s","C12H17NO","M+H","","C12H17NO+H+","192.138290599","0.011505946","0.5","0.011972501020772082","0.9635320767293126","0.9974043715846994","N-Acetyl-2,6-diethylaniline, N,N-Diethylbenzeneacetamide, Phendimetrazine","HMDB0032854, HMDB0032635, HMDB0015519","0","205466.65625","31054578","3","0","false","0.0000465442099084612",""
"Pacific Northwest National Laboratory","20201130_jl_lungmap_agarose_1","2020-12-01_22h59m24s","C3H8N2O","M+Na","","C3H8N2O+Na+","111.052883559","0.011525493","0.5","0.012344768000487553","0.9482704983777455","0.9845648604269294","Dimethylurea","HMDB0029198","0","277963.96875","94969080","1","0","false","0.00009916559065459296",""
"Pacific Northwest National Laboratory","20201130_jl_lungmap_agarose_1","2020-12-01_22h59m24s","C8H7NO2","M+Na","","C8H7NO2+Na+","172.03689914699999","0.011525642","0.5","0.011937219641288249","0.9725246081948316","0.9927990708478514","5,6-Dihydroxyindole, NAPQI, (S)-4-Hydroxymandelonitrile","HMDB0004058, HMDB0060946, HMDB0060318","0","168215.640625","36261252","3","1","false","0.00027096515987068415","C5H11NO3+K+"
"Pacific Northwest National Laboratory","20201130_jl_lungmap_agarose_1","2020-12-01_22h59m24s","C5H3N5O2","M+H","","C5H3N5O2+H+","166.03595077100002","0.011532776","0.5","0.011742819552286125","0.9847926990820788","0.9972789115646259","8-Oxoguanine","HMDB0041820","0","176138.40625","30943010","1","0","false","0.00007055175228742883",""
"Pacific Northwest National Laboratory","20201130_jl_lungmap_agarose_1","2020-12-01_22h59m24s","C10H12O8S","M+Na","","C10H12O8S+Na+","315.01450919700005","0.011601468","0.5","0.012129481718005037","0.959300448412535","0.9970479576188485","[2-hydroxy-5-(2-hydroxy-3-methoxy-3-oxopropyl)phenyl]oxidanesulfonic acid, {[3-(3,4-dihydroxyphenyl)-1-methoxy-1-oxopropan-2-yl]oxy}sulfonic acid, 2-hydroxy-3-[3-methoxy-4-(sulfooxy)phenyl]propanoic acid, 3-(4-hydroxy-3-methoxyphenyl)-2-(sulfooxy)propanoic acid, 2-hydroxy-3-[4-methoxy-3-(sulfooxy)phenyl]propanoic acid, 3-(3-hydroxy-4-methoxyphenyl)-2-(sulfooxy)propanoic acid, 3-[3-hydroxy-5-methoxy-4-(sulfooxy)phenyl]propanoic acid, 2-[2-hydroxy-4-methoxy-3-(sulfooxy)phenyl]propanoic acid","HMDB0124954, HMDB0124955, HMDB0127788, HMDB0127789, HMDB0127843, HMDB0127844, HMDB0128005, HMDB0133893","0","838016.6875","2858629120","8","0","false","0.000017007045244099572",""
"Pacific Northwest National Laboratory","20201130_jl_lungmap_agarose_1","2020-12-01_22h59m24s","C9H14N2O3","M+Na","","C9H14N2O3+Na+","221.08966299099995","0.011609862","0.5","0.011980628226058491","0.9721838712401121","0.9967793880837359","Metharbital","HMDB0014606","0","180370","26513012","1","0","false","0.00016355230764020234",""
"Pacific Northwest National Laboratory","20201130_jl_lungmap_agarose_1","2020-12-01_22h59m24s","C13H21N5O2","M+H","","C13H21N5O2+H+","280.17680134700004","0.011627677","0.5","0.01217440416518104","0.964151210560006","0.9906040268456375","Etamiphylline","HMDB0041889","0","176261.5625","19604222","1","0","false","0.0004884612862952054",""
"Pacific Northwest National Laboratory","20201130_jl_lungmap_agarose_1","2020-12-01_22h59m24s","C45H79N3O15P2","M+H","","C45H79N3O15P2+H+","964.505919263","0.011645358","0.5","0.014260089728043697","0.8327686187068507","0.9806324110671937","CDP-DG(18:2(9Z,11Z)/a-15:0), CDP-DG(18:2(9Z,11Z)/i-15:0), CDP-DG(a-15:0/18:2(9Z,11Z)), CDP-DG(i-15:0/18:2(9Z,11Z))","HMDB0116048, HMDB0116055, HMDB0116080, HMDB0116205","0","352538.90625","54224792","4","0","false","0.0001635691587580368",""
"Pacific Northwest National Laboratory","20201130_jl_lungmap_agarose_1","2020-12-01_22h59m24s","C15H21NO3","M+Na","","C15H21NO3+Na+","286.141364215","0.011646602","0.5","0.01225754964034131","0.9584921945247676","0.991304347826087","N-(Heptan-4-yl)benzo[d][1,3]dioxole-5-carboxamide","HMDB0032305","0","174580.53125","21215732","1","1","false","0.0001188437090604566","C12H19N3O5+H+"
"Pacific Northwest National Laboratory","20201130_jl_lungmap_agarose_1","2020-12-01_22h59m24s","C15H13N5","M+H","","C15H13N5+H+","264.12437185100003","0.011662785","0.5","0.01219924765769022","0.9608395855873609","0.9949891067538126","desethylzaleplon","HMDB0061055","0","164652.890625","20075412","1","1","false","0.0000945032516028732","C11H20O7+H+"
"Pacific Northwest National Laboratory","20201130_jl_lungmap_agarose_1","2020-12-01_22h59m24s","C9H14NO","M+Na","","C9H14NO+Na+","175.09675975099998","0.011664893","0.5","0.012011965792048105","0.9735140020982764","0.9975265017667845","N-methylphenylethanolaminium","HMDB0062808","0","173603.328125","35882248","1","0","false","0.0001491732255090028",""
"Pacific Northwest National Laboratory","20201130_jl_lungmap_agarose_1","2020-12-01_22h59m24s","C14H12O8S","M+Na","","C14H12O8S+Na+","363.01450919700005","0.011674863","0.5","0.012728427540731287","0.9353572441312535","0.9806172839506173","{[4-(7-methoxy-2-oxo-2H-chromen-6-yl)-2-oxobut-3-en-1-yl]oxy}sulfonic acid","HMDB0128972","0","321281.625","39729204","1","0","false","0.00005616959242615849",""
"Pacific Northwest National Laboratory","20201130_jl_lungmap_agarose_1","2020-12-01_22h59m24s","C21H41NO5","M+H","","C21H41NO5+H+","388.305749847","0.011684357","0.5","0.012811408128312333","0.9353829432660554","0.9750312109862672","2-Hydroxymyristoylcarnitine, 3-hydroxytetradecanoyl carnitine","HMDB0013166, HMDB0061640","0","220534.015625","80331160","2","0","false","0.000057821122027235106",""
"Pacific Northwest National Laboratory","20201130_jl_lungmap_agarose_1","2020-12-01_22h59m24s","C7H18N2","M+H","","C7H18N2+H+","131.15427501099998","0.011695206","0.5","0.012136025512845858","0.9734181516939645","0.9899926416482708","N(1)-isopropyl-2-methylpropan-1,2-diamine","HMDB0062730","0","178788.609375","55488556","1","0","false","0.000020235920601407997",""
"Pacific Northwest National Laboratory","20201130_jl_lungmap_agarose_1","2020-12-01_22h59m24s","C10H14N2","M+Na","","C10H14N2+Na+","185.10491913099997","0.011738623","0.5","0.012084070087882464","0.9741648318461775","0.9971751412429378","L(-)-Nicotine, Anabasine, Nicotine, Trimethyl-2-propenylpyrazine","HMDB0001934, HMDB0004350, HMDB0014330, HMDB0039982","0","177313.171875","30280518","4","0","false","0.00006762023258488625",""
"Pacific Northwest National Laboratory","20201130_jl_lungmap_agarose_1","2020-12-01_22h59m24s","C6H6N2O2","M+H","","C6H6N2O2+H+","139.050203867","0.011741938","0.5","0.012042176993416595","0.9785626058011817","0.9964285714285714","5-Oxo-2(5H)-isoxazolepropanenitrile, Urocanic acid, Nicotinamide N-oxide, (E)-Urocanic acid, 2-Aminonicotinic acid","HMDB0031338, HMDB0000301, HMDB0002730, HMDB0034174, HMDB0061680","0","177221.8125","45240528","5","0","false","0.00001999892992898822",""
"Pacific Northwest National Laboratory","20201130_jl_lungmap_agarose_1","2020-12-01_22h59m24s","C3H6S4","M+Na","","C3H6S4+Na+","192.92445555499998","0.01176831","0.5","0.012336489023549908","0.9566687760065644","0.9971509971509972","1,2,4,6-Tetrathiepane","HMDB0031719","0","173759.984375","29865272","1","0","false","0.0002561323926784098",""
"Pacific Northwest National Laboratory","20201130_jl_lungmap_agarose_1","2020-12-01_22h59m24s","C13H20O2","M+H","","C13H20O2+H+","209.153606315","0.011786365","0.5","0.012287511521506287","0.9618622655728878","0.9972477064220183","2,3,5,6,8,8a-Hexahydro-2,5,5,8a-tetramethyl-7H-1-benzopyran-7-one, (S,E)-Lyratol propanoate, Eremopetasinorol, (5alpha,8beta,9beta)-5,9-Epoxy-3,6-megastigmadien-8-ol, (5R,6S)-5,6-Epoxy-7-megastigmen-9-one, Theaspirone A, 2,2,6,7-Tetramethylbicyclo[4.3.0]nona-1(9),4-diene-7,8-diol, 3-Hydroxy-beta-ionone, Acetal R, 5,9:6,9-Diepoxy-3-megastigmene, Carvyl propionate, 5,9:6,9-Diepoxy-4-megastigmene, (3R,8E)-3-Hydroxy-5,8-megastigmadien-7-one, 1-(4-methoxyphenyl)-4-methylpentan-3-ol","HMDB0040233, HMDB0031869, HMDB0029668, HMDB0034672, HMDB0034984, HMDB0035228, HMDB0036686, HMDB0036821, HMDB0036824, HMDB0037776, HMDB0038047, HMDB0038529, HMDB0041636, HMDB0132947","0","193205.9375","28257596","14","0","false","0.00005522935316548683",""
"Pacific Northwest National Laboratory","20201130_jl_lungmap_agarose_1","2020-12-01_22h59m24s","C10H19O3","M+Na","","C10H19O3+Na+","210.12264015099998","0.011794421","0.5","0.012187385897379784","0.9738029332393499","0.9937908496732026","2-Hydroxydecanoate","HMDB0094656","0","190653.75","26163438","1","0","false","0.00009157456224784255",""
"Pacific Northwest National Laboratory","20201130_jl_lungmap_agarose_1","2020-12-01_22h59m24s","C5H10N2O4","M+Na","","C5H10N2O4+Na+","185.053277483","0.011808238","0.5","0.012015899267885577","0.9879816036884473","0.9946721311475409","Serylglycine, Glycyl-Serine, L-4-Hydroxyglutamine","HMDB0029039, HMDB0028850, HMDB0029424","0","181462.0625","30884540","3","0","false","0.00009947500075213611",""
"Pacific Northwest National Laboratory","20201130_jl_lungmap_agarose_1","2020-12-01_22h59m24s","C30H34O14","M+Na","","C30H34O14+Na+","641.184076451","0.011819796","0.5","0.013693663582209805","0.8916739059990876","0.968019846639603","3,4,5-trihydroxy-6-{2-[(3-methylbut-2-enoyl)oxy]-2-{9-[(3-methylbut-2-enoyl)oxy]-2-oxo-2H,8H,9H-furo[2,3-h]chromen-8-yl}propoxy}oxane-2-carboxylic acid","HMDB0128923","0","410356.6875","161094704","1","0","false","0.0000029771738354611443",""
"Pacific Northwest National Laboratory","20201130_jl_lungmap_agarose_1","2020-12-01_22h59m24s","C12H5F6NO2","M+Na","","C12H5F6NO2+Na+","332.01166804300004","0.011823147","0.5","0.012293033743082778","0.9664417233513208","0.9951724137931034","2,8-bis-Trifluoromethyl-4-quinoline carboxylic acid","HMDB0060726","0","177284.078125","19368092","1","1","false","0.0004597148217726499","C11H12BrN5O+Na+"
"Pacific Northwest National Laboratory","20201130_jl_lungmap_agarose_1","2020-12-01_22h59m24s","C7H16N4O2","M+Na","","C7H16N4O2+Na+","211.11654643499998","0.011854755","0.5","0.012042407911749611","0.9868780419875837","0.99750656167979","Homo-L-arginine, L-Targinine","HMDB0000670, HMDB0029416","0","187631.453125","32109510","2","0","false","0.00005561171565204859",""
"Pacific Northwest National Laboratory","20201130_jl_lungmap_agarose_1","2020-12-01_22h59m24s","C23H41NO4","M+H","","C23H41NO4+H+","396.31083522700004","0.011862868","0.5","0.012842182622527263","0.9306748150970583","0.9925512104283054","9,12-Hexadecadienoylcarnitine","HMDB0013334","0","208788.515625","26219358","1","0","false","0.0005778992199338973",""
"Pacific Northwest National Laboratory","20201130_jl_lungmap_agarose_1","2020-12-01_22h59m24s","C5H7NO5","M+H","","C5H7NO5+H+","162.039698759","0.0119522195","0.5","0.01212122194777633","0.9883856602024307","0.9976442873969376","4-Hydroxy-L-glutamic acid, A-Ketoglutaric acid oxime, N-Formyl-L-aspartate","HMDB0002273, HMDB0002467, HMDB0060495","0","185721.4375","35974812","3","1","false","0.0000611897703493014","C6H11NS2+H+"
"Pacific Northwest National Laboratory","20201130_jl_lungmap_agarose_1","2020-12-01_22h59m24s","C8H16O2S","M+H","","C8H16O2S+H+","177.09437735699998","0.011964849","0.5","0.012219118065555916","0.981865233709501","0.9972762645914397","Methionyl butyrate, Methylthiomethyl hexanoate, (S)-3-Mercaptohexyl acetate","HMDB0032378, HMDB0038300, HMDB0038920","0","177334.09375","32454390","3","0","false","0.00008866599091561511",""
"Pacific Northwest National Laboratory","20201130_jl_lungmap_agarose_1","2020-12-01_22h59m24s","C12H17N5O5","M+H","","C12H17N5O5+H+","312.130245079","0.011983983","0.5","0.01276396263068899","0.9659588672799091","0.971979313587212","1,7-Dimethylguanosine, N2,N2-Dimethylguanosine","HMDB0001961, HMDB0004824","0","233767.625","101628416","2","2","false","0.00000776274646341335","C19H18O4+H+, C15H19N3O3+Na+"
"Pacific Northwest National Laboratory","20201130_jl_lungmap_agarose_1","2020-12-01_22h59m24s","C2H6OS2","M+Na","","C2H6OS2+Na+","132.975227835","0.011997097","0.5","0.01227115214553854","0.9845339052929366","0.9930249632892805","S-Methyl methanesulfinothioate","HMDB0032739","0","191690.828125","56221692","1","0","false","0.0000786918681114912",""
"Pacific Northwest National Laboratory","20201130_jl_lungmap_agarose_1","2020-12-01_22h59m24s","C15H20O6","M+Na","","C15H20O6+Na+","319.115209043","0.01202225","0.5","0.012600660573318392","0.960231650026067","0.9936111111111111","Deoxynivalenol, Marasmal, Cyclocalopin A, Cyclocalopin C1, Cyclocalopin E, Chavicol O-beta-glucopyranoside","HMDB0036156, HMDB0036867, HMDB0039810, HMDB0039812, HMDB0039814, HMDB0041617","0","169906.390625","15972383","6","0","false","0.00026966494624502957",""
"Pacific Northwest National Laboratory","20201130_jl_lungmap_agarose_1","2020-12-01_22h59m24s","C8H14O7","M+H","","C8H14O7+H+","223.08122922299998","0.012037063","0.5","0.012343735161635373","0.9780028432470956","0.9970887918486172","Ethyl glucuronide, 6-ethoxy-3,4,5-trihydroxyoxane-2-carboxylic acid, (3,4,5,6-tetrahydroxyoxan-2-yl)methyl acetate","HMDB0010325, HMDB0131286, HMDB0125202","0","188560.265625","29428018","3","0","false","0.00010012509301304817",""
"Pacific Northwest National Laboratory","20201130_jl_lungmap_agarose_1","2020-12-01_22h59m24s","C8H15NO","M+H","","C8H15NO+H+","142.122640535","0.012040593","0.5","0.012443897522829797","0.9758057273854965","0.9915807560137457","(R)-Pelletierine, (±)-Pelletierine, Physoperuvine, Conhydrinone, 1-(1-Pyrrolidinyl)-2-butanone, 3-(1-Pyrrolidinyl)-2-butanone","HMDB0030324, HMDB0030325, HMDB0030338, HMDB0033364, HMDB0039839, HMDB0039840","0","185072.890625","48457256","6","0","false","0.000018489117792341858",""
"Pacific Northwest National Laboratory","20201130_jl_lungmap_agarose_1","2020-12-01_22h59m24s","C4H6N2O3S","M+H","","C4H6N2O3S+H+","163.017189657","0.012057219","0.5","0.012259860904618758","0.9932017923710734","0.9902027027027027","N-Nitrosothiazolidine-4-carboxylic acid","HMDB0040192","0","169199.84375","37437116","1","0","false","0.00009958710143109784",""
"Pacific Northwest National Laboratory","20201130_jl_lungmap_agarose_1","2020-12-01_22h59m24s","C8H7NO","M+H","","C8H7NO+H+","134.060040279","0.012069291","0.5","0.012404742731332826","0.9810576271606158","0.9917438271604938","2-Methyl-4,5-benzoxazole, Indoxyl, 4-Hydroxybenzeneacetonitrile, (±)-2-Hydroxy-2-phenylacetonitrile, Mandelonitrile, 1,3-Dihydro-(2H)-indol-2-one, 5-Hydroxyindole","HMDB0032390, HMDB0004094, HMDB0029757, HMDB0034666, HMDB0060486, HMDB0061918, HMDB0059805","0","166130.46875","53465716","7","0","false","0.000013848751223122235",""
"Pacific Northwest National Laboratory","20201130_jl_lungmap_agarose_1","2020-12-01_22h59m24s","C9H18N2O4S","M+Na","","C9H18N2O4S+Na+","273.08794890900003","0.012074052","0.5","0.012483883991205603","0.9712178651248482","0.9958333333333333","Methionyl-Threonine, Threoninyl-Methionine","HMDB0028983, HMDB0029067","0","191670.546875","23033770","2","1","false","0.00035626706085167825","C9H17NO7+Na+"
"Pacific Northwest National Laboratory","20201130_jl_lungmap_agarose_1","2020-12-01_22h59m24s","C11H13NO6","M+H","","C11H13NO6+H+","256.081563571","0.012099976","0.5","0.012457233381800981","0.9759114382196215","0.9952965235173824","2-{[hydroxy(4-hydroxy-3,5-dimethoxyphenyl)methylidene]amino}acetic acid","HMDB0131458","0","164738.875","21217272","1","0","false","0.0003168816037941724",""
"Pacific Northwest National Laboratory","20201130_jl_lungmap_agarose_1","2020-12-01_22h59m24s","C18H19NO2","M+H","","C18H19NO2+H+","282.148855283","0.012106392","0.5","0.012799549932010339","0.95027971007999","0.9953333333333333","Floribundine, (E)-2-Hydroxy-N-desmethyldoxepin","HMDB0030312, HMDB0060699","0","175330.15625","20013262","2","0","false","0.00004960566366207786",""
"Pacific Northwest National Laboratory","20201130_jl_lungmap_agarose_1","2020-12-01_22h59m24s","C12H10O","M+Na","","C12H10O+Na+","193.06238562299998","0.012110267","0.5","0.012546217215010586","0.9676615267728474","0.9975103734439834","Methyl beta-naphthyl ketone, 2-Biphenylol, Diphenyl ether","HMDB0032412, HMDB0032582, HMDB0034446","0","181553.734375","30455382","3","1","false","0.00026659274590201676","C9H14O2+K+"
"Pacific Northwest National Laboratory","20201130_jl_lungmap_agarose_1","2020-12-01_22h59m24s","C12H9NaO","M+H","","C12H9NaO+H+","193.06238562299998","0.012110267","0.5","0.012546217215010586","0.9676615267728474","0.9975103734439834","Dowicide A","HMDB0040464","0","181553.734375","30455382","1","1","false","0.00026659274590201676","C9H14O2+K+"
"Pacific Northwest National Laboratory","20201130_jl_lungmap_agarose_1","2020-12-01_22h59m24s","C5H14AsO","M+Na","","C5H14AsO+Na+","188.01528075099998","0.012121154","0.5","0.01236867665930497","0.9856576611869693","0.9942477876106195","Arsenocholine","HMDB0032683","0","180217.765625","28999306","1","0","false","0.000363567698514089",""
"Pacific Northwest National Laboratory","20201130_jl_lungmap_agarose_1","2020-12-01_22h59m24s","C4H8NO3","M+K","","C4H8NO3+K+","157.013576009","0.01212145","0.5","0.012414680554465698","0.9813222614576267","0.9949640287769784","Aminoethoxyacetic acid","HMDB0060587","0","174611.875","35203324","1","1","false","0.00007869907858548686","C7H8S2+H+"
"Pacific Northwest National Laboratory","20201130_jl_lungmap_agarose_1","2020-12-01_22h59m24s","C11H12O","M+Na","","C11H12O+Na+","183.07803568699998","0.012130145","0.5","0.012646971884170069","0.9620020655890893","0.9970189701897019","3-Methyl-4-phenyl-3-buten-2-one, 2-Phenyl-4-pentenal, 3-Phenyl-4-pentenal","HMDB0031567, HMDB0035207, HMDB0038790","0","180802.3125","31251806","3","0","false","0.00018286181148141623",""
"Pacific Northwest National Laboratory","20201130_jl_lungmap_agarose_1","2020-12-01_22h59m24s","C13H14N2O3","M+H","","C13H14N2O3+H+","247.107718743","0.012136606","0.5","0.01264960911630112","0.9636265006381022","0.9956607495069033","N-acetyltryptophan, Methylphenobarbital, Nigellicine, cyclic 6-Hydroxymelatonin","HMDB0013713, HMDB0014987, HMDB0030269, HMDB0060810","0","171204.09375","21840782","4","0","false","0.0002962885482702404",""
"Pacific Northwest National Laboratory","20201130_jl_lungmap_agarose_1","2020-12-01_22h59m24s","C7H5NO","M+H","","C7H5NO+H+","120.04439021499999","0.012137557","0.5","0.012658665434904544","0.977155527203671","0.98125","1,2-Diacylglycerol-LD-PI-pool","HMDB0062270","0","177669.9375","78230760","1","0","false","0.000015877853002166376",""
"Pacific Northwest National Laboratory","20201130_jl_lungmap_agarose_1","2020-12-01_22h59m24s","C5H11NO4S","M+K","","C5H11NO4S+K+","220.00403689499998","0.012180844","0.5","0.012519234096145896","0.9767822157746029","0.9960975609756098","Acamprosate","HMDB0014797","0","160667.875","26072110","1","0","false","0.00008353784505743533",""
"Pacific Northwest National Laboratory","20201130_jl_lungmap_agarose_1","2020-12-01_22h59m24s","C4H5NO2","M+Na","","C4H5NO2+Na+","122.021249083","0.01219054","0.5","0.012729149470609408","0.9722519080249793","0.9850193477059148","(R)-Dihydromaleimide","HMDB0030276","0","174774.65625","71793952","1","0","false","0.000006444616246881196",""
"Pacific Northwest National Laboratory","20201130_jl_lungmap_agarose_1","2020-12-01_22h59m24s","C26H45NO8S2","M+H","","C26H45NO8S2+H+","564.265936175","0.012191927","0.5","0.014220601381413756","0.8947537013369657","0.9581883457608396","Taurolithocholic acid 3-sulfate","HMDB0002580","0","312478.25","204632800","1","1","false","0.000008072591299423948","C34H34N4O4+H+"
"Pacific Northwest National Laboratory","20201130_jl_lungmap_agarose_1","2020-12-01_22h59m24s","C2H4O5S","M+H","","C2H4O5S+H+","140.985220833","0.012202041","0.5","0.012385830208079556","0.990454547884189","0.9946557971014492","(2-oxoethoxy)sulfonic acid","HMDB0142001","0","177272.21875","46051568","1","0","false","0.000035511857277015224",""
"Pacific Northwest National Laboratory","20201130_jl_lungmap_agarose_1","2020-12-01_22h59m24s","C20H30O11","M+Na","","C20H30O11+Na+","469.16803246300003","0.012205361","0.5","0.013308250128787752","0.9346521660902335","0.98125","Crosatoside B","HMDB0039253","0","168512.421875","6850529","1","0","false","0.002649284666404128",""
"Pacific Northwest National Laboratory","20201130_jl_lungmap_agarose_1","2020-12-01_22h59m24s","C6H14O3","M+H","","C6H14O3+H+","135.101570743","0.012205578","0.5","0.012572743574204355","0.9821612006959375","0.9884291187739463","Polypropylene glycol (m w 1,200-3,000)","HMDB0032478","0","183301.484375","53972876","1","0","false","0.000014067961274122354",""
"Pacific Northwest National Laboratory","20201130_jl_lungmap_agarose_1","2020-12-01_22h59m24s","C6H12O3","M+Na","","C6H12O3+Na+","155.06786492699996","0.012208819","0.5","0.012599839819884003","0.9765493193563523","0.9922348484848484","2-Hydroxy-3-methylpentanoic acid, (5R)-5-Hydroxyhexanoic acid, 5-Hydroxyhexanoic acid, D-Leucic acid, Leucinic acid, Hydroxyisocaproic acid, 2-Hydroxycaproic acid, 2-Ethyl-2-Hydroxybutyric acid, (R)-3-Hydroxyhexanoic acid, 6-Hydroxyhexanoic acid, 2-Methyl-3-hydroxyvaleric acid, (+/-)-1-Acetoxy-1-ethoxyethane, Paraldehyde, 4,4-Dimethoxy-2-butanone, Ethyl (±)-3-hydroxybutyrate, Butoxyacetic acid, Threo-3-Hydroxy-2-methylbutyric acid, 3-hydroxyhexanoic acid","HMDB0000317, HMDB0000409, HMDB0000525, HMDB0000624, HMDB0000665, HMDB0000746, HMDB0001624, HMDB0001975, HMDB0010718, HMDB0012843, HMDB0029166, HMDB0032158, HMDB0032456, HMDB0033851, HMDB0040409, HMDB0041844, HMDB0059770, HMDB0061652","0","178132.4375","44266128","18","0","false","0.000016024738215492107",""
"Pacific Northwest National Laboratory","20201130_jl_lungmap_agarose_1","2020-12-01_22h59m24s","C12H17NO2","M+H","","C12H17NO2+H+","208.133205219","0.012216338","0.5","0.01263657845715535","0.9697110598783961","0.9969404186795491","Ciclopirox, O-Methylcorypalline, Isobutyl N-methylanthranilate, Synephrine acetonide, 1-(2,3-Dihydro-6,7-dimethyl-1H-pyrrolizin-5-yl)-2-hydroxy-1-propanone, Phenyl-Leucine","HMDB0015319, HMDB0029370, HMDB0037697, HMDB0039939, HMDB0040010, HMDB0094662","0","194034.71875","26616220","6","0","false","0.000429021951276809",""
"Pacific Northwest National Laboratory","20201130_jl_lungmap_agarose_1","2020-12-01_22h59m24s","C8H23N5","M+Na","","C8H23N5+Na+","212.184566419","0.012222788","0.5","0.012625521468582123","0.9717357618059709","0.996260162601626","Phenol-formaldehyde,cross-linked,tetraethylenepentamine activated","HMDB0032465","0","177785.515625","26363696","1","0","false","0.00013533083256334066",""
"Pacific Northwest National Laboratory","20201130_jl_lungmap_agarose_1","2020-12-01_22h59m24s","C19H24N2O4","M+Na","","C19H24N2O4+Na+","367.16282793100004","0.012235062","0.5","0.013069791211058791","0.9439996295290212","0.9916666666666667","Formoterol, Arformoterol","HMDB0015118, HMDB0015399","0","187680.390625","12907632","2","0","false","0.0005055667134001851",""
"Pacific Northwest National Laboratory","20201130_jl_lungmap_agarose_1","2020-12-01_22h59m24s","C9H18O2S","M+Na","","C9H18O2S+Na+","213.09197166899997","0.012239608","0.5","0.012637656979001306","0.9747122422198459","0.9936296296296296","(+/-)-Isobutyl 3-methylthiobutyrate, 3-Mercaptoheptyl acetate, (S)-3-Methylthiohexyl acetate","HMDB0032346, HMDB0032372, HMDB0032427","0","167969.078125","28523884","3","0","false","0.00023868048447184265",""
"Pacific Northwest National Laboratory","20201130_jl_lungmap_agarose_1","2020-12-01_22h59m24s","C19H24O2","M+Na","","C19H24O2+Na+","307.16685069100004","0.0122414855","0.5","0.012964429205827318","0.9477058151204718","0.9963391136801542","Boldione, Linalyl cinnamate, alpha-Terpinyl cinnamate","HMDB0003422, HMDB0030432, HMDB0038050","0","194742.0625","22994136","3","0","false","0.00036606850335374475",""
"Pacific Northwest National Laboratory","20201130_jl_lungmap_agarose_1","2020-12-01_22h59m24s","C10H15N5","M+H","","C10H15N5+H+","206.140021915","0.012245326","0.5","0.01260640470582713","0.9747942922499379","0.996474358974359","Phenformin","HMDB0015050","0","170261.8125","26543342","1","0","false","0.00008434422488790005",""
"Pacific Northwest National Laboratory","20201130_jl_lungmap_agarose_1","2020-12-01_22h59m24s","C4H7FN2O3","M+Na","","C4H7FN2O3+Na+","173.033290927","0.0122526875","0.5","0.012488377899827725","0.9878224781125392","0.9932222222222222","alpha-Fluoro-beta-ureidopropionic acid","HMDB0060435","0","175868.1875","38097708","1","0","false","0.00016766694898251444",""
"Pacific Northwest National Laboratory","20201130_jl_lungmap_agarose_1","2020-12-01_22h59m24s","C5H6O3","M+H","","C5H6O3+H+","115.03897048699999","0.012263767","0.5","0.01293946337959713","0.9645394779476159","0.9826245999085506","Norfuraneol, cis-Acetylacrylate","HMDB0031859, HMDB0060461","0","173063.09375","85813880","2","0","false","0.000021662292056134902",""
"Pacific Northwest National Laboratory","20201130_jl_lungmap_agarose_1","2020-12-01_22h59m24s","C11H18O8","M+K","","C11H18O8+K+","317.063325429","0.012283425","0.5","0.01299538485156422","0.9603056450155794","0.9842849374660141","Isovalerylglucuronide, 3,4,5-trihydroxy-6-[(oxolan-2-yl)methoxy]oxane-2-carboxylic acid, 3,4,5-trihydroxy-6-[(3-methylbutanoyl)oxy]oxane-2-carboxylic acid","HMDB0002091, HMDB0126546, HMDB0130798","0","210004.171875","86377120","3","0","false","0.000045108990889275447",""
"Pacific Northwest National Laboratory","20201130_jl_lungmap_agarose_1","2020-12-01_22h59m24s","C9H8O3","M+H","","C9H8O3+H+","165.054620551","0.012288979","0.5","0.012646018266761046","0.979744250992498","0.9918575063613232","Phenylpyruvic acid, m-Coumaric acid, 4-Hydroxycinnamic acid, 2-Hydroxycinnamic acid, Enol-phenylpyruvate, cis-p-Coumaric acid, Coumaric acid, Methyl Phenylglyoxalate, 4-methoxy-1-benzofuran-6-ol, 3-(2-hydroxyphenyl)prop-2-enoic acid, 3-(2,3-dihydroxyphenyl)prop-2-enal, 3-(2,5-dihydroxyphenyl)prop-2-enal, 3-(2-hydroxyphenyl)oxirane-2-carbaldehyde, 3-(3-hydroxyphenyl)prop-2-enoic acid, 3-phenyloxirane-2-carboxylic acid, 3-(4-hydroxyphenyl)prop-2-enoic acid, (2E)-3-(3,4-dihydroxyphenyl)prop-2-enal, 3-(4-hydroxyphenyl)oxirane-2-carbaldehyde","HMDB0000205, HMDB0001713, HMDB0002035, HMDB0002641, HMDB0012225, HMDB0030677, HMDB0041592, HMDB0062605, HMDB0129375, HMDB0134028, HMDB0134029, HMDB0134030, HMDB0134031, HMDB0125104, HMDB0126545, HMDB0128076, HMDB0141767, HMDB0141768","0","169812.609375","32861488","18","0","false","0.00012387381866574287",""
"Pacific Northwest National Laboratory","20201130_jl_lungmap_agarose_1","2020-12-01_22h59m24s","C19H18ClNO5","M+Na","","C19H18ClNO5+Na+","398.07657105900006","0.012297612","0.5","0.014549653049652854","0.8466947795587315","0.9982544420753376","Gravacridonolchlorine","HMDB0029329","0","1979513.25","10338887680","1","2","false","0.0001201405975734815","C15H18O11+Na+, C17H14F3N3O3S+H+"
"Pacific Northwest National Laboratory","20201130_jl_lungmap_agarose_1","2020-12-01_22h59m24s","C20H14N4","M+Na","","C20H14N4+Na+","333.111067131","0.0123176705","0.5","0.013156984935362518","0.9419918748538318","0.993859649122807","Pentaporphyrin I","HMDB0000839","0","217579.171875","15450717","1","1","false","0.000908758956938982","C19H19NOS+Na+"
"Pacific Northwest National Laboratory","20201130_jl_lungmap_agarose_1","2020-12-01_22h59m24s","C23H32N2O5","M+H","","C23H32N2O5+H+","417.238398559","0.012317769","0.5","0.013314728064825952","0.9306139796628758","0.9941002949852508","Ramipril","HMDB0014324","0","196448.4375","16071739","1","0","false","0.0009777200175449252",""
"Pacific Northwest National Laboratory","20201130_jl_lungmap_agarose_1","2020-12-01_22h59m24s","C17H20N2O6S","M+K","","C17H20N2O6S+K+","419.067365423","0.012330956","0.5","0.013334589519684515","0.9283174511672665","0.9961404372257086","Meticillin","HMDB0015541","0","448935.53125","1736727936","1","0","false","0.00003722144174389541",""
"Pacific Northwest National Laboratory","20201130_jl_lungmap_agarose_1","2020-12-01_22h59m24s","C6H7BrO2","M+H","","C6H7BrO2+H+","190.970218899","0.012331053","0.5","0.016510195698341116","0.7493376344968159","0.9967136150234742","Bromobenzene-2,3-dihydrodiol, Bromobenzene-3,4-dihydrodiol","HMDB0060445, HMDB0060447","0","169731.359375","27158544","2","0","false","0.00011976542737102136",""
"Pacific Northwest National Laboratory","20201130_jl_lungmap_agarose_1","2020-12-01_22h59m24s","C11H12O7S","M+Na","","C11H12O7S+Na+","311.019594577","0.012340729","0.5","0.024153605842144713","0.5138710479429249","0.9942708333333333","5'-(3',4'-Dihydroxyphenyl)-gamma-valerolactone sulfate, {4-[(1Z)-2-hydroxy-3-oxobut-1-en-1-yl]-2-methoxyphenyl}oxidanesulfonic acid, [2-hydroxy-6-methoxy-4-(3-oxobut-1-en-1-yl)phenyl]oxidanesulfonic acid, [4-(3-acetyloxiran-2-yl)-2-methoxyphenyl]oxidanesulfonic acid, [4-(4-hydroxy-3-oxobut-1-en-1-yl)-2-methoxyphenyl]oxidanesulfonic acid, {[4-(4-hydroxy-3-methoxyphenyl)-2-oxobut-3-en-1-yl]oxy}sulfonic acid","HMDB0029191, HMDB0135678, HMDB0135688, HMDB0135693, HMDB0135695, HMDB0135696","0","175290","17863224","6","0","false","0.0016391221433877945",""
"Pacific Northwest National Laboratory","20201130_jl_lungmap_agarose_1","2020-12-01_22h59m24s","C14H12O2S2","M+Na","","C14H12O2S2+Na+","299.017092647","0.012363469","0.5","0.013055134209304976","0.9504550581562834","0.9963855421686747","5-(4-Acetoxy-1-butynyl)-2,2'-bithiophene","HMDB0034454","0","208576.1875","21978790","1","0","false","0.00022613383771385998",""
"Pacific Northwest National Laboratory","20201130_jl_lungmap_agarose_1","2020-12-01_22h59m24s","C3H8NO5P","M+K","","C3H8NO5P+K+","207.977167249","0.012390492","0.5","0.012732574712915013","0.9805908313579749","0.9923948220064724","2-Amino-3-phosphonopropionic acid","HMDB0000370","0","166968.484375","26222032","1","1","false","0.00019391470414120704","C7H4ClNO3+Na+"
"Pacific Northwest National Laboratory","20201130_jl_lungmap_agarose_1","2020-12-01_22h59m24s","C54H86O22","M+H","","C54H86O22+H+","1087.568350827","0.012406102","0.5","0.015460248626393756","0.8076686561891864","0.9935406698564593","Acetyljujuboside B","HMDB0032781","0","297403.8125","78488640","1","0","false","0.000009408722689840943",""
"Pacific Northwest National Laboratory","20201130_jl_lungmap_agarose_1","2020-12-01_22h59m24s","C10H18OS","M+H","","C10H18OS+H+","187.11511280099998","0.012436323","0.5","0.012795175422167225","0.9749605923466635","0.9969162995594714","cis- and trans-L-Mercapto-p-menthan-3-one, 8-Mercapto-p-menthan-3-one","HMDB0032205, HMDB0037385","0","177435.4375","29127774","2","0","false","0.0012402399443089962",""
"Pacific Northwest National Laboratory","20201130_jl_lungmap_agarose_1","2020-12-01_22h59m24s","C12H26O7","M+Na","","C12H26O7+Na+","305.157073855","0.012442202","0.5","0.012930591145716775","0.9665393581675176","0.9955414012738854","Hexaethylene glycol","HMDB0061822","0","192717.453125","21060684","1","0","false","0.00010463513171998784",""
"Pacific Northwest National Laboratory","20201130_jl_lungmap_agarose_1","2020-12-01_22h59m24s","C5H9NO3","M+K","","C5H9NO3+K+","170.02140104099996","0.012443807","0.5","0.012738386583870337","0.9825077297165876","0.9942666666666666","4-Hydroxy-L-proline, 4-Hydroxyproline, N-Acetyl-L-alanine, Propionylglycine, 5-Aminolevulinic acid, L-Glutamic gamma-semialdehyde, 3-Hydroxy-L-proline, 5-Amino-2-oxopentanoic acid, 4-Hydroxy-2-pyrrolidinecarboxylic acid, N-Acetyl-beta-alanine, Trans-3-hydroxy-L-proline, cis-4-Hydroxy-D-proline, cis-4-Hydroxyproline","HMDB0006055, HMDB0000725, HMDB0000766, HMDB0000783, HMDB0001149, HMDB0002104, HMDB0002113, HMDB0006272, HMDB0036576, HMDB0061880, HMDB0059659, HMDB0060460, HMDB0240251","0","167802.0625","31562162","13","1","false","0.000014981909771449864","C8H5NO2+Na+"
"Pacific Northwest National Laboratory","20201130_jl_lungmap_agarose_1","2020-12-01_22h59m24s","C6H7FO7","M+H","","C6H7FO7+H+","211.024857159","0.01244933","0.5","0.012624376139475639","0.9890074967738703","0.9970948012232416","Fluorocitric acid","HMDB0031255","0","192695.265625","27941760","1","0","false","0.00030586577486246824",""
"Pacific Northwest National Laboratory","20201130_jl_lungmap_agarose_1","2020-12-01_22h59m24s","C14H18O7","M+Na","","C14H18O7+Na+","321.094473599","0.012467432","0.5","0.0130380113121484","0.95734057930284","0.9988475177304964","2-Phenylethanol glucuronide, 6-(3-ethylphenoxy)-3,4,5-trihydroxyoxane-2-carboxylic acid, 6-(4-ethylphenoxy)-3,4,5-trihydroxyoxane-2-carboxylic acid","HMDB0010350, HMDB0124996, HMDB0125173","0","312017.5","58061876","3","1","false","0.000008860979505698197","C17H15NO4+Na+"
"Pacific Northwest National Laboratory","20201130_jl_lungmap_agarose_1","2020-12-01_22h59m24s","C23H45NO5","M+H","","C23H45NO5+H+","416.337049975","0.012474937","0.5","0.014000134397300672","0.9264934291453314","0.961753590325019","3-Hydroxyhexadecanoylcarnitine, 2-Hydroxyhexadecanoylcarnitine, 3-hydroxyhexadecanoyl carnitine","HMDB0013336, HMDB0013337, HMDB0061642","0","350604.0625","213684320","3","0","false","0.000012860165952588432",""
"Pacific Northwest National Laboratory","20201130_jl_lungmap_agarose_1","2020-12-01_22h59m24s","C9H14O2","M+K","","C9H14O2+K+","193.062537581","0.012483973","0.5","0.012888368493513316","0.9735757949611491","0.9949129852744311","2,4-Hexadienyl propionate, Methyl 2-octynoate, 2-Nonenoic acid gamma-lactone, (E)-2,6-Dimethyl-2,5-heptadienoic acid, 3,5,5-Trimethyl-1,2-cyclohexanedione, Octahydro-2H-1-benzopyran-2-one, Allyl hexenoate, xi-2,2,6-Trimethyl-1,4-cyclohexanedione, Anapear, 4-Oxo-2-nonenal","HMDB0032314, HMDB0031302, HMDB0032442, HMDB0035135, HMDB0036177, HMDB0037276, HMDB0038268, HMDB0038697, HMDB0040285, HMDB0060285","0","181553.734375","31458440","10","2","false","0.0004721468430943787","C12H10O+Na+, C12H9NaO+H+"
"Pacific Northwest National Laboratory","20201130_jl_lungmap_agarose_1","2020-12-01_22h59m24s","C4H6N2O2","M+Na","","C4H6N2O2+Na+","137.03214811499998","0.012521045","0.5","0.012814742976937101","0.9860664706733874","0.9908878504672897","Dihydrouracil, N-Methylhydantoin, L-3-Cyanoalanine","HMDB0000076, HMDB0003646, HMDB0060245","0","183817.53125","52820920","3","0","false","0.000024858016331563704",""
"Pacific Northwest National Laboratory","20201130_jl_lungmap_agarose_1","2020-12-01_22h59m24s","C4H4O","M+K","","C4H4O+K+","106.98937264099999","0.012526283","0.5","0.01331957613177158","0.9676494759237635","0.9718824940047962","3-Butyn-1-al, Furan","HMDB0006853, HMDB0013785","0","251656.59375","128728704","2","0","false","0.000009255171789845917",""
"Pacific Northwest National Laboratory","20201130_jl_lungmap_agarose_1","2020-12-01_22h59m24s","C11H14N4O5","M+Na","","C11H14N4O5+Na+","305.085640231","0.012531369","0.5","0.012929042091524677","0.9709452866436832","0.9982456140350877","1-Methylinosine","HMDB0002721","0","297904.75","41283912","1","2","false","0.00007524785178247839","C16H16O4S+H+, C10H18O9+Na+"
"Pacific Northwest National Laboratory","20201130_jl_lungmap_agarose_1","2020-12-01_22h59m24s","C6H4O4","M+H","","C6H4O4+H+","141.01823504299998","0.012533586","0.5","0.012951021167519828","0.9784105231972281","0.9891228070175438","trans-4-Carboxymethylenebut-2-en-4-olide, cis-4-Carboxymethylenebut-2-en-4-olide, Cis,trans-muconate","HMDB0060518, HMDB0060459, HMDB0062661","0","168748.15625","47589684","3","0","false","0.00005071445775683969",""
"Pacific Northwest National Laboratory","20201130_jl_lungmap_agarose_1","2020-12-01_22h59m24s","C9H12O2","M+H","","C9H12O2+H+","153.091006059","0.012535648","0.5","0.012968834388664408","0.9714326344655375","0.9950231481481482","2,6,6-Trimethyl-2-cyclohexene-1,4-dione, (Dimethoxymethyl)benzene, 3-(4-Hydroxyphenyl)-1-propanol, 2-Isopropyl-1,4-benzenediol, 3-(5-Methyl-2-furanyl)butanal, 2-Propenyl 2,4-hexadienoate, 4-(Ethoxymethyl)phenol, 1-(2-Furanyl)-1-pentanone, 4-Ethyl-2-methoxyphenol, 2-(Ethoxymethyl)phenol, 2-Isopropoxyphenol, 3,5-Dimethoxytoluene, 3-ethyl-5-methoxyphenol","HMDB0040216, HMDB0041326, HMDB0032599, HMDB0032132, HMDB0036169, HMDB0036227, HMDB0039956, HMDB0039801, HMDB0040175, HMDB0040449, HMDB0041804, HMDB0059853, HMDB0125537","0","166067.53125","36506960","13","0","false","0.00003317978553241119",""
"Pacific Northwest National Laboratory","20201130_jl_lungmap_agarose_1","2020-12-01_22h59m24s","C9H9NS","M+H","","C9H9NS+H+","164.05284689299998","0.012559972","0.5","0.012871837998739723","0.9800558005730766","0.9956284153005465","1-Isothiocyanato-2-phenylethane, 2-Ethylbenzothiazole","HMDB0038445, HMDB0040034","0","182029.03125","38470264","2","0","false","0.00004074532989761792",""
"Pacific Northwest National Laboratory","20201130_jl_lungmap_agarose_1","2020-12-01_22h59m24s","C21H14O15","M+Na","","C21H14O15+Na+","529.0224904309999","0.012564947","0.5","0.014077495306286476","0.9291036207521205","0.9606630824372759","4-(6-carboxy-2,3,4-trihydroxyphenoxy)-4',5,5',6,6'-pentahydroxy-[1,1'-biphenyl]-2,2'-dicarboxylic acid","HMDB0136072","0","531091.25","458905792","1","0","false","0.00008767580584390089",""
"Pacific Northwest National Laboratory","20201130_jl_lungmap_agarose_1","2020-12-01_22h59m24s","C8H12N4O3","M+K","","C8H12N4O3+K+","251.05409813699995","0.012566565","0.5","0.013029055030274125","0.9685875758465972","0.9957831325301205","Histidinyl-Glycine, Glycyl-Histidine","HMDB0028885, HMDB0028843","0","180038.890625","21737068","2","0","false","0.00036422896664589643",""
"Pacific Northwest National Laboratory","20201130_jl_lungmap_agarose_1","2020-12-01_22h59m24s","C13H14O8S","M+H","","C13H14O8S+H+","331.048215013","0.01256748","0.5","0.013493556087037237","0.934831377098293","0.9962962962962963","[2-hydroxy-1-(7-hydroxy-1-oxo-1H-isochromen-3-yl)butoxy]sulfonic acid, {[1-hydroxy-1-(7-hydroxy-1-oxo-1H-isochromen-3-yl)butan-2-yl]oxy}sulfonic acid, [2-hydroxy-1-(6-hydroxy-1-oxo-1H-isochromen-3-yl)butoxy]sulfonic acid, {[1-hydroxy-1-(6-hydroxy-1-oxo-1H-isochromen-3-yl)butan-2-yl]oxy}sulfonic acid, {[3,4-dihydroxy-4-(1-oxo-1H-isochromen-3-yl)butan-2-yl]oxy}sulfonic acid, [2,3-dihydroxy-1-(1-oxo-1H-isochromen-3-yl)butoxy]sulfonic acid, {[1,3-dihydroxy-1-(1-oxo-1H-isochromen-3-yl)butan-2-yl]oxy}sulfonic acid, [2-hydroxy-1-(5-hydroxy-1-oxo-1H-isochromen-3-yl)butoxy]sulfonic acid, {[1-hydroxy-1-(5-hydroxy-1-oxo-1H-isochromen-3-yl)butan-2-yl]oxy}sulfonic acid, [3,4-dihydroxy-4-(1-oxo-1H-isochromen-3-yl)butoxy]sulfonic acid, [2,4-dihydroxy-1-(1-oxo-1H-isochromen-3-yl)butoxy]sulfonic acid, {[1,4-dihydroxy-1-(1-oxo-1H-isochromen-3-yl)butan-2-yl]oxy}sulfonic acid","HMDB0130071, HMDB0130072, HMDB0130074, HMDB0130075, HMDB0130079, HMDB0130080, HMDB0130081, HMDB0130083, HMDB0130084, HMDB0130088, HMDB0130089, HMDB0130090","0","191033.890625","24092518","12","0","false","0.0009115782449953258",""
"Pacific Northwest National Laboratory","20201130_jl_lungmap_agarose_1","2020-12-01_22h59m24s","C6H5NO3","M+H","","C6H5NO3+H+","140.034219455","0.012581836","0.5","0.012836017920390557","0.9845736651699076","0.9955555555555555","4-Nitrophenol, 6-Hydroxynicotinic acid, 3-Hydroxypicolinic acid, 2-Hydroxynicotinic acid","HMDB0001232, HMDB0002658, HMDB0013188, HMDB0059710","0","257164.453125","50715808","4","0","false","0.00002530606434447691",""
"Pacific Northwest National Laboratory","20201130_jl_lungmap_agarose_1","2020-12-01_22h59m24s","C10H18O","M+H","","C10H18O+H+","155.143041631","0.012614996","0.5","0.013005258973786958","0.9720860076368116","0.9978458049886622","3,7-Dimethyl-1,6-octadien-3-ol, (R)-3,7-Dimethyl-1,6-octadien-3-ol, (2E,4E)-2,4-Decadien-1-ol, (+)-Isomenthone, (-)-Borneol, Alpha-Terpineol, Eucalyptol, Geraniol, 2-Decenal, 3-Decen-2-one, 2,6-Dimethyl-7-octen-3-one, Thujyl alcohol, 9-Decenal, Fenchol, (-)-Carvomenthone, Isomenthone, beta-Geraniol, (-)-Menthone, p-Menthan-2-one, Rose oxide, (+)-Menthone, (+)-Isoborneol, (R)-Citronellal, (S)-p-Menth-1-en-4-ol, (-)-Dihydrocarveol, p-Menth-1-en-4-ol, Piperitol, Citronellal, trans-(-)-p-Menth-1-en-3-ol, (1R*,3R*,6S*)-3-Caranol, (1R*,2S*,3S*,6S*)-2-Caranol, (R)-Lavandulol, Campholenic alcohol, p-Menth-8-en-3-ol, (-)-Isopulegol, 1,4-Cineole, Myrcenol, (1R,4S,5R)-4-Thujanol, (-)-Pinocampheol, delta-Terpineol, gamma-Terpineol, beta-Terpineol, cis-Isopulegone, p-Menth-1-en-9-ol, p-Menth-1-en-5-ol, 6,8-Epoxy-p-menthane, (-)-trans-m-Menth-8-en-1-ol, m-Menth-1-en-8-ol, (R)-m-Menth-1(6)-en-8-ol, Linaloyl oxide","HMDB0036100, HMDB0036101, HMDB0036196, HMDB0034972, HMDB0034976, HMDB0004043, HMDB0004472, HMDB0005812, HMDB0030999, HMDB0031410, HMDB0032118, HMDB0032530, HMDB0034848, HMDB0034932, HMDB0034969, HMDB0059864, HMDB0035155, HMDB0035162, HMDB0035272, HMDB0036097, HMDB0035783, HMDB0035815, HMDB0035820, HMDB0035823, HMDB0035825, HMDB0035833, HMDB0035838, HMDB0035841, HMDB0035861, HMDB0035954, HMDB0035955, HMDB0036041, HMDB0036068, HMDB0036077, HMDB0036078, HMDB0036096, HMDB0036107, HMDB0036112, HMDB0036126, HMDB0036991, HMDB0036993, HMDB0036996, HMDB0037006, HMDB0037007, HMDB0037016, HMDB0037019, HMDB0037047, HMDB0037048, HMDB0037049, HMDB0037133","0","180873.96875","37094760","50","0","false","0.0000393970258301124",""
"Pacific Northwest National Laboratory","20201130_jl_lungmap_agarose_1","2020-12-01_22h59m24s","C13H12O5","M+Na","","C13H12O5+Na+","271.057694167","0.012634717","0.5","0.01328539823924278","0.9661464284580032","0.9843464707192162","Coriandrone E","HMDB0029971","0","330635.34375","703185088","1","0","false","0.00003471401214483194",""
"Pacific Northwest National Laboratory","20201130_jl_lungmap_agarose_1","2020-12-01_22h59m24s","C48H80O40","M+K","","C48H80O40+K+","1335.3857452529999","0.012636711","0.5","0.015900504956215002","0.8073942575131009","0.9843226788432268","gamma-Cyclodextrin","HMDB0029927","0","317495.78125","43237092","1","0","false","0.00007512911543017253",""
"Pacific Northwest National Laboratory","20201130_jl_lungmap_agarose_1","2020-12-01_22h59m24s","C22H21Cl3N4O","M+Na","","C22H21Cl3N4O+Na+","485.067315075","0.012640224","0.5","0.01875758418879138","0.6769112813974074","0.995511134490619","Rimonabant","HMDB0015623","0","1321639.5","1982730752","1","2","false","0.0000367322500096634","C18H18N6O5S2+Na+, C21H18O12+Na+"
"Pacific Northwest National Laboratory","20201130_jl_lungmap_agarose_1","2020-12-01_22h59m24s","C9H19NO2S2","M+H","","C9H19NO2S2+H+","238.092997623","0.012726135","0.5","0.01325601400216018","0.9660283517556474","0.9937878787878788","8-[(Aminomethyl)sulfanyl]-6-sulfanyloctanoic acid","HMDB0013639","0","183903.78125","28703098","1","1","false","0.0003049314545933157","C8H15NO7+H+"
"Pacific Northwest National Laboratory","20201130_jl_lungmap_agarose_1","2020-12-01_22h59m24s","C14H18N6O","M+Na","","C14H18N6O+Na+","309.143429879","0.01272851","0.5","0.01342418583428004","0.962041199665404","0.9855892255892256","Abacavir","HMDB0015182","0","232360.453125","69954520","1","0","false","0.00012340117245912552",""
"Pacific Northwest National Laboratory","20201130_jl_lungmap_agarose_1","2020-12-01_22h59m24s","C16H12O4","M+H","","C16H12O4+H+","269.080835299","0.0127431275","0.5","0.013394324223739462","0.9555737506015719","0.9956140350877193","Formononetin, Trigraecum, 8-Hydroxy-1-methoxy-3-methylanthraquinone, Isoformononetin, 1,3-Dimethoxyanthraquinone, 7-hydroxy-5-methoxy-2-phenyl-4H-chromen-4-one, 3-(3-hydroxyphenyl)-7-methoxy-4H-chromen-4-one, 7-hydroxy-3-(3-methoxyphenyl)-4H-chromen-4-one, 5-hydroxy-7-methoxy-3-phenyl-4H-chromen-4-one, 7-hydroxy-5-methoxy-3-phenyl-4H-chromen-4-one, 5-hydroxy-6-methoxy-2-phenyl-4H-chromen-4-one, 6-hydroxy-5-methoxy-2-phenyl-4H-chromen-4-one, 7-hydroxy-6-methoxy-3-phenyl-4H-chromen-4-one","HMDB0005808, HMDB0030720, HMDB0033036, HMDB0033994, HMDB0036586, HMDB0132456, HMDB0130376, HMDB0130383, HMDB0130764, HMDB0130765, HMDB0130901, HMDB0130902, HMDB0132856","0","186173.71875","19687012","13","0","false","0.00010423440107842907",""
"Pacific Northwest National Laboratory","20201130_jl_lungmap_agarose_1","2020-12-01_22h59m24s","C15H24O4","M+H","","C15H24O4+H+","269.174735683","0.012762069","0.5","0.01342405006095449","0.9602024259422711","0.9900900900900901","4,11,13,15-Tetrahydroridentin B, 1-(3-Furanyl)-6,7-dihydroxy-4,8-dimethyl-1-nonanone, 3,11,12-Trihydroxy-1(10)-spirovetiven-2-one, Acoric acid, Bisacurone epoxide, Deoxydihydro-artemisinin, Prostaglandin lactone-diol","HMDB0036150, HMDB0038153, HMDB0038154, HMDB0038165, HMDB0038503, HMDB0060570, HMDB0240213","0","177567.25","19251330","7","1","false","0.0004748463979922235","C17H22N2O+H+"
"Pacific Northwest National Laboratory","20201130_jl_lungmap_agarose_1","2020-12-01_22h59m24s","C11H17N3O6","M+H","","C11H17N3O6+H+","288.119011699","0.012770142","0.5","0.013249677194443277","0.9704679065633731","0.9931372549019608","N-Ribosylhistidine","HMDB0002089","0","174408.828125","13186366","1","0","false","0.001052629784680903",""
"Pacific Northwest National Laboratory","20201130_jl_lungmap_agarose_1","2020-12-01_22h59m24s","C6H5NO2","M+K","","C6H5NO2+K+","161.995186293","0.012782922","0.5","0.013111404893110657","0.979645311065752","0.9952038369304557","Nicotinic acid, Picolinic acid, 2-Hydroxy-4-imino-2,5-cyclohexadienone, Nitrobenzene, Isonicotinic acid","HMDB0001488, HMDB0002243, HMDB0031713, HMDB0041950, HMDB0060665","0","176780.25","35300064","5","0","false","0.000033390839234925807",""
"Pacific Northwest National Laboratory","20201130_jl_lungmap_agarose_1","2020-12-01_22h59m24s","C21H39NO5","M+H","","C21H39NO5+H+","386.290099783","0.012786644","0.5","0.013939902927206652","0.9219281075307267","0.9949465500485909","3-Hydroxy-cis-5-tetradecenoylcarnitine","HMDB0013330","0","238589.8125","50263388","1","0","false","0.00004625764995580539",""
"Pacific Northwest National Laboratory","20201130_jl_lungmap_agarose_1","2020-12-01_22h59m24s","C54H28O32","M+Na","","C54H28O32+Na+","1211.045589419","0.012786877","0.5","0.016173284271055154","0.79355632352669","0.9962962962962963","Castacrenin G","HMDB0031895","0","294378.09375","29517932","1","0","false","0.00024158541054930538",""
"Pacific Northwest National Laboratory","20201130_jl_lungmap_agarose_1","2020-12-01_22h59m24s","C13H25NO","M+Na","","C13H25NO+Na+","234.18283510299997","0.012825001","0.5","0.01337594755792254","0.9618434870180709","0.9968468468468469","Ethyl menthane carboxamide","HMDB0037834","0","168687.703125","28535886","1","0","false","0.00010981068044202402",""
"Pacific Northwest National Laboratory","20201130_jl_lungmap_agarose_1","2020-12-01_22h59m24s","C9H14O2","M+H","","C9H14O2+H+","155.106656123","0.012832852","0.5","0.013185893319274543","0.9758884378257175","0.9972716488730724","2,4-Hexadienyl propionate, Methyl 2-octynoate, 2-Nonenoic acid gamma-lactone, (E)-2,6-Dimethyl-2,5-heptadienoic acid, 3,5,5-Trimethyl-1,2-cyclohexanedione, Octahydro-2H-1-benzopyran-2-one, Allyl hexenoate, xi-2,2,6-Trimethyl-1,4-cyclohexanedione, Anapear, 4-Oxo-2-nonenal","HMDB0032314, HMDB0031302, HMDB0032442, HMDB0035135, HMDB0036177, HMDB0037276, HMDB0038268, HMDB0038697, HMDB0040285, HMDB0060285","0","168552.0625","35479388","10","0","false","0.0002861979301087558",""
"Pacific Northwest National Laboratory","20201130_jl_lungmap_agarose_1","2020-12-01_22h59m24s","C9H18O7","M+H","","C9H18O7+H+","239.11252935099998","0.01283824","0.5","0.013235514386938808","0.9793330930011844","0.9904538341158059","(x)-1,2-Propanediol 1-O-b-D-glucopyranoside","HMDB0033065","0","177989.75","27539250","1","0","false","0.0001525518746348098",""
"Pacific Northwest National Laboratory","20201130_jl_lungmap_agarose_1","2020-12-01_22h59m24s","C31H48O6","M+K","","C31H48O6+K+","555.308247149","0.012870106","0.5","0.014685820509156096","0.880803776801873","0.9949579831932773","Fusidic Acid, Phytolaccinic acid, Pokeberrygenin","HMDB0015570, HMDB0034640, HMDB0034653","0","243952.78125","37915896","3","0","false","0.000047308214561780915",""
"Pacific Northwest National Laboratory","20201130_jl_lungmap_agarose_1","2020-12-01_22h59m24s","C5H12N2O","M+Na","","C5H12N2O+Na+","139.08418368699998","0.012873608","0.5","0.01316405153940355","0.9798796967436882","0.9980169971671388","5-Aminopentanamide, 1,1,3,3-tetramethylurea","HMDB0012176, HMDB0062789","0","176454.75","44312404","2","0","false","0.00001015570160234347",""
"Pacific Northwest National Laboratory","20201130_jl_lungmap_agarose_1","2020-12-01_22h59m24s","C3H5O6P","M+H","","C3H5O6P+H+","168.98965131499997","0.012885801","0.5","0.013087900480246242","0.9872898939229114","0.9972332015810277","Phosphoenolpyruvic acid","HMDB0000263","0","170497.3125","32144900","1","0","false","0.000036289715353632346",""
"Pacific Northwest National Laboratory","20201130_jl_lungmap_agarose_1","2020-12-01_22h59m24s","C12H16O12","M+Na","","C12H16O12+Na+","375.053396635","0.012886638","0.5","0.013254507992035218","0.988724425606307","0.9833333333333333","a-L-threo-4-Hex-4-enopyranuronosyl-D-galacturonic acid","HMDB0039720","0","186832.78125","12188728","1","0","false","0.00031169032445177436",""
"Pacific Northwest National Laboratory","20201130_jl_lungmap_agarose_1","2020-12-01_22h59m24s","C19H34O7","M+K","","C19H34O7+K+","413.193611321","0.012887116","0.5","0.014107077181774072","0.9292234624951238","0.9831018518518518","Tsangane L 3-glucoside","HMDB0040824","0","238177.0625","21122654","1","1","false","0.001142007764428854","C22H30O6+Na+"
"Pacific Northwest National Laboratory","20201130_jl_lungmap_agarose_1","2020-12-01_22h59m24s","C42H84NO7P","M+K","","C42H84NO7P+K+","784.5616989209999","0.012910722","0.5","0.014880204672628457","0.8775037158193166","0.9887640449438202","PC(16:0/P-18:0), PC(18:0/P-16:0), PC(P-16:0/18:0), PC(P-18:0/16:0), PC(o-16:1(9Z)/18:0), PC(o-18:1(11Z)/16:0), PC(o-18:1(9Z)/16:0)","HMDB0007995, HMDB0008060, HMDB0011208, HMDB0011239, HMDB0013412, HMDB0013424, HMDB0013426","0","2896252","96210352","7","0","false","0.006284566596150398",""
"Pacific Northwest National Laboratory","20201130_jl_lungmap_agarose_1","2020-12-01_22h59m24s","C5H4O4","M+Na","","C5H4O4+Na+","151.000179291","0.012917298","0.5","0.013079273296376134","0.9895743721052704","0.9980208333333334","5-Hydroxy-2-furoic acid","HMDB0059784","0","175629.828125","39840744","1","0","false","0.00007118986832210794",""
"Pacific Northwest National Laboratory","20201130_jl_lungmap_agarose_1","2020-12-01_22h59m24s","C4H3F7O","M+Na","","C4H3F7O+Na+","222.99643251899997","0.012926948","0.5","0.013201025015779435","0.9832515109252895","0.9959183673469387","Sevoflurane","HMDB0015366","0","165549.484375","24972602","1","1","false","0.0002463775163050741","C4H6N4O3S2+H+"
"Pacific Northwest National Laboratory","20201130_jl_lungmap_agarose_1","2020-12-01_22h59m24s","C4H9NO5S","M+H","","C4H9NO5S+H+","184.027419993","0.012940335","0.5","0.013127244168770827","0.9883482994010149","0.9973829201101928","L-Homocysteic acid","HMDB0002205","0","185525.8125","30648398","1","0","false","0.0003279148950241506",""
"Pacific Northwest National Laboratory","20201130_jl_lungmap_agarose_1","2020-12-01_22h59m24s","C3H8OS2","M+H","","C3H8OS2+H+","125.00893365099999","0.012953756","0.5","0.013340095312051029","0.9852290410442605","0.9855974842767296","Dimercaprol","HMDB0015677","0","182435.109375","63653268","1","0","false","0.0001981617242563516",""
"Pacific Northwest National Laboratory","20201130_jl_lungmap_agarose_1","2020-12-01_22h59m24s","C15H19N3O3","M+Na","","C15H19N3O3+Na+","312.131862151","0.013015241","0.5","0.013606378443140214","0.9605329872980143","0.9958579881656805","Hydroxylated N-acetyl desmethyl frovatriptan","HMDB0061151","0","189354.234375","23094510","1","2","false","0.000144259596709162","C19H18O4+H+, C12H17N5O5+H+"
"Pacific Northwest National Laboratory","20201130_jl_lungmap_agarose_1","2020-12-01_22h59m24s","C16H15F2N3O4S","M+H","","C16H15F2N3O4S+H+","384.082409885","0.0130176","0.5","0.013820000655453723","0.9480274470760617","0.9935779816513761","Pantoprazole","HMDB0005017","0","190641.90625","15450451","1","0","false","0.0017479987582191825",""
"Pacific Northwest National Laboratory","20201130_jl_lungmap_agarose_1","2020-12-01_22h59m24s","C4H7O3","M+H","","C4H7O3+H+","104.04679551899999","0.01302715","0.5","0.014119317335569119","0.9461269715530176","0.9751834130781499","Gamma Hydroxybutyric Acid, 3-hydroxy-2-isobutyrate","HMDB0015507, HMDB0062640","0","238211.09375","119170112","2","1","false","0.00002847885843948461","C5H7N+Na+"
"Pacific Northwest National Laboratory","20201130_jl_lungmap_agarose_1","2020-12-01_22h59m24s","C4H6O2S2","M+K","","C4H6O2S2+K+","188.94407966499998","0.013058477","0.5","0.013486745684246456","0.9707536152006526","0.9974160206718347","Asparagusic acid","HMDB0029611","0","186077.140625","33056224","1","0","false","0.0003372005303390324",""
"Pacific Northwest National Laboratory","20201130_jl_lungmap_agarose_1","2020-12-01_22h59m24s","C6H13NO2","M+Na","","C6H13NO2+Na+","154.08384933899998","0.013080406","0.5","0.013380691310177354","0.9821753508888454","0.9952991452991453","L-Isoleucine, L-Alloisoleucine, L-Leucine, Beta-Leucine, L-Norleucine, Aminocaproic acid, D-Leucine, 3-Aminocaproic acid, (±)-erythro-Isoleucine, 6-Deoxyfagomine, N-(2-Hydroxyethyl)-morpholine, N-methylvaline, 3,3,5-triiodo-L-thyronine-beta-D-glucuronoside","HMDB0000172, HMDB0000557, HMDB0000687, HMDB0003640, HMDB0001645, HMDB0001901, HMDB0013773, HMDB0029168, HMDB0033923, HMDB0036382, HMDB0060650, HMDB0061716, HMDB0062203","0","167825.015625","39482756","13","0","false","0.0003177353064529598",""
"Pacific Northwest National Laboratory","20201130_jl_lungmap_agarose_1","2020-12-01_22h59m24s","C41H78NO8P","M+Na","","C41H78NO8P+Na+","766.535726139","0.013089074","0.5","0.015461756660870747","0.8509045670265644","0.9948766108415505","PC(15:0/18:2(9Z,12Z)), PC(18:2(9Z,12Z)/15:0), PE(14:0/22:2(13Z,16Z)), PE(14:1(9Z)/22:1(13Z)), PE(16:0/20:2(11Z,14Z)), PE(16:1(9Z)/20:1(11Z)), PE(18:0/18:2(9Z,12Z)), PE(18:1(11Z)/18:1(11Z)), PE(18:1(11Z)/18:1(9Z)), PE(18:1(9Z)/18:1(11Z)), PE(18:1(9Z)/18:1(9Z)), PE(18:2(9Z,12Z)/18:0), PE(20:1(11Z)/16:1(9Z)), PE(20:2(11Z,14Z)/16:0), PE(22:1(13Z)/14:1(9Z)), PE(22:2(13Z,16Z)/14:0), PE-NMe(15:0/20:2(11Z,14Z)), PE-NMe(20:2(11Z,14Z)/15:0), PE-NMe2(14:1(9Z)/20:1(11Z)), PE-NMe2(16:1(9Z)/18:1(9Z)), PE-NMe2(16:1(9Z)/18:1(11Z)), PE-NMe2(14:0/20:2(11Z,14Z)), PE-NMe2(16:0/18:2(9Z,12Z)), PE-NMe2(18:1(9Z)/16:1(9Z)), PE-NMe2(18:1(11Z)/16:1(9Z)), PE-NMe2(18:2(9Z,12Z)/16:0), PE-NMe2(20:1(11Z)/14:1(9Z)), PE-NMe2(20:2(11Z,14Z)/14:0)","HMDB0007940, HMDB0008132, HMDB0008843, HMDB0008875, HMDB0008934, HMDB0008966, HMDB0008994, HMDB0009025, HMDB0009026, HMDB0009058, HMDB0009059, HMDB0009090, HMDB0009254, HMDB0009286, HMDB0009515, HMDB0009547, HMDB0113025, HMDB0113339, HMDB0113856, HMDB0113857, HMDB0113858, HMDB0113884, HMDB0113943, HMDB0114042, HMDB0114015, HMDB0114068, HMDB0114211, HMDB0114239","0","1288416.875","3880828416","28","1","false","0.0000516660074936226","C43H76NO8P+H+"
"Pacific Northwest National Laboratory","20201130_jl_lungmap_agarose_1","2020-12-01_22h59m24s","C24H40O2","M+K","","C24H40O2+K+","399.265988413","0.013118615","0.5","0.015071165092918816","0.91153313989432","0.9549237742068397","Tetracosatetraenoic acid (24:4n-6), 1-Hydroxy-1-phenyl-3-octadecanone, 3-Hydroxy-1-phenyl-1-octadecanone","HMDB0006246, HMDB0035679, HMDB0035680","0","270875","126254872","3","1","false","0.000009973797205020674","C27H36O+Na+"
"Pacific Northwest National Laboratory","20201130_jl_lungmap_agarose_1","2020-12-01_22h59m24s","C19H26O4","M+K","","C19H26O4+K+","357.146267205","0.01315794","0.5","0.014392419513380952","0.9287177076699477","0.9843971631205674","Cohulupone, Ubiquinone-2, (1(10)E,4E,6a,9b)-9-(2-Methylpropanoyloxy)-1(10),4,11(13)-germacratrien-12,6-olide, Panaquinquecol 6, [8]-Dehydrogingerdione, 3-[2-(3,7-dimethylocta-2,6-dien-1-yl)-3,4-dihydroxyphenyl]propanoic acid","HMDB0030064, HMDB0006709, HMDB0031373, HMDB0035500, HMDB0039277, HMDB0134951","0","348968.875","49689212","6","0","false","0.000019204333511879668",""
"Pacific Northwest National Laboratory","20201130_jl_lungmap_agarose_1","2020-12-01_22h59m24s","C18H19ClN4O","M+Na","","C18H19ClN4O+Na+","365.11395961100004","0.013221198","0.5","0.015849266594308863","0.8583853513270003","0.9718054837040869","Clozapine N-oxide","HMDB0060900","0","310238.71875","308157664","1","1","false","0.00020197840058244765","C12H22O11+Na+"
"Pacific Northwest National Laboratory","20201130_jl_lungmap_agarose_1","2020-12-01_22h59m24s","C7H18N2","M+Na","","C7H18N2+Na+","153.13621925899997","0.01322861","0.5","0.013530891249147057","0.9808359606382256","0.9967619047619047","N(1)-isopropyl-2-methylpropan-1,2-diamine","HMDB0062730","0","192892.15625","44062252","1","0","false","0.00017651340749580413",""
"Pacific Northwest National Laboratory","20201130_jl_lungmap_agarose_1","2020-12-01_22h59m24s","C15H21F3N2O2","M+Na","","C15H21F3N2O2+Na+","341.14473307500003","0.013245953","0.5","0.014116698379146276","0.9581865916773931","0.979264475743349","Fluvoxamine","HMDB0014322","0","264363.84375","60522540","1","0","false","0.000022483971406472847",""
"Pacific Northwest National Laboratory","20201130_jl_lungmap_agarose_1","2020-12-01_22h59m24s","C9H11N5O4","M+K","","C9H11N5O4+K+","292.044261725","0.013253432","0.5","0.013792752416684742","0.9655921000024015","0.9951388888888889","L-Threoneopterin, Neopterin, Hydroxysepiapterin, D-erythro-Eritadenine","HMDB0000727, HMDB0000845, HMDB0002109, HMDB0029895","0","174921.421875","19061424","4","0","false","0.0006251881713978946",""
"Pacific Northwest National Laboratory","20201130_jl_lungmap_agarose_1","2020-12-01_22h59m24s","C15H12ClNO2","M+K","","C15H12ClNO2+K+","312.018814217","0.01327144","0.5","0.018906623323752546","0.7042942478438784","0.9966666666666667","Carprofen","HMDB0014959","0","231774.5","50767132","1","3","false","0.00002563751331763342","C10H12ClN3O3S+Na+, C14H11Cl2NO3+H+, C11H12O8+K+"
"Pacific Northwest National Laboratory","20201130_jl_lungmap_agarose_1","2020-12-01_22h59m24s","C40H50O4","M+Na","","C40H50O4+Na+","617.360130763","0.013295644","0.5","0.016108998786713624","0.8559927256877344","0.9642080378250591","7,8-Dehydroastaxanthianthin","HMDB0036872","0","410030.15625","154042208","1","0","false","0.000043013307731598616",""
"Pacific Northwest National Laboratory","20201130_jl_lungmap_agarose_1","2020-12-01_22h59m24s","C58H84CoN16O11","M+Na","","C58H84CoN16O11+Na+","1262.5729621909998","0.013300423","0.5","0.017083400634484647","0.7879592304916052","0.9880692167577414","Adenosyl cobinamide","HMDB0006903","0","286129.4375","68387240","1","0","false","0.000016481555576319806",""
"Pacific Northwest National Laboratory","20201130_jl_lungmap_agarose_1","2020-12-01_22h59m24s","C20H34O","M+H","","C20H34O+H+","291.268242143","0.013320284","0.5","0.014263245404807489","0.9388527349629662","0.9947126436781609","(3S,6E,10E)-1,6,10,14-Phytatetraen-3-ol, 8alpha-13(16),14-Labdadien-8-ol, (ent-16alpha)-16-Kauranol, 18-Deoxysagittarol, Serratol","HMDB0035083, HMDB0035276, HMDB0036723, HMDB0036834, HMDB0039827","0","180275.265625","18962286","5","0","false","0.001150363008491695",""
"Pacific Northwest National Laboratory","20201130_jl_lungmap_agarose_1","2020-12-01_22h59m24s","C15H11ClN2O2","M+H","","C15H11ClN2O2+H+","287.05818172700003","0.013331652","0.5","0.015297030700997182","0.8754726764481143","0.9954838709677419","Oxazepam, Demoxepam, norclobazam, p-Hydroxynordiazepam","HMDB0014980, HMDB0041867, HMDB0060970, HMDB0061175","0","182332.9375","20501560","4","0","false","0.00020214429241605103",""
"Pacific Northwest National Laboratory","20201130_jl_lungmap_agarose_1","2020-12-01_22h59m24s","C4H12N4O","M+K","","C4H12N4O+K+","171.06426889699998","0.013344799","0.5","0.013567744798551126","0.9857957371519915","0.9977401129943503","(3-Aminopropoxy)guanidine","HMDB0039228","0","172773.203125","37419816","1","0","false","0.0002987053885590285",""
"Pacific Northwest National Laboratory","20201130_jl_lungmap_agarose_1","2020-12-01_22h59m24s","C14H14N8O4S3","M+Na","","C14H14N8O4S3+Na+","477.019235121","0.013366704","0.5","0.01453087440262596","0.922484430162517","0.9971799672361339","Cefazolin","HMDB0015422","0","451129.4375","1770941440","1","0","false","0.000035506203857949004",""
"Pacific Northwest National Laboratory","20201130_jl_lungmap_agarose_1","2020-12-01_22h59m24s","C10H22O","M+Na","","C10H22O+Na+","181.15628600699998","0.013406386","0.5","0.013825574143958833","0.9721729662930618","0.9974358974358974","Decyl alcohol, (±)-3-Decanol, 3,7-Dimethyl-3-octanol, (R)-Dihydrocitronellol","HMDB0011624, HMDB0031408, HMDB0035246, HMDB0035411","0","166808.484375","34491536","4","0","false","0.00008256869477918372",""
"Pacific Northwest National Laboratory","20201130_jl_lungmap_agarose_1","2020-12-01_22h59m24s","C13H18O","M+K","","C13H18O+K+","229.09892308899998","0.013445508","0.5","0.014100512930351873","0.9566705785624132","0.9967353951890034","2,2,6,7-Tetramethylbicyclo[4.3.0]nona-1(9),4-dien-8-one, beta-Damascenone, 2-(3-Phenylpropyl)tetrahydrofuran, xi-3-(4-Isopropylphenyl)-2-methylpropanal, dehydro-beta-Ionone, Megastigmatrienone","HMDB0036685, HMDB0013804, HMDB0036178, HMDB0037763, HMDB0059904, HMDB0059906","0","188758.6875","24679476","6","0","false","0.00004872940553468652",""
"Pacific Northwest National Laboratory","20201130_jl_lungmap_agarose_1","2020-12-01_22h59m24s","C15H25N3O","M+H","","C15H25N3O+H+","264.207038855","0.013451945","0.5","0.014052244420349557","0.9615957317597025","0.9955128205128205","Lisdexamfetamine","HMDB0015385","0","171904.140625","20350198","1","0","false","0.00012860535935033113",""
"Pacific Northwest National Laboratory","20201130_jl_lungmap_agarose_1","2020-12-01_22h59m24s","C9H13NO2","M+H","","C9H13NO2+H+","168.101905091","0.013491561","0.5","0.01392385853126638","0.9737528922565356","0.9950704225352113","3-Methoxytyramine, 4-(beta-Methylaminoethyl)catechol, Phenylephrine, p-Synephrine, 4-Methoxytyramine, Metaraminol, Ethinamate, Norpandamarilactonine A, 2-(2-Furanyl)-3-piperidinol, 4-Hydroxynorephedrine, a-Methyldopamine, 1-(3-Pyridinyl)-1,4-butanediol, D-synephrine","HMDB0000022, HMDB0032020, HMDB0002182, HMDB0004826, HMDB0012162, HMDB0014748, HMDB0015165, HMDB0038869, HMDB0039837, HMDB0060592, HMDB0060807, HMDB0062266, HMDB0062811","0","182335.578125","36165064","13","0","false","0.00003230289075872861",""
"Pacific Northwest National Laboratory","20201130_jl_lungmap_agarose_1","2020-12-01_22h59m24s","C2H5NS2","M+Na","","C2H5NS2+Na+","129.975562183","0.013511095","0.5","0.014073577424549922","0.9743907206587127","0.9852646638054363","Methylcarbamodithioic acid K salt","HMDB0039221","0","179681.203125","56716908","1","0","false","0.000012616784260899294",""
"Pacific Northwest National Laboratory","20201130_jl_lungmap_agarose_1","2020-12-01_22h59m24s","C23H40O4","M+H","","C23H40O4+H+","381.29993619500004","0.013524372","0.5","0.01519137105997326","0.9260149527471578","0.9613956105796286","MG(0:0/20:3(11Z,14Z,17Z)/0:0), MG(0:0/20:3(5Z,8Z,11Z)/0:0), MG(0:0/20:3(8Z,11Z,14Z)/0:0), MG(20:3(11Z,14Z,17Z)/0:0/0:0), MG(20:3(5Z,8Z,11Z)/0:0/0:0), MG(20:3(8Z,11Z,14Z)/0:0/0:0), Isopersin, 2-Hydroxy-4-oxo-5,12-heneicosadien-1-yl acetate, Persin","HMDB0011545, HMDB0011546, HMDB0011547, HMDB0011575, HMDB0011576, HMDB0011577, HMDB0032735, HMDB0039403, HMDB0041103","0","454379.03125","328596928","9","0","false","0.000014879276932333596",""
"Pacific Northwest National Laboratory","20201130_jl_lungmap_agarose_1","2020-12-01_22h59m24s","C22H29NO10","M+K","","C22H29NO10+K+","506.1423040210001","0.013539678","0.5","0.014963985692402211","0.9212428924529137","0.982170542635659","Bis-N-butyl phthalate","HMDB0031949","0","171939.765625","6292365.5","1","0","false","0.001098816399462521",""
"Pacific Northwest National Laboratory","20201130_jl_lungmap_agarose_1","2020-12-01_22h59m24s","C10H17N","M+Na","","C10H17N+Na+","174.12532022699997","0.013545635","0.5","0.014028124192037347","0.9684539634512186","0.9970588235294118","Amantadine","HMDB0015051","0","169463.734375","30273598","1","0","false","0.0028990155551582575",""
"Pacific Northwest National Laboratory","20201130_jl_lungmap_agarose_1","2020-12-01_22h59m24s","C18H24N4O","M+Na","","C18H24N4O+Na+","335.184232071","0.0135472445","0.5","0.014341221178813117","0.9497018501514078","0.9946666666666667","Granisetron","HMDB0015026","0","191141.25","16833624","1","0","false","0.00005969548874418251",""
"Pacific Northwest National Laboratory","20201130_jl_lungmap_agarose_1","2020-12-01_22h59m24s","C20H23NO","M+H","","C20H23NO+H+","294.185240791","0.013584328","0.5","0.014511869332048944","0.9420246279493277","0.9936936936936936","E-10-Hydroxyamitriptyline, Quifenadine","HMDB0013888, HMDB0240236","0","189557.609375","14562294","2","0","false","0.0005232751718722284",""
"Pacific Northwest National Laboratory","20201130_jl_lungmap_agarose_1","2020-12-01_22h59m24s","C5H9NO2S","M+H","","C5H9NO2S+H+","148.042676133","0.01362426","0.5","0.013776587947754541","0.9913712492327812","0.9975505857294995","Thiomorpholine 3-carboxylate","HMDB0059611","0","175720.375","39443456","1","0","false","0.00002037923150055576",""
"Pacific Northwest National Laboratory","20201130_jl_lungmap_agarose_1","2020-12-01_22h59m24s","C25H40O3","M+H","","C25H40O3+H+","389.305021575","0.013629638","0.5","0.015132752082077006","0.9269541256044557","0.9716461628588167","Methyl 2-(10-heptadecenyl)-6-hydroxybenzoate","HMDB0038523","0","252776.515625","85169736","1","0","false","0.00002978103657369502",""
"Pacific Northwest National Laboratory","20201130_jl_lungmap_agarose_1","2020-12-01_22h59m24s","C17H12O5","M+K","","C17H12O5+K+","335.031631377","0.013634876","0.5","0.018845407991353296","0.7274420037386866","0.9945973496432212","Gyrocyanin","HMDB0034126","0","223007.171875","45622196","1","0","false","0.00007072689913911745",""
"Pacific Northwest National Laboratory","20201130_jl_lungmap_agarose_1","2020-12-01_22h59m24s","C22H23ClN2O2","M+Na","","C22H23ClN2O2+Na+","405.1340263590001","0.013667662","0.5","0.016537440908366105","0.8520168831599793","0.9700133868808568","Loratadine","HMDB0005000","0","299034.84375","39231256","1","1","false","0.000561585184186697","C24H20O6+H+"
"Pacific Northwest National Laboratory","20201130_jl_lungmap_agarose_1","2020-12-01_22h59m24s","C9H17NO7","M+Na","","C9H17NO7+Na+","274.089722567","0.01368442","0.5","0.014096328786244897","0.9760264816904748","0.9946236559139785","Muramic acid, N-(1-Deoxy-1-fructosyl)alanine","HMDB0003254, HMDB0038662","0","189373.171875","16270840","2","2","false","0.00024503140593878925","C15H15NO2S+H+, C9H18N2O4S+Na+"
"Pacific Northwest National Laboratory","20201130_jl_lungmap_agarose_1","2020-12-01_22h59m24s","C12H16N2O3","M+Na","","C12H16N2O3+Na+","259.105313055","0.013704321","0.5","0.014222819503105664","0.9672889473791678","0.9961290322580645","Alanyl-Phenylalanine, Phenylalanyl-Alanine, Hexobarbital, O-Desmethyl-lacosamide, N-acetyl-5-methoxykynuramine","HMDB0028694, HMDB0028988, HMDB0015444, HMDB0060855, HMDB0062497","0","203004.578125","20215968","5","0","false","0.00016822713951114565",""
"Pacific Northwest National Laboratory","20201130_jl_lungmap_agarose_1","2020-12-01_22h59m24s","C44H81O10P","M+H","","C44H81O10P+H+","801.5640122269999","0.013756524","0.5","0.01646524061382277","0.8376055335255779","0.9974728448546494","PG(18:0/20:3(5Z,8Z,11Z)), PG(18:0/20:3(8Z,11Z,14Z)), PG(20:1(11Z)/18:2(9Z,12Z))","HMDB0010608, HMDB0010609, HMDB0116576","0","3292726.5","10821372928","3","0","false","0.00007396526780212298",""
"Pacific Northwest National Laboratory","20201130_jl_lungmap_agarose_1","2020-12-01_22h59m24s","C10H6O4","M+H","","C10H6O4+H+","191.03388510699997","0.013771414","0.5","0.014202770816266698","0.9748740383959159","0.9946194225721785","Coumarin-4-carboxylic acid, 8H-1,3-Dioxolo[4,5-h][1]benzopyran-8-one, 6-Formylumbelliferone, 1-oxo-1H-isochromene-3-carboxylic acid, 7-hydroxy-1-oxo-1H-isochromene-3-carbaldehyde, 6-hydroxy-1-oxo-1H-isochromene-3-carbaldehyde, 5-hydroxy-1-oxo-1H-isochromene-3-carbaldehyde","HMDB0032944, HMDB0039045, HMDB0039147, HMDB0128616, HMDB0128617, HMDB0128618, HMDB0128619","0","176566.796875","32158734","7","0","false","0.00012100357707822695",""
"Pacific Northwest National Laboratory","20201130_jl_lungmap_agarose_1","2020-12-01_22h59m24s","C68H126N2O23","M+Na","","C68H126N2O23+Na+","1361.864358975","0.013783647","0.5","0.018591493847106295","0.7434810182250526","0.9971947194719472","Ganglioside GA1 (d18:1/24:0), Tetrahexosylceramide (d18:1/24:0)","HMDB0004909, HMDB0004967","0","335848.84375","40356996","2","0","false","0.00013022712664678693",""
"Pacific Northwest National Laboratory","20201130_jl_lungmap_agarose_1","2020-12-01_22h59m24s","C19H27N3O5S2","M+Na","","C19H27N3O5S2+Na+","464.128433987","0.013820843","0.5","0.015953745506489835","0.8733683538162564","0.9919148936170212","Dofetilide","HMDB0014349","0","223327.296875","35868468","1","1","false","0.0001329848455497995","C19H19N7O6+Na+"
"Pacific Northwest National Laboratory","20201130_jl_lungmap_agarose_1","2020-12-01_22h59m24s","C9H15NO8P","M+Na","","C9H15NO8P+Na+","319.042749123","0.013825078","0.5","0.014241272936036086","0.9771651933523862","0.9934609250398724","(R)-4'-phosphonatopantothenate(3-)","HMDB0062700","0","199963.046875","28503058","1","1","false","0.00001949298894032836","C13H12O8+Na+"
"Pacific Northwest National Laboratory","20201130_jl_lungmap_agarose_1","2020-12-01_22h59m24s","C4H8O2S2","M+K","","C4H8O2S2+K+","190.95972972899997","0.0138325365","0.5","0.014280680218142357","0.9711282759118841","0.9974160206718347","1,4-Dithiane-2,5-diol, Dihydroasparagusic acid, Oxidized dithiothreitol","HMDB0033670, HMDB0035716, HMDB0059664","0","183696.65625","32727242","3","0","false","0.00002352220326429233",""
"Pacific Northwest National Laboratory","20201130_jl_lungmap_agarose_1","2020-12-01_22h59m24s","C5H12","M+Na","","C5H12+Na+","95.083121067","0.01386797","0.5","0.014242147623506961","0.9764858428290537","0.9971751412429378","Pentane","HMDB0029603","0","140331.25","24140500","1","0","false","0.0002694169816095382",""
"Pacific Northwest National Laboratory","20201130_jl_lungmap_agarose_1","2020-12-01_22h59m24s","C20H23N","M+Na","","C20H23N+Na+","300.1722704190001","0.013871515","0.5","0.0147450562636195","0.9454451895323266","0.9950413223140496","Amitriptyline, Maprotiline, 2-Ethylidene-1,5-dimethyl-3,3-diphenylpyrrolidine, N-Desmethylterbinafine","HMDB0014466, HMDB0015069, HMDB0041803, HMDB0060891","0","200819.765625","16092103","4","0","false","0.0008526966557838023",""
"Pacific Northwest National Laboratory","20201130_jl_lungmap_agarose_1","2020-12-01_22h59m24s","C17H15O7","M+H","","C17H15O7+H+","332.089054255","0.013901303","0.5","0.014750357708175102","0.9523178561260516","0.9896258503401361","3,5,7-trihydroxy-2-(4-hydroxy-3,5-dimethoxyphenyl)-5H-chromen-5-yl, 3,5,7-trihydroxy-2-(4-hydroxy-3,5-dimethoxyphenyl)-1λ⁴-chromen-1-ylium","HMDB0128141, HMDB0131420","0","192836.296875","26551060","2","1","false","0.00029557867674157023","C18H15NO4+Na+"
"Pacific Northwest National Laboratory","20201130_jl_lungmap_agarose_1","2020-12-01_22h59m24s","C47H94NO8P","M+Na","","C47H94NO8P+Na+","854.660926651","0.013922377","0.5","0.017024357732999082","0.8257639996524293","0.9903454168192359","PC(15:0/24:0), PE(18:0/24:0), PE(20:0/22:0), PE(22:0/20:0), PE(24:0/18:0), PE-NMe2(16:0/24:0), PE-NMe2(18:0/22:0), PE-NMe2(20:0/20:0), PE-NMe2(22:0/18:0), PE-NMe2(24:0/16:0)","HMDB0007959, HMDB0009013, HMDB0009237, HMDB0009493, HMDB0009717, HMDB0113960, HMDB0114002, HMDB0114193, HMDB0114415, HMDB0114607","0","2748721.25","5810135040","10","1","false","0.00003854871101793833","C47H95N2O6P+K+"
"Pacific Northwest National Laboratory","20201130_jl_lungmap_agarose_1","2020-12-01_22h59m24s","C4H11Cl2N2O2P","M+Na","","C4H11Cl2N2O2P+Na+","242.98274067499997","0.013937563","0.5","0.01729759752914454","0.8105803588475744","0.9940425531914894","Phosphoramide mustard, Isophosphamide mustard","HMDB0060689, HMDB0060691","0","175870.8125","30398646","2","0","false","0.0002802710805553943",""
"Pacific Northwest National Laboratory","20201130_jl_lungmap_agarose_1","2020-12-01_22h59m24s","C19H17ClO8","M+H","","C19H17ClO8+H+","409.068471639","0.013959346","0.5","0.0166180029653783","0.8603633914516867","0.9763473053892215","7-chloro-2-(3,4-dimethoxyphenyl)-5,8-dihydroxy-3,6-dimethoxy-4H-chromen-4-one, 7-chloro-2-(3,4-dimethoxyphenyl)-5,6-dihydroxy-3,8-dimethoxy-4H-chromen-4-one, 7-chloro-2-(3,4-dimethoxyphenyl)-3,5-dihydroxy-6,8-dimethoxy-4H-chromen-4-one","HMDB0135842, HMDB0135844, HMDB0135846","0","473533.25","123096312","3","0","false","0.000004822826667805202",""
"Pacific Northwest National Laboratory","20201130_jl_lungmap_agarose_1","2020-12-01_22h59m24s","C11H11N5","M+K","","C11H11N5+K+","252.06460324499997","0.013968176","0.5","0.014605738386882432","0.9595794002403397","0.9966329966329966","Phenazopyridine, 2-Amino-3,8-dimethyl-3H-imidazo[4,5-f]quinoxaline","HMDB0015506, HMDB0029864","0","179920.3125","25850786","2","0","false","0.00018448932678438723",""
"Pacific Northwest National Laboratory","20201130_jl_lungmap_agarose_1","2020-12-01_22h59m24s","C9H10N2O3","M+Na","","C9H10N2O3+Na+","217.05836286299996","0.014002169","0.5","0.014348394913770672","0.979197403503932","0.9966019417475728","4-Aminohippuric acid, Pyridylacetylglycine","HMDB0001867, HMDB0059723","0","174090.046875","26388300","2","0","false","0.0005413491744548082",""
"Pacific Northwest National Laboratory","20201130_jl_lungmap_agarose_1","2020-12-01_22h59m24s","C13H10N2O4","M+K","","C13H10N2O4+K+","297.027214693","0.01403967","0.5","0.015437427987577097","0.9556933817062063","0.9516195727084769","Thalidomide","HMDB0015175","0","250743.78125","212257216","1","0","false","0.00002621635576360859",""
"Pacific Northwest National Laboratory","20201130_jl_lungmap_agarose_1","2020-12-01_22h59m24s","C9H14N2O","M+Na","","C9H14N2O+Na+","189.09983375099998","0.01408063","0.5","0.01448484124240076","0.975596327459952","0.9964102564102564","3-Isopropyl-2-methoxy-5-methylpyrazine, 2-Methoxy-3-(2-methylpropyl)pyrazine, 2-Methoxy-3-(1-methylpropyl)pyrazine","HMDB0029742, HMDB0031860, HMDB0032933","0","173672.84375","24619078","3","0","false","0.00009168037649942562",""
"Pacific Northwest National Laboratory","20201130_jl_lungmap_agarose_1","2020-12-01_22h59m24s","C9H9NOS","M+H","","C9H9NOS+H+","180.04776151299998","0.014092132","0.5","0.01426854548710336","0.9902769589344955","0.9973333333333333","1-(Isothiocyanatomethyl)-4-methoxybenzene","HMDB0032581","0","182389.859375","31584308","1","0","false","0.0001591578620718792",""
"Pacific Northwest National Laboratory","20201130_jl_lungmap_agarose_1","2020-12-01_22h59m24s","C5H8NO5","M+Na","","C5H8NO5+Na+","185.029468039","0.014135819","0.5","0.014346977108072995","0.987862272177837","0.9973880597014926","Erythro-4-hydroxy-L-glutamate(1-)","HMDB0062752","0","176733.734375","34130144","1","0","false","0.00008631803939351812",""
"Pacific Northwest National Laboratory","20201130_jl_lungmap_agarose_1","2020-12-01_22h59m24s","C13H14N2O4","M+Na","","C13H14N2O4+Na+","285.08457761100004","0.014166757","0.5","0.0146994319726034","0.9660087508785062","0.9976744186046511","L-cis-Cyclo(aspartylphenylalanyl)","HMDB0031360","0","205994.140625","34895752","1","1","false","0.00011546702444320545","C11H16O7+Na+"
"Pacific Northwest National Laboratory","20201130_jl_lungmap_agarose_1","2020-12-01_22h59m24s","C3H7N3O4","M+K","","C3H7N3O4+K+","188.006813597","0.01417073","0.5","0.01442396814153738","0.9885012876998795","0.9938714499252616","(3-Nitroamino)alanine","HMDB0029398","0","178727.828125","28347908","1","1","false","0.0004233296785969287","C3H7O7P+H+"
"Pacific Northwest National Laboratory","20201130_jl_lungmap_agarose_1","2020-12-01_22h59m24s","C15H15ClN2S","M+Na","","C15H15ClN2S+Na+","313.053668033","0.014175997","0.5","0.015998549585446064","0.8899737960013441","0.995625","Dedimethylchlorpromazine","HMDB0061134","0","188549.421875","44529144","1","3","false","0.0002080837730318308","C12H18O4S2+Na+, C13H12O9+H+, C10H10N7O2S+Na+"
"Pacific Northwest National Laboratory","20201130_jl_lungmap_agarose_1","2020-12-01_22h59m24s","C11H22N2O3","M+H","","C11H22N2O3+H+","231.170318999","0.014186057","0.5","0.01464145627644751","0.9722163384938738","0.9965853658536585","Leucyl-Valine, Valyl-Isoleucine, Valyl-Leucine, Isoleucyl-Valine","HMDB0028942, HMDB0029130, HMDB0029131, HMDB0028920","0","179139.609375","26497556","4","0","false","0.00007971510785864666",""
"Pacific Northwest National Laboratory","20201130_jl_lungmap_agarose_1","2020-12-01_22h59m24s","C2HCl3","M+K","","C2HCl3+K+","168.877541025","0.01418729","0.5","0.02008975391719144","0.7110157805447117","0.9932203389830508","Trichloroethylene","HMDB0029593","0","183888.84375","37364376","1","0","false","0.00017300518811680377",""
"Pacific Northwest National Laboratory","20201130_jl_lungmap_agarose_1","2020-12-01_22h59m24s","C9H20N2O2","M+Na","","C9H20N2O2+Na+","211.14169856299998","0.014203574","0.5","0.014587605433406947","0.9768982149199644","0.9966996699669967","N6,N6,N6-Trimethyl-L-lysine","HMDB0001325","0","178357.90625","25823952","1","0","false","0.00010875972657231614",""
"Pacific Northwest National Laboratory","20201130_jl_lungmap_agarose_1","2020-12-01_22h59m24s","C19H24O11","M+Na","","C19H24O11+Na+","451.12108227100003","0.0142354835","0.5","0.015330691828599472","0.9378605171456031","0.990084388185654","6-[2-(carboxymethyl)-3,5-dihydroxy-4-(3-methylbut-2-en-1-yl)phenoxy]-3,4,5-trihydroxyoxane-2-carboxylic acid, 6-[4-(carboxymethyl)-3,5-dihydroxy-2-(3-methylbut-2-en-1-yl)phenoxy]-3,4,5-trihydroxyoxane-2-carboxylic acid, 6-[2-(carboxymethyl)-3,5-dihydroxy-6-(3-methylbut-2-en-1-yl)phenoxy]-3,4,5-trihydroxyoxane-2-carboxylic acid, 3,4,5-trihydroxy-6-({2-[2,4,6-trihydroxy-3-(3-methylbut-2-en-1-yl)phenyl]acetyl}oxy)oxane-2-carboxylic acid","HMDB0125492, HMDB0125493, HMDB0125494, HMDB0125495","0","191750.5","23157582","4","0","false","0.00042352793389",""
"Pacific Northwest National Laboratory","20201130_jl_lungmap_agarose_1","2020-12-01_22h59m24s","C5H9NO4","M+Na","","C5H9NO4+Na+","170.042378451","0.01424601","0.5","0.014627953452237791","0.9786302828342169","0.9951557093425606","N-Acetylserine, L-Glutamic acid, N-Methyl-D-aspartic acid, O-Acetylserine, D-Glutamic acid, L-4-Hydroxyglutamate semialdehyde, 3-(Carboxymethylamino)propanoic acid, N-lactoyl-Glycine, DL-Glutamate","HMDB0002931, HMDB0000148, HMDB0002393, HMDB0003011, HMDB0003339, HMDB0006556, HMDB0033550, HMDB0062183, HMDB0060475","0","172833.875","36814520","9","0","false","0.00046680221566930413",""
"Pacific Northwest National Laboratory","20201130_jl_lungmap_agarose_1","2020-12-01_22h59m24s","C26H41NO34S4","M+H","","C26H41NO34S4+H+","1040.0465585069999","0.014270731","0.5","0.017056636058525167","0.8618360587263709","0.9707964601769912","Heparin","HMDB0001394","0","482746.96875","105598288","1","0","false","0.000538496533408761",""
"Pacific Northwest National Laboratory","20201130_jl_lungmap_agarose_1","2020-12-01_22h59m24s","C13H12O2","M+Na","","C13H12O2+Na+","223.07295030699999","0.01428482","0.5","0.014833665767506542","0.9693755993822911","0.9934230194319881","Safynol, Monobenzone, (Z)-3-(1-Butenyl)-1H-2-benzopyran-1-one","HMDB0036460, HMDB0014738, HMDB0030646","0","168243.546875","28507252","3","0","false","0.00008862745016813278",""
"Pacific Northwest National Laboratory","20201130_jl_lungmap_agarose_1","2020-12-01_22h59m24s","C18H20O9","M+H","","C18H20O9+H+","381.118008655","0.01429614","0.5","0.015223369305644672","0.9421780965770418","0.9967242019302153","5,8-dihydroxy-2-(1-hydroxy-3-methoxy-4-oxocyclohexyl)-3,7-dimethoxy-4H-chromen-4-one, 2-(1,3-dihydroxy-4-oxocyclohexyl)-5-hydroxy-3,6,7-trimethoxy-4H-chromen-4-one","HMDB0129296, HMDB0130285","0","447357.71875","1352489856","2","0","false","0.00025805612676776946",""
"Pacific Northwest National Laboratory","20201130_jl_lungmap_agarose_1","2020-12-01_22h59m24s","C12H29N3","M+Na","","C12H29N3+Na+","238.225368611","0.014309186","0.5","0.014757783324858446","0.9727507002180223","0.9967637540453075","Solamine","HMDB0031202","0","177502.921875","26410022","1","0","false","0.0006691926391795278",""
"Pacific Northwest National Laboratory","20201130_jl_lungmap_agarose_1","2020-12-01_22h59m24s","C7H7Cl","M+H","","C7H7Cl+H+","127.03090435899999","0.014354657","0.5","0.01601990118452333","0.914338298483659","0.98","Benzyl chloride","HMDB0059882","0","172154.359375","64455200","1","0","false","0.00011948231258429587",""
"Pacific Northwest National Laboratory","20201130_jl_lungmap_agarose_1","2020-12-01_22h59m24s","C39H78NO7P","M+K","","C39H78NO7P+K+","742.514748729","0.014356567","0.5","0.017205896424217243","0.8501414129781052","0.9814814814814815","PC(15:0/P-16:0), PE(16:0/P-18:0), PE(18:0/P-16:0), PE(P-16:0e/18:1(9Z)), PC(P-16:0/15:0), PE(P-16:0/18:0), PE(P-18:0/16:0)","HMDB0007961, HMDB0008950, HMDB0009015, HMDB0011157, HMDB0011205, HMDB0011340, HMDB0011371","0","657357.25","136641568","7","0","false","0.00010568442667135969",""
"Pacific Northwest National Laboratory","20201130_jl_lungmap_agarose_1","2020-12-01_22h59m24s","C9H14N2O5","M+Na","","C9H14N2O5+Na+","253.07949223099996","0.014410255","0.5","0.014761062089591223","0.9804512331397924","0.9956989247311828","Aspartyl-Proline, Prolyl-Aspartate, Aspartyl-L-proline, (1R,2S,3R)-2-Acetyl-4(5)-(1,2,3,4-tetrahydroxybutyl)imidazole, 1-(gamma-Glutamylamino)cyclopropanecarboxylic acid, (2S,3'S)-alpha-Amino-2-carboxy-5-oxo-1-pyrrolidinebutanoic acid","HMDB0028761, HMDB0029013, HMDB0002335, HMDB0029756, HMDB0031701, HMDB0039110","0","179328.234375","20031846","6","0","false","0.000253381411312148",""
"Pacific Northwest National Laboratory","20201130_jl_lungmap_agarose_1","2020-12-01_22h59m24s","C14H16","M+H","","C14H16+H+","185.132476947","0.014430117","0.5","0.015116819863813668","0.9605430823357372","0.9937853107344633","1,4-Dimethyl-7-ethylazulene","HMDB0036470","0","167011.421875","29758602","1","0","false","0.00019467035599518567",""
"Pacific Northwest National Laboratory","20201130_jl_lungmap_agarose_1","2020-12-01_22h59m24s","C31H20O10","M+H","","C31H20O10+H+","553.112923275","0.0144633325","0.5","0.01634000184943984","0.8971102326065302","0.9866666666666667","Bilobetin","HMDB0030833","0","185330.21875","8908302","1","0","false","0.0014294657157734036",""
"Pacific Northwest National Laboratory","20201130_jl_lungmap_agarose_1","2020-12-01_22h59m24s","C10H10O4","M+H","","C10H10O4+H+","195.06518523499997","0.01447271","0.5","0.015034311693133977","0.9652296136651172","0.9973226238286479","Piperonyl acetate, Meconine, trans-Ferulic acid, Isoferulic acid, Monoethyl phthalate, Vanillin acetate, (-)-trans-3,4-Dihydro-4,8-dihydroxy-3-methyl-1H-2-benzopyran-1-one, 3-(2-Hydroxy-3-methoxyphenyl)-2-propenoic acid, Repandiol, mono-Benzyl malonate, 2,5-Dihydroxycinnamic acid methyl ester, (2E)-3-(3-hydroxy-5-methoxyphenyl)prop-2-enoic acid, 3-(3-hydroxy-5-methoxyphenyl)prop-2-enoic acid, 3-(4-hydroxy-3-methoxyphenyl)prop-2-enoic acid, 3-(4-methoxyphenyl)-2-oxopropanoic acid, 3-(3-hydroxy-4-methoxyphenyl)prop-2-enoic acid, (2Z)-2-hydroxy-3-(4-methoxyphenyl)prop-2-enoic acid, (2E)-3-(2-hydroxy-4-methoxyphenyl)prop-2-enoic acid, 3-(4-methoxyphenyl)oxirane-2-carboxylic acid, 3-(2-hydroxy-3-methoxyphenyl)prop-2-enoic acid, 3-(2-hydroxy-4-methoxyphenyl)prop-2-enoic acid, 3-(4-hydroxy-2-methoxyphenyl)prop-2-enoic acid, (2E)-3-(3-hydroxy-2-methoxyphenyl)prop-2-enoic acid, (2Z)-2-hydroxy-3-(3-methoxyphenyl)prop-2-enoic acid, 3-(3-methoxyphenyl)-2-oxopropanoic acid, 2-benzylpropanedioic acid","HMDB0032614, HMDB0032652, HMDB0000954, HMDB0000955, HMDB0002120, HMDB0029663, HMDB0030765, HMDB0037644, HMDB0039606, HMDB0059721, HMDB0061686, HMDB0125524, HMDB0125588, HMDB0125096, HMDB0127500, HMDB0131137, HMDB0131171, HMDB0131172, HMDB0131173, HMDB0134088, HMDB0135741, HMDB0137510, HMDB0140957, HMDB0141263, HMDB0141265, HMDB0142175","0","172746.5625","31973454","26","1","false","0.00017375774041283876","C6H11N3O3+Na+"
"Pacific Northwest National Laboratory","20201130_jl_lungmap_agarose_1","2020-12-01_22h59m24s","C20H12O2","M+H","","C20H12O2+H+","285.091006059","0.014482893","0.5","0.01551699862139919","0.9385708900833248","0.9944444444444445","9-Hydroxybenzo[a]pyrene-4,5-oxide","HMDB0062439","0","165073.265625","18101288","1","0","false","0.00005331512511475012",""
"Pacific Northwest National Laboratory","20201130_jl_lungmap_agarose_1","2020-12-01_22h59m24s","C7H13NO5","M+H","","C7H13NO5+H+","192.086648951","0.014483133","0.5","0.014771099628145481","0.9834727077641923","0.9969821673525378","Calystegine C1","HMDB0031346","0","174544.015625","30869936","1","2","false","0.00012758909724652767","C13H12+Na+, C8H13N2O2+Na+"
"Pacific Northwest National Laboratory","20201130_jl_lungmap_agarose_1","2020-12-01_22h59m24s","C6H14N4O2","M+K","","C6H14N4O2+K+","213.07483358099998","0.014485528","0.5","0.014880663344827395","0.9790578368691756","0.9942684766214178","L-Arginine, D-Arginine","HMDB0000517, HMDB0003416","0","198599.34375","28082886","2","1","false","0.0002949531772173941","C10H12O5+H+"
"Pacific Northwest National Laboratory","20201130_jl_lungmap_agarose_1","2020-12-01_22h59m24s","C9H13NO6","M+H","","C9H13NO6+H+","232.08156357099998","0.0145190535","0.5","0.014856832252924003","0.9803696806980253","0.9968325791855204","N2-Succinyl-L-glutamic acid 5-semialdehyde","HMDB0001180","0","170318.828125","28339556","1","0","false","0.00023406551918014884",""
"Pacific Northwest National Laboratory","20201130_jl_lungmap_agarose_1","2020-12-01_22h59m24s","C21H41O7P","M+K","","C21H41O7P+K+","475.22214854500004","0.01454064","0.5","0.016094880840055236","0.9186102865806435","0.9834775442933663","LysoPA(0:0/18:1(9Z)), LysoPA(18:1(9Z)/0:0), DHAP(18:0)","HMDB0007851, HMDB0007855, HMDB0011133","0","358295.90625","559141504","3","0","false","0.00004019947664346546",""
"Pacific Northwest National Laboratory","20201130_jl_lungmap_agarose_1","2020-12-01_22h59m24s","C11H9N","M+Na","","C11H9N+Na+","178.06271997099998","0.014614969","0.5","0.015171761270996802","0.9680363067603286","0.9951080773606371","4-Phenylpyridine","HMDB0033123","0","174219.0625","37215176","1","0","false","0.00006225046672625467",""
"Pacific Northwest National Laboratory","20201130_jl_lungmap_agarose_1","2020-12-01_22h59m24s","C12H14O6","M+H","","C12H14O6+H+","255.08631460299998","0.014638024","0.5","0.015121541210820034","0.9721423869166085","0.9957642725598527","3-(6,7-dimethoxy-2H-1,3-benzodioxol-5-yl)-3-hydroxypropanal, 3-(6,7-dimethoxy-2H-1,3-benzodioxol-5-yl)propanoic acid, 3-(6,7-dimethoxy-2H-1,3-benzodioxol-5-yl)-2-hydroxypropanal, [3-(6,7-dimethoxy-2H-1,3-benzodioxol-5-yl)oxiran-2-yl]methanol, 3-(6-hydroxy-2,3,4-trimethoxyphenyl)prop-2-enoic acid, 3-(4,7-dimethoxy-2H-1,3-benzodioxol-5-yl)propanoic acid","HMDB0128666, HMDB0128669, HMDB0128671, HMDB0128675, HMDB0142077, HMDB0137285","0","167112.859375","23722538","6","0","false","0.00024743450921960175",""
"Pacific Northwest National Laboratory","20201130_jl_lungmap_agarose_1","2020-12-01_22h59m24s","C8H8","M+H","","C8H8+H+","105.06987669099999","0.01470742","0.5","0.015697883725084523","0.9569794870003991","0.9790226876090751","Styrene","HMDB0034240","0","243416.328125","109209072","1","0","false","0.00009032343950821087",""
"Pacific Northwest National Laboratory","20201130_jl_lungmap_agarose_1","2020-12-01_22h59m24s","C21H18O11S","M+Na","","C21H18O11S+Na+","501.04620324900003","0.01473091","0.5","0.01588253656245705","0.9346808702987617","0.9923076923076923","[2-(5,7-dihydroxy-4-oxo-2-phenyl-4H-chromen-6-yl)-3-hydroxy-6-methyl-5-oxooxan-4-yl]oxidanesulfonic acid, [2-(5,7-dihydroxy-4-oxo-2-phenyl-4H-chromen-6-yl)-4-hydroxy-6-methyl-5-oxooxan-3-yl]oxidanesulfonic acid","HMDB0127353, HMDB0127354","0","294309.9375","29152714","2","0","false","0.00005510162372956984",""
"Pacific Northwest National Laboratory","20201130_jl_lungmap_agarose_1","2020-12-01_22h59m24s","C11H10N4","M+H","","C11H10N4+H+","199.09782275499998","0.014758236","0.5","0.01519387044208247","0.9742934789701888","0.9969565217391304","2-Amino-3-methylimidazo[4,5-f]quinoline, 2-Amino-6-methyldipyrido[1,2-a:3',2'-d]imidazole","HMDB0029706, HMDB0029749","0","184458.125","29656850","2","0","false","0.0002702401834540069",""
"Pacific Northwest National Laboratory","20201130_jl_lungmap_agarose_1","2020-12-01_22h59m24s","C22H22N6O5S2","M+K","","C22H22N6O5S2+K+","553.072468037","0.0147717","0.5","0.026647682906350025","0.5709174583496542","0.9709518392112249","Cefpirome","HMDB0041852","0","299353.34375","146624608","1","0","false","0.00004282650843379088",""
"Pacific Northwest National Laboratory","20201130_jl_lungmap_agarose_1","2020-12-01_22h59m24s","C27H45NO4","M+H","","C27H45NO4+H+","448.34213535500004","0.01477274","0.5","0.01667623791482864","0.9126490757714124","0.9706422018348624","N-Stearoyl tyrosine","HMDB0062343","0","280577.65625","86846792","1","0","false","0.00009275558113586158",""
"Pacific Northwest National Laboratory","20201130_jl_lungmap_agarose_1","2020-12-01_22h59m24s","C5H5ClN2","M+K","","C5H5ClN2+K+","166.97728375299997","0.014794379","0.5","0.016310029037346276","0.9090926966134605","0.9977777777777778","3,5,3-triiodothyronine-4-sulfate","HMDB0062205","0","188946.09375","36110032","1","0","false","0.00008406175038544461",""
"Pacific Northwest National Laboratory","20201130_jl_lungmap_agarose_1","2020-12-01_22h59m24s","C5H10N2O2","M+Na","","C5H10N2O2+Na+","153.06344824299998","0.014804107","0.5","0.015071311584544804","0.9878695286657733","0.9943323727185399","L-cis-3-Amino-2-pyrrolidinecarboxylic acid, D-1-Amino-2-pyrrolidinecarboxylic acid","HMDB0029396, HMDB0030405","0","187721.796875","44023296","2","0","false","0.000016778976714704186",""
"Pacific Northwest National Laboratory","20201130_jl_lungmap_agarose_1","2020-12-01_22h59m24s","C11H20","M+H","","C11H20+H+","153.16377707499998","0.014831267","0.5","0.015395141113381257","0.9699673637945504","0.9932017543859649","1,4-Undecadiene, (Z)-1,5-Undecadiene","HMDB0032712, HMDB0041218","0","171832.9375","38467380","2","0","false","0.000026471980163478293",""
"Pacific Northwest National Laboratory","20201130_jl_lungmap_agarose_1","2020-12-01_22h59m24s","C8H7NO2","M+H","","C8H7NO2+H+","150.054954899","0.014835747","0.5","0.015288230751681035","0.9765430906721493","0.9937125748502994","5,6-Dihydroxyindole, NAPQI, (S)-4-Hydroxymandelonitrile","HMDB0004058, HMDB0060946, HMDB0060318","0","173070.21875","42151472","3","0","false","0.00017479548114351928",""
"Pacific Northwest National Laboratory","20201130_jl_lungmap_agarose_1","2020-12-01_22h59m24s","C10H16N2","M+H","","C10H16N2+H+","165.13862494699998","0.01483953","0.5","0.015349807897519543","0.9691265076527368","0.9975546975546975","Trimethylpropylpyrazine, 2,5-Diethyl-3,6-dimethylpyrazine, 2,3-Diethyl-5,6-dimethylpyrazine, 2,6-Diethyl-3,5-dimethylpyrazine","HMDB0040001, HMDB0039979, HMDB0039980, HMDB0039981","0","181965.65625","32909742","4","0","false","0.00006333492638077587",""
"Pacific Northwest National Laboratory","20201130_jl_lungmap_agarose_1","2020-12-01_22h59m24s","C6H10S5","M+Na","","C6H10S5+Na+","264.927826853","0.014846709","0.5","0.016031289151101566","0.9304503410454875","0.9953333333333333","Di-2-propenyl pentasulfide","HMDB0039459","0","171750.359375","19567024","1","0","false","0.001500339014455676",""
"Pacific Northwest National Laboratory","20201130_jl_lungmap_agarose_1","2020-12-01_22h59m24s","C32H39NO4","M+Na","","C32H39NO4+Na+","524.277129411","0.014870047","0.5","0.016706399961692753","0.8931890388477834","0.9965201465201465","Fexofenadine","HMDB0005030","0","225252.78125","27946216","1","0","false","0.0002738218754529953",""
"Pacific Northwest National Laboratory","20201130_jl_lungmap_agarose_1","2020-12-01_22h59m24s","C15H13FO2","M+H","","C15H13FO2+H+","245.097234251","0.014871928","0.5","0.015579263059724785","0.9583782335751909","0.9960552268244576","Flurbiprofen","HMDB0014850","0","177568.125","21942112","1","0","false","0.00009846152534009889",""
"Pacific Northwest National Laboratory","20201130_jl_lungmap_agarose_1","2020-12-01_22h59m24s","C11H17N","M+H","","C11H17N+H+","164.14337597899998","0.014945554","0.5","0.015580771541593683","0.9659926188547352","0.993","Mephentermine, 3-Hexylpyridine, Dimethylamphetamine","HMDB0015452, HMDB0039804, HMDB0041880","0","177030.359375","38029824","3","0","false","0.00006200045754667372",""
"Pacific Northwest National Laboratory","20201130_jl_lungmap_agarose_1","2020-12-01_22h59m24s","C8H8N2O3","M+Na","","C8H8N2O3+Na+","203.04271279899996","0.0149482675","0.5","0.01542322373543662","0.9724629352429056","0.9966499162479062","Nicotinuric acid, Isonicotinylglycine, Picolinoylglycine","HMDB0003269, HMDB0041912, HMDB0059766","0","180966.984375","25433206","3","0","false","0.00018090334197040647",""
"Pacific Northwest National Laboratory","20201130_jl_lungmap_agarose_1","2020-12-01_22h59m24s","C16H18N2O6","M+Na","","C16H18N2O6+Na+","357.105706979","0.014961019","0.5","0.015791537867192073","0.9563488456455974","0.990650406504065","Cappariloside A","HMDB0034937","0","175773.796875","11211932","1","0","false","0.00030124178738333285",""
"Pacific Northwest National Laboratory","20201130_jl_lungmap_agarose_1","2020-12-01_22h59m24s","C22H18N2","M+Na","","C22H18N2+Na+","333.13621925900003","0.014982232","0.5","0.016198635690273137","0.9302073602066034","0.9943019943019943","Bifonazole","HMDB0015583","0","186991.140625","15666308","1","1","false","0.0003409472410567105","C20H20O3+Na+"
"Pacific Northwest National Laboratory","20201130_jl_lungmap_agarose_1","2020-12-01_22h59m24s","C11H22N4O4","M+Na","","C11H22N4O4+Na+","297.15332586700004","0.01498434","0.5","0.015529525413014993","0.971017164389031","0.9936936936936936","Glutaminyllysine, Lysyl-Glutamine, Lysyl-Gamma-glutamate","HMDB0028802, HMDB0028949, HMDB0028965","0","170439.640625","14697915","3","0","false","0.0001978934305952862",""
"Pacific Northwest National Laboratory","20201130_jl_lungmap_agarose_1","2020-12-01_22h59m24s","C36H30O16","M+H","","C36H30O16+H+","719.160661315","0.015034655","0.5","0.017702686891054916","0.8711200599759585","0.9749363867684478","Salvianolic acid L, 6-(4-{3-[5,7-dihydroxy-2-(3-hydroxyphenyl)-4-oxo-3,4-dihydro-2H-1-benzopyran-8-yl]-5,7-dihydroxy-4-oxo-3,4-dihydro-2H-1-benzopyran-2-yl}phenoxy)-3,4,5-trihydroxyoxane-2-carboxylic acid, 6-({8-[5,7-dihydroxy-2-(4-hydroxyphenyl)-4-oxo-3,4-dihydro-2H-1-benzopyran-3-yl]-7-hydroxy-2-(3-hydroxyphenyl)-4-oxo-3,4-dihydro-2H-1-benzopyran-5-yl}oxy)-3,4,5-trihydroxyoxane-2-carboxylic acid, 6-(3-{8-[5,7-dihydroxy-2-(4-hydroxyphenyl)-4-oxo-3,4-dihydro-2H-1-benzopyran-3-yl]-5,7-dihydroxy-4-oxo-3,4-dihydro-2H-1-benzopyran-2-yl}phenoxy)-3,4,5-trihydroxyoxane-2-carboxylic acid, 6-({3-[5,7-dihydroxy-2-(3-hydroxyphenyl)-4-oxo-3,4-dihydro-2H-1-benzopyran-8-yl]-7-hydroxy-2-(4-hydroxyphenyl)-4-oxo-3,4-dihydro-2H-1-benzopyran-5-yl}oxy)-3,4,5-trihydroxyoxane-2-carboxylic acid, 6-({3-[5,7-dihydroxy-2-(3-hydroxyphenyl)-4-oxo-3,4-dihydro-2H-1-benzopyran-8-yl]-5-hydroxy-2-(4-hydroxyphenyl)-4-oxo-3,4-dihydro-2H-1-benzopyran-7-yl}oxy)-3,4,5-trihydroxyoxane-2-carboxylic acid, 6-({8-[5,7-dihydroxy-2-(4-hydroxyphenyl)-4-oxo-3,4-dihydro-2H-1-benzopyran-3-yl]-5-hydroxy-2-(3-hydroxyphenyl)-4-oxo-3,4-dihydro-2H-1-benzopyran-7-yl}oxy)-3,4,5-trihydroxyoxane-2-carboxylic acid, 6-{[8-(5,7-dihydroxy-4-oxo-2-phenyl-3,4-dihydro-2H-1-benzopyran-3-yl)-2-(3,4-dihydroxyphenyl)-7-hydroxy-4-oxo-3,4-dihydro-2H-1-benzopyran-5-yl]oxy}-3,4,5-trihydroxyoxane-2-carboxylic acid, 6-{4-[8-(5,7-dihydroxy-4-oxo-2-phenyl-3,4-dihydro-2H-1-benzopyran-3-yl)-5,7-dihydroxy-4-oxo-3,4-dihydro-2H-1-benzopyran-2-yl]-2-hydroxyphenoxy}-3,4,5-trihydroxyoxane-2-carboxylic acid, 6-{5-[8-(5,7-dihydroxy-4-oxo-2-phenyl-3,4-dihydro-2H-1-benzopyran-3-yl)-5,7-dihydroxy-4-oxo-3,4-dihydro-2H-1-benzopyran-2-yl]-2-hydroxyphenoxy}-3,4,5-trihydroxyoxane-2-carboxylic acid, 6-({3-[2-(3,4-dihydroxyphenyl)-5,7-dihydroxy-4-oxo-3,4-dihydro-2H-1-benzopyran-8-yl]-7-hydroxy-4-oxo-2-phenyl-3,4-dihydro-2H-1-benzopyran-5-yl}oxy)-3,4,5-trihydroxyoxane-2-carboxylic acid, 6-({3-[2-(3,4-dihydroxyphenyl)-5,7-dihydroxy-4-oxo-3,4-dihydro-2H-1-benzopyran-8-yl]-5-hydroxy-4-oxo-2-phenyl-3,4-dihydro-2H-1-benzopyran-7-yl}oxy)-3,4,5-trihydroxyoxane-2-carboxylic acid, 6-{[8-(5,7-dihydroxy-4-oxo-2-phenyl-3,4-dihydro-2H-1-benzopyran-3-yl)-2-(3,4-dihydroxyphenyl)-5-hydroxy-4-oxo-3,4-dihydro-2H-1-benzopyran-7-yl]oxy}-3,4,5-trihydroxyoxane-2-carboxylic acid","HMDB0037370, HMDB0129222, HMDB0129220, HMDB0129221, HMDB0129223, HMDB0129224, HMDB0129225, HMDB0129227, HMDB0129228, HMDB0129229, HMDB0129230, HMDB0129231, HMDB0129232","0","1285390.5","576427648","13","1","false","0.000138891366077587","C31H36O17+K+"
"Pacific Northwest National Laboratory","20201130_jl_lungmap_agarose_1","2020-12-01_22h59m24s","C63H110O24","M+K","","C63H110O24+K+","1289.701862293","0.0150425555","0.5","0.02000460268308928","0.7554990378523583","0.9953086419753087","Simonin III","HMDB0029976","0","270980.4375","24345390","1","0","false","0.0005754404119215906",""
"Pacific Northwest National Laboratory","20201130_jl_lungmap_agarose_1","2020-12-01_22h59m24s","C4H7N3O","M+H","","C4H7N3O+H+","114.06618827899999","0.015052315","0.5","0.0160524818176726","0.9627730999577696","0.9739511295527893","Creatinine","HMDB0000562","0","179566.625","84949288","1","0","false","0.000040745562728261575",""
"Pacific Northwest National Laboratory","20201130_jl_lungmap_agarose_1","2020-12-01_22h59m24s","C19H14O8","M+K","","C19H14O8+K+","409.032025301","0.015056716","0.5","0.016441829604932266","0.9306576469965324","0.9839888244143563","Suillusin, 15,17-dihydroxy-11,18-dimethoxy-6,8,20-trioxapentacyclo[10.8.0.0²,⁹.0³,⁷.0¹⁴,¹⁹]icosa-1(12),2(9),4,10,14(19),15,17-heptaen-13-one, 15,18-dihydroxy-11,17-dimethoxy-6,8,20-trioxapentacyclo[10.8.0.0²,⁹.0³,⁷.0¹⁴,¹⁹]icosa-1(12),2(9),4,10,14(19),15,17-heptaen-13-one, 11,15-dihydroxy-17,18-dimethoxy-6,8,20-trioxapentacyclo[10.8.0.0²,⁹.0³,⁷.0¹⁴,¹⁹]icosa-1(12),2(9),4,10,14(19),15,17-heptaen-13-one","HMDB0037371, HMDB0128900, HMDB0128901, HMDB0128902","0","364419.34375","518909280","4","0","false","0.00010977539204759523",""
"Pacific Northwest National Laboratory","20201130_jl_lungmap_agarose_1","2020-12-01_22h59m24s","C11H15NO8","M+H","","C11H15NO8+H+","290.087042875","0.015058402","0.5","0.01574463555821443","0.9670689169683551","0.9889830508474576","N-Succinyl-2-amino-6-ketopimelate","HMDB0012266","0","230822.515625","48557824","1","0","false","0.000048602007154840976",""
"Pacific Northwest National Laboratory","20201130_jl_lungmap_agarose_1","2020-12-01_22h59m24s","C8H10N2O","M+H","","C8H10N2O+H+","151.086589375","0.0150599005","0.5","0.015471822867963328","0.9753184330881297","0.9980083857442348","2-Acetyl-3,6-dimethylpyrazine, 2-Acetyl-3,5-dimethylpyrazine, 6-Methylnicotinamide, 2-Acetyl-3-ethylpyrazine, 7,8-Dihydro-3-methylpyrrolo[1,2-a]pyrimidin-2(6H)-one","HMDB0039998, HMDB0039999, HMDB0013704, HMDB0029410, HMDB0038513","0","181369.84375","39582452","5","0","false","0.00008827487181406468",""
"Pacific Northwest National Laboratory","20201130_jl_lungmap_agarose_1","2020-12-01_22h59m24s","C8H8OS","M+Na","","C8H8OS+Na+","175.01880672899998","0.015075419","0.5","0.015507243475867013","0.977032891260692","0.9950058072009291","S-Methyl benzenecarbothioate","HMDB0029694","0","168923.6875","36640924","1","0","false","0.000034120443160645664",""
"Pacific Northwest National Laboratory","20201130_jl_lungmap_agarose_1","2020-12-01_22h59m24s","C9H14O3","M+Na","","C9H14O3+Na+","193.08351499099996","0.015089276","0.5","0.015537499566013054","0.9769346298633489","0.9940809968847352","1,4-Ipomeadiol, cis-3-Hexenyl pyruvate","HMDB0030471, HMDB0038276","0","185028.515625","27386428","2","0","false","0.0005108200130052865",""
"Pacific Northwest National Laboratory","20201130_jl_lungmap_agarose_1","2020-12-01_22h59m24s","C20H30O","M+Na","","C20H30O+Na+","309.218886263","0.015102965","0.5","0.01626387235391805","0.9415600352634058","0.9862573099415205","Vitamin A, 11-cis-Retinol, 9-cis-Retinol, 13-cis Retinol, (x)-p-Menth-1-en-4-yl 5-isopropyl-2-methylphenyl ether, Abietinal, ent-16-Kauren-19-al, ent-19-Trachylobanal, 8,13-Abietadien-18-al","HMDB0000305, HMDB0006216, HMDB0006217, HMDB0006221, HMDB0030403, HMDB0034735, HMDB0036728, HMDB0036841, HMDB0038709","0","175727.03125","15122386","9","0","false","0.0005042027914896607",""
"Pacific Northwest National Laboratory","20201130_jl_lungmap_agarose_1","2020-12-01_22h59m24s","C39H76NO8P","M+K","","C39H76NO8P+K+","756.4940132849999","0.015107383","0.5","0.017888924192020737","0.8463956161857118","0.9977726651328732","PC(15:0/16:1(9Z)), PC(16:1(9Z)/15:0), PE(14:0/20:1(11Z)), PE(14:1(9Z)/20:0), PE(16:0/18:1(11Z)), PE(16:0/18:1(9Z)), PE(16:1(9Z)/18:0), PE(18:0/16:1(9Z)), PE(18:1(11Z)/16:0), PE(18:1(9Z)/16:0), PE(20:0/14:1(9Z)), PE(20:1(11Z)/14:0), PE-NMe(15:0/18:1(9Z)), PE-NMe(15:0/18:1(11Z)), PE-NMe(18:1(11Z)/15:0), PE-NMe(18:1(9Z)/15:0), PE-NMe2(16:0/16:1(9Z)), PE-NMe2(14:0/18:1(9Z)), PE-NMe2(14:0/18:1(11Z)), PE-NMe2(14:1(9Z)/18:0), PE-NMe2(16:1(9Z)/16:0), PE-NMe2(18:0/14:1(9Z)), PE-NMe2(18:1(11Z)/14:0), PE-NMe2(18:1(9Z)/14:0)","HMDB0007936, HMDB0008000, HMDB0008834, HMDB0008866, HMDB0008926, HMDB0008927, HMDB0008958, HMDB0008990, HMDB0009022, HMDB0009055, HMDB0009218, HMDB0009250, HMDB0112953, HMDB0112954, HMDB0113112, HMDB0113139, HMDB0113850, HMDB0113851, HMDB0113852, HMDB0113853, HMDB0113965, HMDB0113986, HMDB0114011, HMDB0114038","0","2419603.5","7304144896","24","0","false","0.00027817359659820795",""
"Pacific Northwest National Laboratory","20201130_jl_lungmap_agarose_1","2020-12-01_22h59m24s","C23H20N2O2S","M+K","","C23H20N2O2S+K+","427.087706943","0.015136129","0.5","0.017348158259163842","0.9095746417151183","0.9592307692307692","Sulfinpyrazone sulfide","HMDB0060943","0","349428.96875","260094096","1","0","false","0.00005542932194657624",""
"Pacific Northwest National Laboratory","20201130_jl_lungmap_agarose_1","2020-12-01_22h59m24s","C8H8O8S","M+H","","C8H8O8S+H+","265.001264821","0.015146017","0.5","0.015666515742741242","0.9734132421375257","0.9931818181818182","Methylgallic acid-O-sulphate, 3-hydroxy-5-methoxy-4-(sulfooxy)benzoic acid, 2-[3,5-dihydroxy-4-(sulfooxy)phenyl]acetic acid","HMDB0060005, HMDB0128025, HMDB0130454","0","205365.46875","23008846","3","0","false","0.0003639149945229292",""
"Pacific Northwest National Laboratory","20201130_jl_lungmap_agarose_1","2020-12-01_22h59m24s","C25H43NO4","M+H","","C25H43NO4+H+","422.32648529100004","0.015166454","0.5","0.01659902964387284","0.9205422429924166","0.9925619834710744","Gamma-linolenyl carnitine, Alpha-linolenyl carnitine","HMDB0006318, HMDB0006319","0","212629.109375","35494864","2","0","false","0.00010603419650578871",""
"Pacific Northwest National Laboratory","20201130_jl_lungmap_agarose_1","2020-12-01_22h59m24s","C4H5FN2O2","M+H","","C4H5FN2O2+H+","133.040781995","0.015168255","0.5","0.015583448868470887","0.9793997026989856","0.9938299473288187","5,6-Dihydro-5-fluorouracil","HMDB0060402","0","174037.34375","54538964","1","0","false","0.00009968837548512965",""
"Pacific Northwest National Laboratory","20201130_jl_lungmap_agarose_1","2020-12-01_22h59m24s","C26H32O10","M+K","","C26H32O10+K+","543.162705117","0.015185647","0.5","0.01722453153247952","0.897982939856973","0.9817881386209361","Myricatomentoside I","HMDB0031536","0","369993.9375","691934848","1","1","false","0.000015546685972367413","C29H28O9+Na+"
"Pacific Northwest National Laboratory","20201130_jl_lungmap_agarose_1","2020-12-01_22h59m24s","C6H9NO","M+H","","C6H9NO+H+","112.07569034299999","0.01519124","0.5","0.015970544307317612","0.9639564039276183","0.9867704280155642","Trimethyloxazole, N-Acetyl-2,3-dihydro-1H-pyrrole, 5-Acetyl-3,4-dihydro-2H-pyrrole, 2-Ethyl-4-methyloxazole, 4-Ethyl-2-methyloxazole, 2-Ethyl-5-methyloxazole, 5-Ethyl-2-methyloxazole, 5-Ethyl-4-methyloxazole, 5-Imino-2-methyl-1-cyclopenten-1-ol","HMDB0040148, HMDB0031163, HMDB0031308, HMDB0037837, HMDB0037838, HMDB0037858, HMDB0037859, HMDB0037863, HMDB0039584","0","227333.765625","89950800","9","0","false","0.00001640349546505604",""
"Pacific Northwest National Laboratory","20201130_jl_lungmap_agarose_1","2020-12-01_22h59m24s","C5H8OS","M+H","","C5H8OS+H+","117.03686248099999","0.015235961","0.5","0.015832649771162336","0.9745174507161992","0.9874761904761905","Dihydro-5-methyl-2(3H)-thiophenone, xi-2-Acetylthietane, xI-Dihydro-2-methyl-3(2H)-thiophenone, Dihydro-2-methyl-3(2H)-furanthione","HMDB0040150, HMDB0040258, HMDB0038556, HMDB0040580","0","256466.96875","83003496","4","0","false","0.000021720088625443168",""
"Pacific Northwest National Laboratory","20201130_jl_lungmap_agarose_1","2020-12-01_22h59m24s","C7H14","M+Na","","C7H14+Na+","121.09877113099999","0.015270626","0.5","0.015867664527807628","0.9719023580953123","0.9901960784313726","2-Heptene, (E)-Hept-3-ene, (E)-4,4-Dimethyl-2-pentene, 2,4-Dimethyl-2-pentene, (E)-Hept-2-ene","HMDB0061892, HMDB0061893, HMDB0061894, HMDB0061895, HMDB0061783","0","310426.5625","77622128","5","0","false","0.000017872285752673633",""
"Pacific Northwest National Laboratory","20201130_jl_lungmap_agarose_1","2020-12-01_22h59m24s","C5H10O2","M+Na","","C5H10O2+Na+","125.057300243","0.015322213","0.5","0.01593972191883522","0.9726603027000652","0.9882790165809033","Ethylene oxide/propylene oxide copolymer, Butyl formate, Tetrahydro-2-furanmethanol, Isovaleric acid, Valeric acid, Ethylmethylacetic acid, 3-Hydroxy-2-pentanone, Ethyl propionate, Isopropyl acetate, 2-Methylpropyl formate, Methyl isobutyrate, 2,4-Dimethyl-1,3-dioxolane, (S)-2-Methylbutanoic acid, Methyl butyrate, Propyl acetate, Tetrahydro-2-methyl-3-furanol, Pivalic acid, 1-Hydroxy-2-pentanone","HMDB0032263, HMDB0040575, HMDB0031175, HMDB0000718, HMDB0000892, HMDB0002176, HMDB0031516, HMDB0030058, HMDB0031241, HMDB0031247, HMDB0031249, HMDB0032230, HMDB0033742, HMDB0033890, HMDB0034237, HMDB0039799, HMDB0041992, HMDB0059678","0","246652.75","71017280","18","0","false","0.000050271271902602166",""
"Pacific Northwest National Laboratory","20201130_jl_lungmap_agarose_1","2020-12-01_22h59m24s","C12H10N2OS","M+H","","C12H10N2OS+H+","231.05866054499998","0.015346464","0.5","0.015914607749456564","0.9674650682374863","0.9967289719626168","6-Methoxy-3-(2-thiazolyl)-1H-indole","HMDB0038632","0","171145.9375","27453324","1","0","false","0.0030127244535833597",""
"Pacific Northwest National Laboratory","20201130_jl_lungmap_agarose_1","2020-12-01_22h59m24s","C12H10O","M+H","","C12H10O+H+","171.080441375","0.015355899","0.5","0.016044008109611086","0.9596003977395925","0.9974059662775616","Methyl beta-naphthyl ketone, 2-Biphenylol, Diphenyl ether","HMDB0032412, HMDB0032582, HMDB0034446","0","181202.25","32659912","3","1","false","0.00011006448039552197","C7H16OS+Na+"
"Pacific Northwest National Laboratory","20201130_jl_lungmap_agarose_1","2020-12-01_22h59m24s","C12H20O","M+Na","","C12H20O+Na+","203.14063594299998","0.015358561","0.5","0.015869388801926208","0.970398224288985","0.9973333333333333","Homodihydrojasmone, 2-trans-6-cis-Dodecadienal, cis-Quinceoxepane, Tricycloekasantalol, (2E,4E)-2,4-Dodecadienal","HMDB0031181, HMDB0032531, HMDB0038108, HMDB0039339, HMDB0039590","0","184123.328125","31843412","5","0","false","0.0001559270458528772",""
"Pacific Northwest National Laboratory","20201130_jl_lungmap_agarose_1","2020-12-01_22h59m24s","C25H24O14","M+K","","C25H24O14+K+","587.079763341","0.015378807","0.5","0.01720017139826701","0.9079917698781883","0.9847091307245549","Myricetin 3-(3'',4''-diacetylrhamnoside), Chrysoeriol 7-O-(6''-malonyl-glucoside)","HMDB0029877, HMDB0037455","0","466863.9375","699098560","2","0","false","0.00020780459453817457",""
"Pacific Northwest National Laboratory","20201130_jl_lungmap_agarose_1","2020-12-01_22h59m24s","C18H15NO4","M+Na","","C18H15NO4+Na+","332.08932864300004","0.015388349","0.5","0.016290952805597746","0.9485687445189946","0.9958105646630236","Cryptodorine, Piperolactam C","HMDB0033359, HMDB0038584","0","171223.421875","24770516","2","1","false","0.00023695021809544414","C17H15O7+H+"
"Pacific Northwest National Laboratory","20201130_jl_lungmap_agarose_1","2020-12-01_22h59m24s","C8H14O2S","M+Na","","C8H14O2S+Na+","197.06067154099998","0.01546173","0.5","0.01577276257290336","0.9832197738817197","0.9970104633781763","4,4'-Thiobis-2-butanone","HMDB0037155","0","177692.71875","28332218","1","0","false","0.00003585250669857487",""
"Pacific Northwest National Laboratory","20201130_jl_lungmap_agarose_1","2020-12-01_22h59m24s","C15H12O6","M+H","","C15H12O6+H+","289.070664539","0.015493293","0.5","0.016217498481381064","0.961881275914456","0.9932038834951457","Eriodictyol, Dalbergioidin, Aromadendrin, Porric acid B, Norartocarpanone, 2,4',5,7-Tetrahydroxyflavanone, 3',4',5,7-Tetrahydroxyisoflavanone, 5,6,7-trihydroxy-2-(3-hydroxyphenyl)-3,4-dihydro-2H-1-benzopyran-4-one, (2E)-3-(3-hydroxyphenyl)-1-(2,3,4,6-tetrahydroxyphenyl)prop-2-en-1-one, 2-(3,5-dihydroxyphenyl)-5,7-dihydroxy-3,4-dihydro-2H-1-benzopyran-4-one, 3-(3,5-dihydroxyphenyl)-1-(2,4,6-trihydroxyphenyl)prop-2-en-1-one, 5,7,8-trihydroxy-2-(4-hydroxyphenyl)-3,4-dihydro-2H-1-benzopyran-4-one, 3-(4-hydroxyphenyl)-1-(2,3,4,6-tetrahydroxyphenyl)prop-2-en-1-one, 5,6,7,8-tetrahydroxy-2-phenyl-3,4-dihydro-2H-1-benzopyran-4-one, 3,5,7-trihydroxy-2-(3-hydroxyphenyl)-3,4-dihydro-2H-1-benzopyran-4-one, 3,5,7-trihydroxy-2-(4-hydroxyphenyl)-3,4-dihydro-2H-1-benzopyran-4-one, 3-(4-hydroxyphenyl)-1-(2,4,6-trihydroxyphenyl)propane-1,2-dione, 3,5,6,7-tetrahydroxy-2-phenyl-3,4-dihydro-2H-1-benzopyran-4-one, 3-phenyl-1-(2,3,4,6-tetrahydroxyphenyl)propane-1,2-dione, 3-(3-hydroxyphenyl)-1-(2,4,6-trihydroxyphenyl)propane-1,2-dione, 2-(3,4-dihydroxyphenyl)-5,7-dihydroxy-3,4-dihydro-2H-1-benzopyran-4-one, (2E)-3-(3,4-dihydroxyphenyl)-1-(2,4,6-trihydroxyphenyl)prop-2-en-1-one, 5,6,7-trihydroxy-3-(3-hydroxyphenyl)-3,4-dihydro-2H-1-benzopyran-4-one, 5,6,7-trihydroxy-3-(4-hydroxyphenyl)-3,4-dihydro-2H-1-benzopyran-4-one, 3-(3,4-dihydroxyphenyl)-1-(2,4,6-trihydroxyphenyl)prop-2-en-1-one, 6,7,8-trihydroxy-3-(4-hydroxyphenyl)-3,4-dihydro-2H-1-benzopyran-4-one, 2,4,6-trihydroxy-2-[(4-hydroxyphenyl)methyl]-2,3-dihydro-1-benzofuran-3-one, 2-benzyl-2,4,5,6-tetrahydroxy-2,3-dihydro-1-benzofuran-3-one, 2,4,6-trihydroxy-2-[hydroxy(phenyl)methyl]-2,3-dihydro-1-benzofuran-3-one, 2,4,6-trihydroxy-2-[(3-hydroxyphenyl)methyl]-2,3-dihydro-1-benzofuran-3-one, 3-(3,4-dihydroxyphenyl)-6,7-dihydroxy-3,4-dihydro-2H-1-benzopyran-4-one, 3-(2,4-dihydroxyphenyl)-6,7-dihydroxy-3,4-dihydro-2H-1-benzopyran-4-one, 7-hydroxy-3-(2,3,4-trihydroxyphenyl)-3,4-dihydro-2H-1-benzopyran-4-one, 7-hydroxy-3-(2,4,5-trihydroxyphenyl)-3,4-dihydro-2H-1-benzopyran-4-one, 3-(2,4-dihydroxyphenyl)-7,8-dihydroxy-3,4-dihydro-2H-1-benzopyran-4-one, 5,6,7-trihydroxy-2-(4-hydroxyphenyl)-3,4-dihydro-2H-1-benzopyran-4-one","HMDB0005810, HMDB0032707, HMDB0030847, HMDB0031911, HMDB0037314, HMDB0040314, HMDB0041651, HMDB0126026, HMDB0126027, HMDB0126036, HMDB0126037, HMDB0130169, HMDB0130172, HMDB0130181, HMDB0125212, HMDB0125362, HMDB0125363, HMDB0125369, HMDB0125370, HMDB0125374, HMDB0126018, HMDB0126020, HMDB0129347, HMDB0129962, HMDB0130325, HMDB0132879, HMDB0133540, HMDB0133546, HMDB0133547, HMDB0133548, HMDB0133989, HMDB0134011, HMDB0134015, HMDB0134019, HMDB0134023, HMDB0141183","0","188355.078125","13582142","36","0","false","0.0009125228389166296",""
"Pacific Northwest National Laboratory","20201130_jl_lungmap_agarose_1","2020-12-01_22h59m24s","C6H6N2O","M+Na","","C6H6N2O+Na+","145.03723349499998","0.015538705","0.5","0.01591246814528208","0.9783947261526104","0.9980749746707194","2-Acetylpyrazine, Niacinamide","HMDB0031861, HMDB0001406","0","188262.515625","41624348","2","0","false","0.0002783600939437747",""
"Pacific Northwest National Laboratory","20201130_jl_lungmap_agarose_1","2020-12-01_22h59m24s","C21H10O13","M+H","","C21H10O13+H+","471.01941681500006","0.015544544","0.5","0.016893405907512128","0.9278726149551214","0.9916819411713363","Sanguisorbic acid dilactone","HMDB0029274","0","447919.34375","753099840","1","0","false","0.0001329738151980564",""
"Pacific Northwest National Laboratory","20201130_jl_lungmap_agarose_1","2020-12-01_22h59m24s","C9H9NO5","M+Na","","C9H9NO5+Na+","234.03729307099997","0.0155526465","0.5","0.015927164710078073","0.979796702417041","0.996620583717358","Topaquinone, Betalamic acid, 2,4-Dihydroxy-7-methoxy-2H-1,4-benzoxazin-3(4H)-one, Gentisuric acid, 2-{[(3,5-dihydroxyphenyl)(hydroxy)methylidene]amino}acetic acid, 2-{[(3,4-dihydroxyphenyl)(hydroxy)methylidene]amino}acetic acid, 2-{[(2,4-dihydroxyphenyl)(hydroxy)methylidene]amino}acetic acid, 2-{[(2,3-dihydroxyphenyl)(hydroxy)methylidene]amino}acetic acid","HMDB0011639, HMDB0029842, HMDB0034864, HMDB0059999, HMDB0126654, HMDB0124989, HMDB0126443, HMDB0134101","0","172885.4375","27898366","8","0","false","0.00012347956362646073",""
"Pacific Northwest National Laboratory","20201130_jl_lungmap_agarose_1","2020-12-01_22h59m24s","C21H22O14","M+H","","C21H22O14+H+","499.108231819","0.015616555","0.5","0.01756462372907768","0.9270114241506993","0.95909428359317","Methyl 4,6-di-O-galloyl-beta-D-glucopyranoside","HMDB0039180","0","372429.96875","246630528","1","1","false","0.0003491280658636242","C19H24O14+Na+"
"Pacific Northwest National Laboratory","20201130_jl_lungmap_agarose_1","2020-12-01_22h59m24s","C30H46O7","M+K","","C30H46O7+K+","557.287511705","0.015631067","0.5","0.01815548086298562","0.8839529169214986","0.9739837398373984","Perulactone, Ganoderic acid C2, Corosin, Ganolucidic acid C","HMDB0034392, HMDB0035304, HMDB0035699, HMDB0039691","0","393730","250835408","4","0","false","0.000303647160762921",""
"Pacific Northwest National Laboratory","20201130_jl_lungmap_agarose_1","2020-12-01_22h59m24s","C23H24O11","M+K","","C23H24O11+K+","515.095019481","0.01567715","0.5","0.017261169191469347","0.9180285589895689","0.9893289328932894","Orientin 7,3'-dimethyl ether, 6-beta-D-Glucopyranosyl-4',5-dihydroxy-3',7-dimethoxyflavone, 6-({5,14-dimethoxy-8,17-dioxatetracyclo[8.7.0.0²,⁷.0¹¹,¹⁶]heptadeca-2(7),3,5,11(16),12,14-hexaen-6-yl}oxy)-3,4,5-trihydroxyoxane-2-carboxylic acid, 6-({6,14-dimethoxy-8,17-dioxatetracyclo[8.7.0.0²,⁷.0¹¹,¹⁶]heptadeca-2(7),3,5,11(16),12,14-hexaen-5-yl}oxy)-3,4,5-trihydroxyoxane-2-carboxylic acid, 6-({5,6-dimethoxy-8,17-dioxatetracyclo[8.7.0.0²,⁷.0¹¹,¹⁶]heptadeca-2(7),3,5,11(16),12,14-hexaen-14-yl}oxy)-3,4,5-trihydroxyoxane-2-carboxylic acid, 6-[3,4-dihydroxy-6-(hydroxymethyl)-5-methoxyoxan-2-yl]-5,7-dihydroxy-2-(4-hydroxy-3-methoxyphenyl)-4H-chromen-4-one","HMDB0037450, HMDB0037568, HMDB0128544, HMDB0128545, HMDB0128546, HMDB0136827","0","244055.953125","47363664","6","0","false","0.000011454393643361982",""
"Pacific Northwest National Laboratory","20201130_jl_lungmap_agarose_1","2020-12-01_22h59m24s","C10H12O2","M+K","","C10H12O2+K+","203.046887517","0.015682898","0.5","0.016305008430926977","0.9648339399996116","0.9969026548672566","p-Mentha-2,4(8)-dien-9,3-olide, Isopropyl benzoate, 3-Hydroxy-4-phenylbutan-2-one, 3-(4-Methoxyphenyl)-2-propen-1-ol, Ethyl phenylacetate, 1-Phenylethyl acetate, Eugenol, Benzenebutanoic acid, 3-Phenylbutyric acid, Isoeugenol, Methyl 3-phenylpropanoate, Benzyl propionate, Propyl benzoate, 1-(4-Methoxyphenyl)-2-propanone, 4-(4-Hydroxyphenyl)-2-butanone, 2-Phenylethyl acetate, 3-Phenylpropyl formate, Epoxyanethole, Thymoquinone, beta-Thujaplicin, 4-Isopropylbenzoic acid, Isoegomaketone, Lepalone, 4-Methyl-2-phenyl-1,3-dioxolane, Egomaketone, 1,2-Dimethoxy-4-vinylbenzene, 4-Methylbenzyl alcohol acetate, 2-Methylbenzyl alcohol acetate, (3-Methylphenyl)methyl acetate, Phenyl butyrate, (2-methyl-3-phenyloxiran-2-yl)methanol, 2-[(1E)-3-hydroxy-2-methylprop-1-en-1-yl]phenol, 2-methyl-3-phenylpropanoic acid, 3-hydroxy-2-methyl-3-phenylpropanal, 3-(3-hydroxyphenyl)-2-methylpropanal, 3-(4-hydroxyphenyl)-2-methylpropanal, 2-(phenylmethylidene)propane-1,3-diol, 3-[(1E)-3-hydroxy-2-methylprop-1-en-1-yl]phenol, 1-hydroxy-4-phenylbutan-2-one, 4-hydroxy-4-phenylbutan-2-one, 1-ethenyl-3,5-dimethoxybenzene, 4-(3-hydroxyphenyl)butan-2-one, 4-[(1E)-3-hydroxy-2-methylprop-1-en-1-yl]phenol, 2-hydroxy-2-methyl-3-phenylpropanal, 2-benzyl-3-hydroxypropanal, (3E)-4-phenylbut-3-ene-1,2-diol, 3-[(1E)-3-hydroxybut-1-en-1-yl]phenol, 1-(3-phenyloxiran-2-yl)ethan-1-ol, 3-(4-methoxyphenyl)propanal, 3-(4-methoxyphenyl)prop-2-en-1-ol","HMDB0037174, HMDB0032038, HMDB0032336, HMDB0032586, HMDB0032618, HMDB0032620, HMDB0005809, HMDB0000543, HMDB0001955, HMDB0005802, HMDB0030060, HMDB0030063, HMDB0031761, HMDB0032891, HMDB0033723, HMDB0033945, HMDB0034471, HMDB0034615, HMDB0034732, HMDB0035213, HMDB0035268, HMDB0036098, HMDB0035414, HMDB0037160, HMDB0038184, HMDB0040359, HMDB0040460, HMDB0041472, HMDB0041473, HMDB0041612, HMDB0133609, HMDB0133610, HMDB0133617, HMDB0133603, HMDB0133604, HMDB0133605, HMDB0133606, HMDB0133607, HMDB0133753, HMDB0133754, HMDB0127494, HMDB0133507, HMDB0133608, HMDB0133600, HMDB0133601, HMDB0133725, HMDB0133727, HMDB0133729, HMDB0135737, HMDB0135738","0","173385.109375","28895760","50","2","false","0.00044896904728375375","C9H11ClO3+H+, C13H8O+Na+"
"Pacific Northwest National Laboratory","20201130_jl_lungmap_agarose_1","2020-12-01_22h59m24s","C16H16F3NO","M+K","","C16H16F3NO+K+","334.081556505","0.015708381","0.5","0.01723666794965","0.9468207662431843","0.9625212947189097","Norfluoxetine","HMDB0060551","0","258925.078125","170576464","1","1","false","0.000009032272828335408","C17H20BrNO+H+"
"Pacific Northwest National Laboratory","20201130_jl_lungmap_agarose_1","2020-12-01_22h59m24s","C39H69O8P","M+K","","C39H69O8P+K+","735.436164061","0.01576844","0.5","0.018712690681457693","0.8473485274801547","0.9944671282324398","1,2-Di-(9Z,12Z-octadecadienoyl)-sn-glycero-3-phosphate, PA(14:0/22:4(7Z,10Z,13Z,16Z)), PA(16:0/20:4(5Z,8Z,11Z,14Z)), PA(16:1(9Z)/20:3(5Z,8Z,11Z)), PA(18:0/18:4(6Z,9Z,12Z,15Z)), PA(18:1(11Z)/18:3(6Z,9Z,12Z)), PA(18:1(11Z)/18:3(9Z,12Z,15Z)), PA(18:1(9Z)/18:3(6Z,9Z,12Z)), PA(18:1(9Z)/18:3(9Z,12Z,15Z)), PA(18:2(9Z,12Z)/18:2(9Z,12Z)), PA(18:3(6Z,9Z,12Z)/18:1(11Z)), PA(18:3(6Z,9Z,12Z)/18:1(9Z)), PA(18:3(9Z,12Z,15Z)/18:1(11Z)), PA(18:3(9Z,12Z,15Z)/18:1(9Z)), PA(18:4(6Z,9Z,12Z,15Z)/18:0), PA(20:3(5Z,8Z,11Z)/16:1(9Z)), PA(20:4(5Z,8Z,11Z,14Z)/16:0), PA(20:4(8Z,11Z,14Z,17Z)/16:0), PA(22:4(7Z,10Z,13Z,16Z)/14:0), PA(16:1(9Z)/20:3(8Z,11Z,14Z)), PA(20:3(8Z,11Z,14Z)/16:1(9Z)), PA(16:0/20:4(8Z,11Z,14Z,17Z))","HMDB0031092, HMDB0114790, HMDB0114841, HMDB0114860, HMDB0114880, HMDB0114903, HMDB0114904, HMDB0114928, HMDB0114929, HMDB0114954, HMDB0114979, HMDB0114980, HMDB0115006, HMDB0115007, HMDB0115032, HMDB0115122, HMDB0115147, HMDB0115174, HMDB0115323, HMDB0115513, HMDB0115565, HMDB0116701","0","1367119.125","3203365376","22","0","false","0.000008469219210383017",""
"Pacific Northwest National Laboratory","20201130_jl_lungmap_agarose_1","2020-12-01_22h59m24s","C15H22O15","M+K","","C15H22O15+K+","481.05902789699996","0.0157783","0.5","0.017343838504428354","0.9357400753619778","0.9722092115534738","6-[(6-{[(2-carboxyacetyl)oxy]methyl}-2,4,5-trihydroxyoxan-3-yl)oxy]-3,4,5-trihydroxyoxane-2-carboxylic acid, 6-[(2-{[(2-carboxyacetyl)oxy]methyl}-4,5,6-trihydroxyoxan-3-yl)oxy]-3,4,5-trihydroxyoxane-2-carboxylic acid, 6-[(2-{[(2-carboxyacetyl)oxy]methyl}-3,5,6-trihydroxyoxan-4-yl)oxy]-3,4,5-trihydroxyoxane-2-carboxylic acid, 3,4,5-trihydroxy-6-({3-oxo-3-[(3,4,5,6-tetrahydroxyoxan-2-yl)methoxy]propanoyl}oxy)oxane-2-carboxylic acid, 6-{1-carboxy-2-oxo-2-[(3,4,5,6-tetrahydroxyoxan-2-yl)methoxy]ethyl}-3,4,5-trihydroxyoxane-2-carboxylic acid","HMDB0127477, HMDB0127478, HMDB0127479, HMDB0127480, HMDB0127481","0","282006.625","67031388","5","0","false","0.00006778084934921935",""
"Pacific Northwest National Laboratory","20201130_jl_lungmap_agarose_1","2020-12-01_22h59m24s","C9H11NO5","M+H","","C9H11NO5+H+","214.070998887","0.01578669","0.5","0.016130846214780368","0.9820747567011653","0.9965277777777778","Droxidopa","HMDB0015627","0","169598.96875","24677626","1","0","false","0.0001969956065295264",""
"Pacific Northwest National Laboratory","20201130_jl_lungmap_agarose_1","2020-12-01_22h59m24s","C43H68O14","M+H","","C43H68O14+H+","809.468183291","0.015800597","0.5","0.01950167395338613","0.8403698364606496","0.9641201436500163","Calenduloside G methyl ester","HMDB0041018","0","1294118.375","582458944","1","1","false","0.0000231586836889619","C42H75O10P+K+"
"Pacific Northwest National Laboratory","20201130_jl_lungmap_agarose_1","2020-12-01_22h59m24s","C14H20O4","M+Na","","C14H20O4+Na+","275.12537980300004","0.015831918","0.5","0.0165185634090221","0.963980001854607","0.9942446043165467","2,2,4,4-Tetramethyl-6-(1-oxobutyl)-1,3,5-cyclohexanetrione, 3alpha-Hydroxyoreadone, QH(2)","HMDB0033197, HMDB0036047, HMDB0059661","0","159552.671875","18234926","3","0","false","0.0007740315631963313",""
"Pacific Northwest National Laboratory","20201130_jl_lungmap_agarose_1","2020-12-01_22h59m24s","C21H40O4","M+Na","","C21H40O4+Na+","379.28188044300003","0.01588466","0.5","0.017482379857269675","0.9334361496320666","0.9734031413612565","MG(0:0/18:1(11Z)/0:0), MG(0:0/18:1(9Z)/0:0), MG(18:1(11Z)/0:0/0:0), MG(18:1(9Z)/0:0/0:0), Stearoyllactic acid, 3-(2-Heptenyloxy)-2-hydroxypropyl undecanoate, Monooleoylglycerol","HMDB0011536, HMDB0011537, HMDB0011566, HMDB0011567, HMDB0033372, HMDB0034031, HMDB0094684","0","1071086.75","390215904","7","0","false","0.00006258313078433275",""
"Pacific Northwest National Laboratory","20201130_jl_lungmap_agarose_1","2020-12-01_22h59m24s","C4H10O2S","M+K","","C4H10O2S+K+","161.00330862299998","0.015892694","0.5","0.01619539266136757","0.9861751901005067","0.9950661853188929","Thiodiglycol","HMDB0042033","0","169914","35246572","1","0","false","0.00008241664909292012",""
"Pacific Northwest National Laboratory","20201130_jl_lungmap_agarose_1","2020-12-01_22h59m24s","C11H18N5O11P2","M+Na","","C11H18N5O11P2+Na+","481.03702607900004","0.016006738","0.5","0.01695435442110553","0.9620015902607556","0.9813994049451114","7-Methylguanosine 5'-diphosphate","HMDB0059613","0","449944.28125","584075264","1","0","false","0.00003586468301364221",""
"Pacific Northwest National Laboratory","20201130_jl_lungmap_agarose_1","2020-12-01_22h59m24s","C19H19N3O5S","M+K","","C19H19N3O5S+K+","440.067699771","0.016065503","0.5","0.0176339215003443","0.9209982187108539","0.9892057354599646","Oxacillin","HMDB0014851","0","468092.34375","809374080","1","1","false","0.00002150679938495159","C15H21NO10S2+H+"
"Pacific Northwest National Laboratory","20201130_jl_lungmap_agarose_1","2020-12-01_22h59m24s","C20H14N2O7S2","M+H","","C20H14N2O7S2+H+","459.031519563","0.016104538","0.5","0.01762982301899325","0.9190854556003207","0.9939039693547321","C.I. Acid Red 13, Azorubine","HMDB0033392, HMDB0036795","0","641256.6875","1157451904","2","2","false","0.00010052153083961457","C18H16N2O7S2+Na+, C12H22NO10S3+Na+"
"Pacific Northwest National Laboratory","20201130_jl_lungmap_agarose_1","2020-12-01_22h59m24s","C12H9NaO","M+Na","","C12H9NaO+Na+","215.044329871","0.01624932","0.5","0.016812359355285335","0.9692133272879899","0.997211155378486","Dowicide A","HMDB0040464","0","180549.09375","31989540","1","0","false","0.00006630059942835942",""
"Pacific Northwest National Laboratory","20201130_jl_lungmap_agarose_1","2020-12-01_22h59m24s","C8H16","M+Na","","C8H16+Na+","135.11442119499998","0.016304957","0.5","0.016769143869212567","0.975587666688228","0.9966494845360825","1-Octene, (Z)-2-Octene, (E)-2-Octene, (Z)-3-Octene, (E)-3-Octene, 3-Methyleneheptane, 3-Methyl-1-heptene, 3-Methyl-3-heptene, (E)-4-Methyl-2-heptene, 4-Methyl-3-heptene, 6-Methyl-1-heptene","HMDB0032449, HMDB0061903, HMDB0061904, HMDB0061905, HMDB0061906, HMDB0061907, HMDB0061908, HMDB0061909, HMDB0061910, HMDB0061911, HMDB0094705","0","166248.9375","47585264","11","0","false","0.00004882703797193244",""
"Pacific Northwest National Laboratory","20201130_jl_lungmap_agarose_1","2020-12-01_22h59m24s","C21H27NO5","M+Na","","C21H27NO5+Na+","396.17814364700007","0.016343579","0.5","0.017800857717691642","0.9363644225661304","0.9805309734513274","N-Jasmonoyltyrosine, 3-(3,4-dimethoxyphenyl)-N-[2-(3,4-dimethoxyphenyl)ethyl]propanimidic acid","HMDB0039503, HMDB0135465","0","252680.046875","67398048","2","0","false","0.00014073672355152667",""
"Pacific Northwest National Laboratory","20201130_jl_lungmap_agarose_1","2020-12-01_22h59m24s","C29H28O9","M+Na","","C29H28O9+Na+","543.162553159","0.016402807","0.5","0.018563480149076477","0.8999968709460394","0.9817881386209361","6-(2,4-dihydroxyphenyl)-2-{3-[3-(2,4-dihydroxyphenyl)propanoyl]-2,6-dihydroxyphenyl}-4-methylcyclohex-3-ene-1-carboxylic acid","HMDB0126387","0","369993.9375","691934848","1","1","false","0.000015546685972367413","C26H32O10+K+"
"Pacific Northwest National Laboratory","20201130_jl_lungmap_agarose_1","2020-12-01_22h59m24s","C6H15N","M+Na","","C6H15N+Na+","124.10967016299999","0.016428119","0.5","0.016968572226136645","0.9778295653879153","0.9901006711409396","Hexylamine, Triethylamine","HMDB0032323, HMDB0032539","0","238563.5625","72443768","2","0","false","0.00000888387603481533",""
"Pacific Northwest National Laboratory","20201130_jl_lungmap_agarose_1","2020-12-01_22h59m24s","C11H15N4O5","M+H","","C11H15N4O5+H+","284.111521015","0.016444426","0.5","0.01696599563574536","0.9749777880937327","0.9941333333333333","Histidinyl-Glutamate, 7-Methylinosine","HMDB0028884, HMDB0003950","0","171426.640625","16323206","2","2","false","0.000565794762223959","C11H19NO6+Na+, C12H23NOS2+Na+"
"Pacific Northwest National Laboratory","20201130_jl_lungmap_agarose_1","2020-12-01_22h59m24s","C21H28O14","M+K","","C21H28O14+K+","543.111063469","0.016458882","0.5","0.018335397110182065","0.9154678704589632","0.9805436337625179","6-Caffeoylsucrose","HMDB0035486","0","504736.3125","100575872","1","1","false","0.000004688382887252374","C24H24O13+Na+"
"Pacific Northwest National Laboratory","20201130_jl_lungmap_agarose_1","2020-12-01_22h59m24s","C12H8O4","M+Na","","C12H8O4+Na+","239.031479419","0.016506625","0.5","0.017095086811752744","0.9692486002802997","0.9962121212121212","Methoxsalen, Bergapten, 4-hydroxy-7-methyl-5H-furo[2,3-g]isochromen-5-one","HMDB0014693, HMDB0030637, HMDB0138947","0","188955.9375","22804846","3","0","false","0.00025512094725854695",""
"Pacific Northwest National Laboratory","20201130_jl_lungmap_agarose_1","2020-12-01_22h59m24s","C11H16","M+K","","C11H16+K+","187.08835840499998","0.016517328","0.5","0.017348965953507236","0.9546259824524314","0.9973163841807909","1-Methyl-4-(1-methylpropyl)-benzene, 2,4-Dimethyl-1-(1-methylethyl)-benzene, Pentylbenzene","HMDB0061809, HMDB0061810, HMDB0059834","0","188897.203125","30121318","3","0","false","0.00029135282966308296",""
"Pacific Northwest National Laboratory","20201130_jl_lungmap_agarose_1","2020-12-01_22h59m24s","C17H22O10","M+K","","C17H22O10+K+","425.08445479700003","0.016533544","0.5","0.01779117721844295","0.9337652997039732","0.9952302360125433","1-O-Sinapoylglucose, 6-[(4,7-dihydroxy-2,2-dimethyl-3,4-dihydro-2H-1-benzopyran-5-yl)oxy]-3,4,5-trihydroxyoxane-2-carboxylic acid, 6-[(4,5-dihydroxy-2,2-dimethyl-3,4-dihydro-2H-1-benzopyran-7-yl)oxy]-3,4,5-trihydroxyoxane-2-carboxylic acid, 3,4,5-trihydroxy-6-{[4-hydroxy-5-(3-hydroxyphenyl)pentanoyl]oxy}oxane-2-carboxylic acid, 6-[3-(4-carboxy-2-hydroxybutyl)phenoxy]-3,4,5-trihydroxyoxane-2-carboxylic acid, 6-[4-(4-carboxybutyl)-2-hydroxyphenoxy]-3,4,5-trihydroxyoxane-2-carboxylic acid, 6-[5-(4-carboxybutyl)-2-hydroxyphenoxy]-3,4,5-trihydroxyoxane-2-carboxylic acid, 6-{[5-(3,4-dihydroxyphenyl)pentanoyl]oxy}-3,4,5-trihydroxyoxane-2-carboxylic acid, 3,4,5-trihydroxy-6-[4-(1-hydroxy-3-oxobutyl)-2-methoxyphenoxy]oxane-2-carboxylic acid, 3,4,5-trihydroxy-6-[2-hydroxy-3-methoxy-5-(3-oxobutyl)phenoxy]oxane-2-carboxylic acid, 3,4,5-trihydroxy-6-[2-hydroxy-6-methoxy-4-(3-oxobutyl)phenoxy]oxane-2-carboxylic acid, 3,4,5-trihydroxy-6-[4-(4-hydroxy-3-oxobutyl)-2-methoxyphenoxy]oxane-2-carboxylic acid, 3,4,5-trihydroxy-6-[4-(2-hydroxy-3-oxobutyl)-2-methoxyphenoxy]oxane-2-carboxylic acid","HMDB0041175, HMDB0125821, HMDB0125822, HMDB0127755, HMDB0127754, HMDB0127757, HMDB0127758, HMDB0127759, HMDB0135700, HMDB0135706, HMDB0135707, HMDB0135710, HMDB0135713","0","406629.46875","1117821568","13","1","false","0.00007889857079135254","C20H18O9+Na+"
"Pacific Northwest National Laboratory","20201130_jl_lungmap_agarose_1","2020-12-01_22h59m24s","C7H15N3O2","M+H","","C7H15N3O2+H+","174.123703155","0.016569877","0.5","0.016865747516451528","0.9851830907179995","0.9972332015810277","apo-[3-methylcrotonoyl-CoA:carbon-dioxide ligase (ADP-forming)]","HMDB0059607","0","170793.28125","31991516","1","0","false","0.0002070836490020156",""
"Pacific Northwest National Laboratory","20201130_jl_lungmap_agarose_1","2020-12-01_22h59m24s","C16H15N3","M+H","","C16H15N3+H+","250.13387391499998","0.016572313","0.5","0.01732206033051731","0.9613821445595845","0.9951476793248946","Epinastine","HMDB0014889","0","160679.3125","20359472","1","0","false","0.00011343473306624219",""
"Pacific Northwest National Laboratory","20201130_jl_lungmap_agarose_1","2020-12-01_22h59m24s","C7H13NO3","M+Na","","C7H13NO3+Na+","182.07876395899996","0.016579645","0.5","0.01699326296407086","0.9808703601165285","0.9946879150066401","Calystegine A6, 2-Methylbutyrylglycine, Isovalerylglycine, Valerylglycine, N-Acetylvaline, 3-Dehydrocarnitine, 5-Acetamidovalerate, 4-Hydroxystachydrine, Turicine, Betonicine, Calystegine A7, Calystegin A3, Medicanine, Methyl 5-(hydroxymethyl)pyrrolidine-3-carboxylate","HMDB0031345, HMDB0000339, HMDB0000678, HMDB0000927, HMDB0011757, HMDB0012154, HMDB0012175, HMDB0029230, HMDB0029409, HMDB0029412, HMDB0036384, HMDB0038593, HMDB0038625, HMDB0061678","0","186199.171875","31873306","14","0","false","0.000016609172234893776",""
"Pacific Northwest National Laboratory","20201130_jl_lungmap_agarose_1","2020-12-01_22h59m24s","C17H16ClFN2O2","M+H","","C17H16ClFN2O2+H+","335.095710047","0.01667444","0.5","0.0194497315974325","0.8586769458384559","0.9984075863302917","Progabide","HMDB0014975","0","701165.125","3441679360","1","2","false","0.00014198734425008297","C18H17FN2O+K+, C11H20O10+Na+"
"Pacific Northwest National Laboratory","20201130_jl_lungmap_agarose_1","2020-12-01_22h59m24s","C32H49NO5","M+K","","C32H49NO5+K+","566.324231561","0.016683113","0.5","0.01943268679613798","0.8779656106949578","0.9778375953342306","Daphniphylline","HMDB0030291","0","327168.1875","129186640","1","2","false","0.000003078309646298294","C28H50NO7P+Na+, C32H48O7+Na+"
"Pacific Northwest National Laboratory","20201130_jl_lungmap_agarose_1","2020-12-01_22h59m24s","C9H8O7S","M+H","","C9H8O7S+H+","261.00635020100003","0.016717933","0.5","0.017252026288372187","0.9730336968945525","0.9958974358974358","Caffeic acid 3-sulfate, Caffeic acid 4-sulfate, 2-oxo-3-[4-(sulfooxy)phenyl]propanoic acid, 3-[4-(sulfooxy)phenyl]oxirane-2-carboxylic acid, 3-[4-hydroxy-3-(sulfooxy)phenyl]prop-2-enoic acid, 3-[2-hydroxy-3-(sulfooxy)phenyl]prop-2-enoic acid, (2E)-3-[2-hydroxy-3-(sulfooxy)phenyl]prop-2-enoic acid","HMDB0041706, HMDB0041708, HMDB0125409, HMDB0125831, HMDB0127962, HMDB0134087, HMDB0135272","0","170246.265625","25443424","7","0","false","0.0003480216837488115",""
"Pacific Northwest National Laboratory","20201130_jl_lungmap_agarose_1","2020-12-01_22h59m24s","C13H26O2","M+H","","C13H26O2+H+","215.200556507","0.016758757","0.5","0.017401629902967168","0.9660096332873039","0.996943231441048","Octyl 3-methylbutanoate, Tridecanoic acid, Ethyl undecanoate, Methyl dodecanoate, Decanal propyleneglycol acetal, Pentyl octanoate, Octyl 2-methylbutyrate, Decyl propionate, 3-Methylbutyl octanoate, Propyl decanoate, 9-Methyldodecanoic acid, Isopropyl dodecanoic acid","HMDB0034140, HMDB0000910, HMDB0029552, HMDB0031018, HMDB0032211, HMDB0036217, HMDB0036219, HMDB0037311, HMDB0038729, HMDB0059900, HMDB0061828, HMDB0061829","0","172264.765625","29275042","12","0","false","0.0004682836588472128",""
"Pacific Northwest National Laboratory","20201130_jl_lungmap_agarose_1","2020-12-01_22h59m24s","C7H8S2","M+H","","C7H8S2+H+","157.014019031","0.016787328","0.5","0.017412265063363783","0.9732434147075398","0.9906148867313915","Methyl phenyl disulfide","HMDB0040939","0","167138.8125","38923052","1","1","false","0.0001965531992027536","C4H8NO3+K+"
"Pacific Northwest National Laboratory","20201130_jl_lungmap_agarose_1","2020-12-01_22h59m24s","C17H14Cl2F2N2O4","M+Na","","C17H14Cl2F2N2O4+Na+","441.0190893310001","0.016814452","0.5","0.022200221461071597","0.7737851020306659","0.9788249400479616","Roflumilast N-oxide","HMDB0060590","0","305784.4375","225178512","1","0","false","0.00011435506894486025",""
"Pacific Northwest National Laboratory","20201130_jl_lungmap_agarose_1","2020-12-01_22h59m24s","C16H16O4S","M+H","","C16H16O4S+H+","305.084206597","0.016929358","0.5","0.017941838726509514","0.9455451173753333","0.9979097909790979","[4-(2-phenylcyclobutyl)phenyl]oxidanesulfonic acid, [(1,3-diphenylbut-3-en-2-yl)oxy]sulfonic acid, [(1,3-diphenylbut-3-en-1-yl)oxy]sulfonic acid, [4-(4-phenylbut-1-en-2-yl)phenyl]oxidanesulfonic acid, [3-(4-phenylbut-1-en-2-yl)phenyl]oxidanesulfonic acid","HMDB0134573, HMDB0135564, HMDB0135568, HMDB0135570, HMDB0135572","0","547393.5625","1686384640","5","2","false","0.00013883496285416186","C10H18O9+Na+, C11H14N4O5+Na+"
"Pacific Northwest National Laboratory","20201130_jl_lungmap_agarose_1","2020-12-01_22h59m24s","C19H18N2O7S2","M+Na","","C19H18N2O7S2+Na+","473.044763939","0.01694981","0.5","0.03566080562963454","0.4866558267380401","0.9766787658802177","C.I. Food Red 6","HMDB0032738","0","376677.8125","401755712","1","0","false","0.00007667562022106722",""
"Pacific Northwest National Laboratory","20201130_jl_lungmap_agarose_1","2020-12-01_22h59m24s","C7H12O4","M+Na","","C7H12O4+Na+","183.062779547","0.0169589","0.5","0.017309739780337088","0.9822100392443697","0.9974767596281541","3-Methyladipic acid, Pimelic acid, 3,3-Dimethylglutaric acid, 2-Methyladipic acid, Diethyl malonate, Propyleneglycol diacetate, Ethyl methyl_succinate, Mono-methyl-adipate, 2-Ethylglutaric acid, 2,2-Dimethylglutaric acid","HMDB0000555, HMDB0000857, HMDB0002441, HMDB0029167, HMDB0029573, HMDB0041605, HMDB0059893, HMDB0059722, HMDB0059738, HMDB0061676","0","187403.65625","32039618","10","0","false","0.00006898638093844056",""
"Pacific Northwest National Laboratory","20201130_jl_lungmap_agarose_1","2020-12-01_22h59m24s","C20H34O2","M+Na","","C20H34O2+Na+","329.24510101100003","0.016965894","0.5","0.018083666952948656","0.9446631059838791","0.9931464174454828","8,11,14-Eicosatrienoic acid, 5,8,11-Eicosatrienoic acid, Sciadonic acid, Sagittariol, 11,14,17-Eicosatrienoic acid","HMDB0002925, HMDB0010378, HMDB0031058, HMDB0036835, HMDB0060039","0","174771.359375","14280790","5","0","false","0.0003254451439715922",""
"Pacific Northwest National Laboratory","20201130_jl_lungmap_agarose_1","2020-12-01_22h59m24s","C9H6O5","M+H","","C9H6O5+H+","195.028799727","0.017055022","0.5","0.017539735769794132","0.9758678789090643","0.9964102564102564","2-(2H-1,3-benzodioxol-5-yl)-2-oxoacetic acid, 6,7,8-trihydroxy-2H-chromen-2-one, 5,6,7-trihydroxy-2H-chromen-2-one, 4,6,7-trihydroxy-2H-chromen-2-one, 4,7,8-trihydroxy-2H-chromen-2-one, 4,5,7-trihydroxy-2H-chromen-2-one","HMDB0129377, HMDB0132253, HMDB0132254, HMDB0136659, HMDB0136660, HMDB0136661","0","166778.71875","24829274","6","0","false","0.000023518165107816458",""
"Pacific Northwest National Laboratory","20201130_jl_lungmap_agarose_1","2020-12-01_22h59m24s","C8H7NO3","M+Na","","C8H7NO3+Na+","188.03181376699996","0.017060334","0.5","0.017561867820143143","0.9796052379131753","0.9916666666666667","4-Pyridoxolactone, Formylanthranilic acid, 5-Pyridoxolactone, Noradrenochrome, 6-Methoxy-2(3H)-benzoxazolone, (R)-2-Hydroxy-2H-1,4-benzoxazin-3(4H)-one","HMDB0003454, HMDB0004089, HMDB0004291, HMDB0013030, HMDB0036582, HMDB0038318","0","169954.4375","31510378","6","0","false","0.0003677800705190748",""
"Pacific Northwest National Laboratory","20201130_jl_lungmap_agarose_1","2020-12-01_22h59m24s","C19H37NO4","M+H","","C19H37NO4+H+","344.27953509900004","0.017064113","0.5","0.018714771074246017","0.9440256593665465","0.965862761986793","Dodecanoylcarnitine","HMDB0002250","0","283253.46875","173027616","1","0","false","0.000014420877960219514",""
"Pacific Northwest National Laboratory","20201130_jl_lungmap_agarose_1","2020-12-01_22h59m24s","C24H24O13","M+Na","","C24H24O13+Na+","543.1109115109999","0.017069543","0.5","0.018990644322818877","0.9166747604944889","0.9805436337625179","Eujambolin, 3,4,5-trihydroxy-6-{[4-oxo-1-(5,6,7-trimethoxy-4-oxo-4H-chromen-2-yl)cyclohexa-2,5-dien-1-yl]oxy}oxane-2-carboxylic acid","HMDB0037970, HMDB0128593","0","504736.3125","100575872","2","1","false","0.000004688382887252374","C21H28O14+K+"
"Pacific Northwest National Laboratory","20201130_jl_lungmap_agarose_1","2020-12-01_22h59m24s","C40H62O4","M+K","","C40H62O4+K+","645.427968357","0.01707639","0.5","0.020859365001757474","0.8423130655085495","0.9718996415770609","FAHFA(22:6(4Z,7Z,10Z,13Z,16Z,19Z)/9-O-18:2(10E,12Z)), FAHFA(22:6(4Z,7Z,10Z,13Z,16Z,19Z)/13-O-18:2(9Z,​11E))","HMDB0112169, HMDB0112170","0","442947.15625","112669560","2","0","false","0.0002640275633893907",""
"Pacific Northwest National Laboratory","20201130_jl_lungmap_agarose_1","2020-12-01_22h59m24s","C8H21N3","M+H","","C8H21N3+H+","160.180824107","0.017099006","0.5","0.0175665014786105","0.983319641163024","0.98989898989899","4,4'-Diaminodibutylamine, Aminopropylcadaverine","HMDB0031506, HMDB0012189","0","185875.078125","41935168","2","0","false","0.00023027935822028667",""
"Pacific Northwest National Laboratory","20201130_jl_lungmap_agarose_1","2020-12-01_22h59m24s","C10H17NO2","M+H","","C10H17NO2+H+","184.133205219","0.01714584","0.5","0.01777483712939099","0.9733705101802159","0.9910029498525074","Methyprylon","HMDB0015239","0","174200.640625","28725876","1","0","false","0.00021395506337285042",""
"Pacific Northwest National Laboratory","20201130_jl_lungmap_agarose_1","2020-12-01_22h59m24s","C30H18O10","M+Na","","C30H18O10+Na+","561.079217459","0.01718205","0.5","0.019287262402059867","0.901138892633001","0.9885819521178637","Sennidin B, Amentoflavone, 4',4''',5,5'',7,7''-Hexahydroxy-3,8''-biflavone","HMDB0002895, HMDB0030832, HMDB0038856","0","224861.96875","28282442","3","0","false","0.00004164357596891932",""
"Pacific Northwest National Laboratory","20201130_jl_lungmap_agarose_1","2020-12-01_22h59m24s","C15H21NO10S2","M+H","","C15H21NO10S2+H+","440.067964647","0.01720088","0.5","0.01859860755347887","0.9349397248503596","0.9892057354599646","(2R)-2-Hydroxy-2-phenylethyl glucosinolate","HMDB0037205","0","468092.34375","809374080","1","1","false","0.00002150679938495159","C19H19N3O5S+K+"
"Pacific Northwest National Laboratory","20201130_jl_lungmap_agarose_1","2020-12-01_22h59m24s","C16H15NO2","M+K","","C16H15NO2+K+","292.073436613","0.017204786","0.5","0.01931830506555857","0.9407466623913344","0.9466895537027955","Ethyl 3-methyl-9H-carbazole-9-carboxylate, Cinnamyl anthranilate","HMDB0032758, HMDB0041319","0","261030.28125","295791232","2","0","false","0.00002676660005818121",""
"Pacific Northwest National Laboratory","20201130_jl_lungmap_agarose_1","2020-12-01_22h59m24s","C14H19N3O","M+Na","","C14H19N3O+Na+","268.142032911","0.017255008","0.5","0.017994010008035907","0.9635188735714332","0.9952380952380953","Desmethyl frovatriptan","HMDB0060815","0","176649","20110862","1","0","false","0.00008030764001887292",""
"Pacific Northwest National Laboratory","20201130_jl_lungmap_agarose_1","2020-12-01_22h59m24s","C14H28","M+Na","","C14H28+Na+","219.20832157899997","0.017290328","0.5","0.017990856488964216","0.9666125265158922","0.9942577030812325","Cyclotetradecane, (E)-7-Tetradecene, 1-Tetradecene","HMDB0033567, HMDB0061833, HMDB0061834","0","184611.140625","30053342","3","0","false","0.00006448437488870695",""
"Pacific Northwest National Laboratory","20201130_jl_lungmap_agarose_1","2020-12-01_22h59m24s","C15H26N5O20P4","M+K","","C15H26N5O20P4+K+","758.975319125","0.017297534","0.5","0.018947768926233646","0.9286773791602052","0.9830174656261613","Phosphoribosyl-ATP","HMDB0003665","0","1803199.875","583611328","1","0","false","0.000006359422968671424",""
"Pacific Northwest National Laboratory","20201130_jl_lungmap_agarose_1","2020-12-01_22h59m24s","C4H4O6","M+K","","C4H4O6+K+","186.96394574099997","0.017320154","0.5","0.01767406875981968","0.9828819033444263","0.9970430107526882","Dihydroxyfumaric acid","HMDB0002050","0","170434.546875","31614516","1","0","false","0.00005039842289988883",""
"Pacific Northwest National Laboratory","20201130_jl_lungmap_agarose_1","2020-12-01_22h59m24s","C7H8O2","M+H","","C7H8O2+H+","125.059705931","0.017371548","0.5","0.017940922768489923","0.9793297744782987","0.9887005649717514","1-(2-Furanyl)-1-propanone, 1-(2-Furanyl)-2-propanone, 4-Methylcatechol, Guaiacol, 4-Hydroxybenzyl alcohol, Mequinol, 2-Acetyl-3-methylfuran, 2-Acetyl-5-methylfuran, 4,6-Heptadiyne-1,3-diol, 2-Hydroxybenzyl alcohol, 3-Hydroxybenzyl alcohol, 3-methoxyphenol","HMDB0040280, HMDB0032917, HMDB0000873, HMDB0001398, HMDB0011724, HMDB0029696, HMDB0034877, HMDB0035226, HMDB0038963, HMDB0059709, HMDB0059712, HMDB0135619","0","175916.671875","71422464","12","0","false","0.000053986161219654605",""
"Pacific Northwest National Laboratory","20201130_jl_lungmap_agarose_1","2020-12-01_22h59m24s","C3H7NO","M+K","","C3H7NO+K+","112.01592173699999","0.017391419","0.5","0.018234886083740156","0.9681665001375748","0.9851036269430051","N,N-Dimethylformamide, 3-Aminopropionaldehyde, Aminoacetone, 2-(methylamino)acetaldehyde","HMDB0001888, HMDB0001106, HMDB0002134, HMDB0142435","0","236071.8125","90191408","4","0","false","0.000007513745458709309",""
"Pacific Northwest National Laboratory","20201130_jl_lungmap_agarose_1","2020-12-01_22h59m24s","C43H76NO8P","M+K","","C43H76NO8P+K+","804.4940132849999","0.017408594","0.5","0.02145031277382999","0.8304347069739628","0.977292576419214","PC(15:0/20:5(5Z,8Z,11Z,14Z,17Z)), PC(20:5(5Z,8Z,11Z,14Z,17Z)/15:0), PE(16:0/22:5(4Z,7Z,10Z,13Z,16Z)), PE(16:0/22:5(7Z,10Z,13Z,16Z,19Z)), PE(16:1(9Z)/22:4(7Z,10Z,13Z,16Z)), PE(18:0/20:5(5Z,8Z,11Z,14Z,17Z)), PE(18:1(11Z)/20:4(5Z,8Z,11Z,14Z)), PE(18:1(11Z)/20:4(8Z,11Z,14Z,17Z)), PE(18:1(9Z)/20:4(5Z,8Z,11Z,14Z)), PE(18:1(9Z)/20:4(8Z,11Z,14Z,17Z)), PE(18:2(9Z,12Z)/20:3(5Z,8Z,11Z)), PE(18:2(9Z,12Z)/20:3(8Z,11Z,14Z)), PE(18:3(6Z,9Z,12Z)/20:2(11Z,14Z)), PE(18:3(9Z,12Z,15Z)/20:2(11Z,14Z)), PE(18:4(6Z,9Z,12Z,15Z)/20:1(11Z)), PE(20:1(11Z)/18:4(6Z,9Z,12Z,15Z)), PE(20:2(11Z,14Z)/18:3(6Z,9Z,12Z)), PE(20:2(11Z,14Z)/18:3(9Z,12Z,15Z)), PE(20:3(5Z,8Z,11Z)/18:2(9Z,12Z)), PE(20:3(8Z,11Z,14Z)/18:2(9Z,12Z)), PE(20:4(5Z,8Z,11Z,14Z)/18:1(11Z)), PE(20:4(5Z,8Z,11Z,14Z)/18:1(9Z)), PE(20:4(8Z,11Z,14Z,17Z)/18:1(11Z)), PE(20:4(8Z,11Z,14Z,17Z)/18:1(9Z)), PE(20:5(5Z,8Z,11Z,14Z,17Z)/18:0), PE(22:4(7Z,10Z,13Z,16Z)/16:1(9Z)), PE(22:5(4Z,7Z,10Z,13Z,16Z)/16:0), PE(22:5(7Z,10Z,13Z,16Z,19Z)/16:0), PE-NMe(15:0/22:5(7Z,10Z,13Z,16Z,19Z)), PE-NMe(15:0/22:5(4Z,7Z,10Z,13Z,16Z)), PE-NMe(22:5(4Z,7Z,10Z,13Z,16Z)/15:0), PE-NMe(22:5(7Z,10Z,13Z,16Z,19Z)/15:0), PE-NMe2(14:0/22:5(4Z,7Z,10Z,13Z,16Z)), PE-NMe2(14:0/22:5(7Z,10Z,13Z,16Z,19Z)), PE-NMe2(14:1(9Z)/22:4(7Z,10Z,13Z,16Z)), PE-NMe2(16:0/20:5(5Z,8Z,11Z,14Z,17Z)), PE-NMe2(16:1(9Z)/20:4(5Z,8Z,11Z,14Z)), PE-NMe2(16:1(9Z)/20:4(8Z,11Z,14Z,17Z)), PE-NMe2(18:1(11Z)/18:4(6Z,9Z,12Z,15Z)), PE-NMe2(18:1(9Z)/18:4(6Z,9Z,12Z,15Z)), PE-NMe2(18:2(9Z,12Z)/18:3(6Z,9Z,12Z)), PE-NMe2(18:2(9Z,12Z)/18:3(9Z,12Z,15Z)), PE-NMe2(18:3(6Z,9Z,12Z)/18:2(9Z,12Z)), PE-NMe2(18:3(9Z,12Z,15Z)/18:2(9Z,12Z)), PE-NMe2(18:4(6Z,9Z,12Z,15Z)/18:1(11Z)), PE-NMe2(18:4(6Z,9Z,12Z,15Z)/18:1(9Z)), PE-NMe2(20:4(5Z,8Z,11Z,14Z)/16:1(9Z)), PE-NMe2(20:4(8Z,11Z,14Z,17Z)/16:1(9Z)), PE-NMe2(20:5(5Z,8Z,11Z,14Z,17Z)/16:0), PE-NMe2(22:4(7Z,10Z,13Z,16Z)/14:1(9Z))","HMDB0007951, HMDB0008494, HMDB0008944, HMDB0008945, HMDB0008976, HMDB0009005, HMDB0009036, HMDB0009037, HMDB0009069, HMDB0009070, HMDB0009100, HMDB0009101, HMDB0009132, HMDB0009165, HMDB0009197, HMDB0009261, HMDB0009292, HMDB0009293, HMDB0009324, HMDB0009357, HMDB0009388, HMDB0009389, HMDB0009421, HMDB0009422, HMDB0009453, HMDB0009584, HMDB0009616, HMDB0009649, HMDB0112978, HMDB0113035, HMDB0113622, HMDB0113648, HMDB0113894, HMDB0113895, HMDB0113912, HMDB0113952, HMDB0113973, HMDB0113974, HMDB0114020, HMDB0114047, HMDB0114074, HMDB0114075, HMDB0114102, HMDB0114131, HMDB0114158, HMDB0114159, HMDB0114328, HMDB0114356, HMDB0114384, HMDB0114496","0","942668.0625","104059104","50","0","false","0.0003547788073774427",""
"Pacific Northwest National Laboratory","20201130_jl_lungmap_agarose_1","2020-12-01_22h59m24s","C9H16N6O7S","M+K","","C9H16N6O7S+K+","391.043275915","0.017435102","0.5","0.01856235252237298","0.9547688957574082","0.9837691326530612","Decarbamoylgonyautoxin III","HMDB0040137","0","376321.875","551178752","1","2","false","0.00010097017366206273","C19H12O8+Na+, C16H16O9+K+"
"Pacific Northwest National Laboratory","20201130_jl_lungmap_agarose_1","2020-12-01_22h59m24s","C10HF19O2","M+H","","C10HF19O2+H+","514.9745907469999","0.017548129","0.5","0.018121564081189197","0.9723599858088426","0.9958823529411764","Perfluorodecanoic acid","HMDB0061738","0","196719.875","25730460","1","1","false","0.00042319632484577596","C10H15N4O13P3+Na+"
"Pacific Northwest National Laboratory","20201130_jl_lungmap_agarose_1","2020-12-01_22h59m24s","C19H34O","M+Na","","C19H34O+Na+","301.250186391","0.01757051","0.5","0.020812788780984103","0.8505565420687129","0.9925465838509316","2-Pentadecylfuran","HMDB0033609","0","501026.09375","25162746","1","0","false","0.0001670971978455782",""
"Pacific Northwest National Laboratory","20201130_jl_lungmap_agarose_1","2020-12-01_22h59m24s","C15H13FO3","M+Na","","C15H13FO3+Na+","283.07409311900005","0.017696418","0.5","0.018509424049970618","0.9582776782456497","0.9977025132132457","4'-Hydroxyflurbiprofen","HMDB0060917","0","411962.65625","1734571264","1","0","false","0.00023509052698500454",""
"Pacific Northwest National Laboratory","20201130_jl_lungmap_agarose_1","2020-12-01_22h59m24s","C25H28O10","M+K","","C25H28O10+K+","527.131404989","0.01774021","0.5","0.019932386403035355","0.9010978857646773","0.9877055660974067","Egonol glucoside, 6-{5-[(E)-2-(2,4-dihydroxyphenyl)ethenyl]-3-hydroxy-2-(3-methylbut-2-en-1-yl)phenoxy}-3,4,5-trihydroxyoxane-2-carboxylic acid, 6-{4-[(E)-2-[3,5-dihydroxy-4-(3-methylbut-2-en-1-yl)phenyl]ethenyl]-3-hydroxyphenoxy}-3,4,5-trihydroxyoxane-2-carboxylic acid, 6-{2-[(E)-2-[3,5-dihydroxy-4-(3-methylbut-2-en-1-yl)phenyl]ethenyl]-5-hydroxyphenoxy}-3,4,5-trihydroxyoxane-2-carboxylic acid, 3,4,5-trihydroxy-6-{3-hydroxy-2-[(1E)-3-hydroxy-3-methylbut-1-en-1-yl]-5-[(E)-2-(4-hydroxyphenyl)ethenyl]phenoxy}oxane-2-carboxylic acid, 6-{4-[(E)-2-{3,5-dihydroxy-4-[(1E)-3-hydroxy-3-methylbut-1-en-1-yl]phenyl}ethenyl]phenoxy}-3,4,5-trihydroxyoxane-2-carboxylic acid, 6-{2,4-dihydroxy-6-[(E)-2-(4-hydroxyphenyl)ethenyl]-3-[(1E)-3-methylbut-1-en-1-yl]phenoxy}-3,4,5-trihydroxyoxane-2-carboxylic acid, 6-{2,5-dihydroxy-3-[(E)-2-(4-hydroxyphenyl)ethenyl]-6-[(1E)-3-methylbut-1-en-1-yl]phenoxy}-3,4,5-trihydroxyoxane-2-carboxylic acid, 3,4,5-trihydroxy-6-{4-[(E)-2-{2,3,5-trihydroxy-4-[(1E)-3-methylbut-1-en-1-yl]phenyl}ethenyl]phenoxy}oxane-2-carboxylic acid, 6-{3,4-dihydroxy-5-[(E)-2-(4-hydroxyphenyl)ethenyl]-2-[(1E)-3-methylbut-1-en-1-yl]phenoxy}-3,4,5-trihydroxyoxane-2-carboxylic acid, 6-{2-[(E)-2-{3,5-dihydroxy-4-[(1E)-3-methylbut-1-en-1-yl]phenyl}ethenyl]-5-hydroxyphenoxy}-3,4,5-trihydroxyoxane-2-carboxylic acid, 6-{5-[(E)-2-(2,4-dihydroxyphenyl)ethenyl]-3-hydroxy-2-[(1E)-3-methylbut-1-en-1-yl]phenoxy}-3,4,5-trihydroxyoxane-2-carboxylic acid, 6-{4-[(E)-2-{3,5-dihydroxy-4-[(1E)-3-methylbut-1-en-1-yl]phenyl}ethenyl]-3-hydroxyphenoxy}-3,4,5-trihydroxyoxane-2-carboxylic acid, 6-{5-[(E)-2-{3,5-dihydroxy-4-[(1E)-3-methylbut-1-en-1-yl]phenyl}ethenyl]-2-hydroxyphenoxy}-3,4,5-trihydroxyoxane-2-carboxylic acid, 6-{5-[(E)-2-(3,4-dihydroxyphenyl)ethenyl]-3-hydroxy-2-[(1E)-3-methylbut-1-en-1-yl]phenoxy}-3,4,5-trihydroxyoxane-2-carboxylic acid, 6-{4-[(E)-2-{3,5-dihydroxy-4-[(1E)-3-methylbut-1-en-1-yl]phenyl}ethenyl]-2-hydroxyphenoxy}-3,4,5-trihydroxyoxane-2-carboxylic acid, 3,4,5-trihydroxy-6-{3-hydroxy-5-[3-(4-hydroxyphenyl)oxiran-2-yl]-2-[(1E)-3-methylbut-1-en-1-yl]phenoxy}oxane-2-carboxylic acid, 6-[4-(3-{3,5-dihydroxy-4-[(1E)-3-methylbut-1-en-1-yl]phenyl}oxiran-2-yl)phenoxy]-3,4,5-trihydroxyoxane-2-carboxylic acid, 3,4,5-trihydroxy-6-{3-hydroxy-5-[(E)-2-(4-hydroxyphenyl)ethenyl]-2-[3-(propan-2-yl)oxiran-2-yl]phenoxy}oxane-2-carboxylic acid, 6-{4-[(E)-2-{3,5-dihydroxy-4-[3-(propan-2-yl)oxiran-2-yl]phenyl}ethenyl]phenoxy}-3,4,5-trihydroxyoxane-2-carboxylic acid, 3,4,5-trihydroxy-6-{3-hydroxy-2-[(1E)-4-hydroxy-3-methylbut-1-en-1-yl]-5-[(E)-2-(4-hydroxyphenyl)ethenyl]phenoxy}oxane-2-carboxylic acid, 6-{4-[(E)-2-{3,5-dihydroxy-4-[(1E)-4-hydroxy-3-methylbut-1-en-1-yl]phenyl}ethenyl]phenoxy}-3,4,5-trihydroxyoxane-2-carboxylic acid","HMDB0034280, HMDB0125549, HMDB0125550, HMDB0125551, HMDB0128997, HMDB0128998, HMDB0129000, HMDB0129001, HMDB0129002, HMDB0129003, HMDB0129006, HMDB0129007, HMDB0129008, HMDB0129009, HMDB0129010, HMDB0129011, HMDB0129014, HMDB0129015, HMDB0129019, HMDB0129020, HMDB0129024, HMDB0129025","0","602669","977637696","22","1","false","0.00032030377769842744","C30H22O9+H+"
"Pacific Northwest National Laboratory","20201130_jl_lungmap_agarose_1","2020-12-01_22h59m24s","C10H16NO","M+K","","C10H16NO+K+","205.08634702499998","0.01776755","0.5","0.018493229937955775","0.9638049012547149","0.9968404423380727","Edrophonium","HMDB0015145","0","180362.390625","27080412","1","1","false","0.0011642694007605314","C12H12O3+H+"
"Pacific Northwest National Laboratory","20201130_jl_lungmap_agarose_1","2020-12-01_22h59m24s","C18H12O6","M+H","","C18H12O6+H+","325.070664539","0.017840818","0.5","0.01933590398247781","0.9504922913939953","0.9707372229760289","Grevilline A, Sterigmatocystin, 11-hydroxy-15-methoxy-6,8,20-trioxapentacyclo[10.8.0.0²,⁹.0³,⁷.0¹⁴,¹⁹]icosa-1(12),2(9),4,10,14,16,18-heptaen-13-one, 1-(2H-1,3-benzodioxol-5-yl)-3-(4-hydroxy-1-benzofuran-5-yl)propane-1,3-dione","HMDB0029535, HMDB0030588, HMDB0128875, HMDB0129364","0","218304.484375","105207056","4","1","false","0.00007031720451777801","C13H18O6S+Na+"
"Pacific Northwest National Laboratory","20201130_jl_lungmap_agarose_1","2020-12-01_22h59m24s","C10H18O9","M+Na","","C10H18O9+Na+","305.08430283900003","0.017907709","0.5","0.018483024442129223","0.97100093155566","0.9978088035679659","Arabinopyranobiose, Xylobiose, Arabinofuranobiose, 3-O-alpha-L-Arabinopyranosyl-L-arabinose, 5-O-a-L-Arabinofuranosyl-L-arabinose, 2-O-b-D-Xylopyranosyl-L-arabinose, 5-O-beta-D-Xylopyranosyl-L-arabinose","HMDB0029619, HMDB0029894, HMDB0029918, HMDB0038855, HMDB0038880, HMDB0038881, HMDB0038882","0","547393.5625","1656435072","7","2","false","0.00024283035600092262","C16H16O4S+H+, C11H14N4O5+Na+"
"Pacific Northwest National Laboratory","20201130_jl_lungmap_agarose_1","2020-12-01_22h59m24s","C17H14F3N3O3S","M+K","","C17H14F3N3O3S+K+","436.033954851","0.018027922","0.5","0.020132914005050035","0.9013264054299466","0.9934749984993096","Hydroxycelecoxib","HMDB0013995","0","502724.9375","1151663360","1","1","false","0.000014842627024336252","C14H15N5O6S2+Na+"
"Pacific Northwest National Laboratory","20201130_jl_lungmap_agarose_1","2020-12-01_22h59m24s","C8H12O3","M+H","","C8H12O3+H+","157.085920679","0.018030822","0.5","0.018572402298705423","0.9788772376812619","0.9917888563049854","2,5-Dimethyl-4-ethoxy-3(2H)-furanone, 8-Hydroxy-5,6-octadienoic acid","HMDB0032232, HMDB0031101","0","171542.953125","42613416","2","0","false","0.00002751112333498895",""
"Pacific Northwest National Laboratory","20201130_jl_lungmap_agarose_1","2020-12-01_22h59m24s","C27H36O","M+Na","","C27H36O+Na+","399.265836455","0.018050725","0.5","0.020753052436362756","0.9108439281652765","0.9549237742068397","10'-Apo-beta-caroten-10'-al, 10'-Apo-beta-carotenal","HMDB0036887, HMDB0059605","0","270875","126254872","2","1","false","0.000009973797205020674","C24H40O2+K+"
"Pacific Northwest National Laboratory","20201130_jl_lungmap_agarose_1","2020-12-01_22h59m24s","C13H8F2O3","M+Na","","C13H8F2O3+Na+","273.033371119","0.01805594","0.5","0.01920971045452061","0.966178633641006","0.9728409534974599","Diflunisal","HMDB0014999","0","335049.5","138297424","1","1","false","0.00006360468250932172","C11H12O6S+H+"
"Pacific Northwest National Laboratory","20201130_jl_lungmap_agarose_1","2020-12-01_22h59m24s","C18H20O9","M+Na","","C18H20O9+Na+","403.09995290300003","0.01805997","0.5","0.019469488508863094","0.9424456835437772","0.9842517117704598","5,8-dihydroxy-2-(1-hydroxy-3-methoxy-4-oxocyclohexyl)-3,7-dimethoxy-4H-chromen-4-one, 2-(1,3-dihydroxy-4-oxocyclohexyl)-5-hydroxy-3,6,7-trimethoxy-4H-chromen-4-one","HMDB0129296, HMDB0130285","0","458551.15625","573456448","2","1","false","0.0003919136361218989","C20H18O9+H+"
"Pacific Northwest National Laboratory","20201130_jl_lungmap_agarose_1","2020-12-01_22h59m24s","C35H62O4","M+H","","C35H62O4+H+","547.4720868989999","0.018070383","0.5","0.020686303885717818","0.8816722539669526","0.9907801418439717","Diepomuricanin A","HMDB0040921","0","243930.828125","21795192","1","0","false","0.000664812745526433",""
"Pacific Northwest National Laboratory","20201130_jl_lungmap_agarose_1","2020-12-01_22h59m24s","C24H26O14","M+K","","C24H26O14+K+","577.095413405","0.018127425","0.5","0.021356851637460015","0.8514001781638577","0.996931060707735","Limocitrol 3-glucoside, Isolimocitrol 3-glucoside","HMDB0037690, HMDB0038757","0","494292.3125","1609840768","2","1","false","0.00007312154048122466","C27H30Cl2O7+K+"
"Pacific Northwest National Laboratory","20201130_jl_lungmap_agarose_1","2020-12-01_22h59m24s","C13H8O","M+Na","","C13H8O+Na+","203.04673555899998","0.01817658","0.5","0.018765618730163722","0.9715819152231957","0.9969418960244648","12-Tridecene-4,6,8,10-tetraynal","HMDB0038915","0","185296.296875","27937656","1","2","false","0.0006444891332648695","C9H11ClO3+H+, C10H12O2+K+"
"Pacific Northwest National Laboratory","20201130_jl_lungmap_agarose_1","2020-12-01_22h59m24s","C13H21NO2","M+H","","C13H21NO2+H+","224.164505347","0.018177515","0.5","0.01892754200869555","0.9662712144408327","0.9938967136150235","Dihydrodioscorine, Tigloidine, Dumetorine","HMDB0029828, HMDB0029875, HMDB0030268","0","179292.078125","27281382","3","0","false","0.0004920723149552941",""
"Pacific Northwest National Laboratory","20201130_jl_lungmap_agarose_1","2020-12-01_22h59m24s","C46H36O31","M+K","","C46H36O31+K+","1123.087212265","0.018369589","0.5","0.023093180015874088","0.8264133931373323","0.9625389968802496","Putranjivain A","HMDB0033638","0","442175.78125","275182432","1","0","false","0.000015323839761549607",""
"Pacific Northwest National Laboratory","20201130_jl_lungmap_agarose_1","2020-12-01_22h59m24s","C16H22O10","M+Na","","C16H22O10+Na+","397.11051758700006","0.018370852","0.5","0.019703152228283654","0.9502983637449038","0.9811458960465583","Geniposidic acid","HMDB0034942","0","309757.65625","565942784","1","0","false","0.0000650702859275043",""
"Pacific Northwest National Laboratory","20201130_jl_lungmap_agarose_1","2020-12-01_22h59m24s","C20H39NO2","M+K","","C20H39NO2+K+","364.26123738100006","0.018396558","0.5","0.02002083138542339","0.9207112108426775","0.99800111049417","N-Oleoylethanolamine","HMDB0002088","0","1055514.625","3334227712","1","0","false","0.00020420004148036242",""
"Pacific Northwest National Laboratory","20201130_jl_lungmap_agarose_1","2020-12-01_22h59m24s","C21H20O14S","M+Na","","C21H20O14S+Na+","551.046597173","0.018498262","0.5","0.020418466651981743","0.9241853549521337","0.9802768166089966","{4-[3-(4-hydroxy-3,6-dioxo-2-{[3,4,5-trihydroxy-6-(hydroxymethyl)oxan-2-yl]oxy}cyclohexa-1,4-dien-1-yl)-3-oxoprop-1-en-1-yl]phenyl}oxidanesulfonic acid, ({3,4,5-trihydroxy-6-[5,6,7-trihydroxy-2-(4-hydroxyphenyl)-4-oxo-4H-chromen-8-yl]oxan-2-yl}methoxy)sulfonic acid, [4,5-dihydroxy-6-(hydroxymethyl)-2-[5,6,7-trihydroxy-2-(4-hydroxyphenyl)-4-oxo-4H-chromen-8-yl]oxan-3-yl]oxidanesulfonic acid, [3,5-dihydroxy-2-(hydroxymethyl)-6-[5,6,7-trihydroxy-2-(4-hydroxyphenyl)-4-oxo-4H-chromen-8-yl]oxan-4-yl]oxidanesulfonic acid, [4,5-dihydroxy-2-(hydroxymethyl)-6-[5,6,7-trihydroxy-2-(4-hydroxyphenyl)-4-oxo-4H-chromen-8-yl]oxan-3-yl]oxidanesulfonic acid, (5-{5,7-dihydroxy-4-oxo-8-[3,4,5-trihydroxy-6-(hydroxymethyl)oxan-2-yl]-4H-chromen-2-yl}-2-hydroxyphenyl)oxidanesulfonic acid, ({6-[2-(3,4-dihydroxyphenyl)-5,7-dihydroxy-4-oxo-4H-chromen-8-yl]-3,4,5-trihydroxyoxan-2-yl}methoxy)sulfonic acid, {2-[2-(3,4-dihydroxyphenyl)-5,7-dihydroxy-4-oxo-4H-chromen-8-yl]-4,5-dihydroxy-6-(hydroxymethyl)oxan-3-yl}oxidanesulfonic acid, {2-[2-(3,4-dihydroxyphenyl)-5,7-dihydroxy-4-oxo-4H-chromen-8-yl]-3,5-dihydroxy-6-(hydroxymethyl)oxan-4-yl}oxidanesulfonic acid, {6-[2-(3,4-dihydroxyphenyl)-5,7-dihydroxy-4-oxo-4H-chromen-8-yl]-4,5-dihydroxy-2-(hydroxymethyl)oxan-3-yl}oxidanesulfonic acid, (5-{5,7-dihydroxy-4-oxo-6-[3,4,5-trihydroxy-6-(hydroxymethyl)oxan-2-yl]-4H-chromen-2-yl}-2-hydroxyphenyl)oxidanesulfonic acid, ({6-[2-(3,4-dihydroxyphenyl)-5,7-dihydroxy-4-oxo-4H-chromen-6-yl]-3,4,5-trihydroxyoxan-2-yl}methoxy)sulfonic acid, {2-[2-(3,4-dihydroxyphenyl)-5,7-dihydroxy-4-oxo-4H-chromen-6-yl]-4,5-dihydroxy-6-(hydroxymethyl)oxan-3-yl}oxidanesulfonic acid, {2-[2-(3,4-dihydroxyphenyl)-5,7-dihydroxy-4-oxo-4H-chromen-6-yl]-3,5-dihydroxy-6-(hydroxymethyl)oxan-4-yl}oxidanesulfonic acid, {6-[2-(3,4-dihydroxyphenyl)-5,7-dihydroxy-4-oxo-4H-chromen-6-yl]-4,5-dihydroxy-2-(hydroxymethyl)oxan-3-yl}oxidanesulfonic acid, 3,4,5-trihydroxy-6-({5-hydroxy-4-oxo-2-[4-(sulfooxy)phenyl]-3,4-dihydro-2H-1-benzopyran-7-yl}oxy)oxane-2-carboxylic acid, (3-{5,6,7-trihydroxy-4-oxo-8-[3,4,5-trihydroxy-6-(hydroxymethyl)oxan-2-yl]-4H-chromen-2-yl}phenyl)oxidanesulfonic acid, ({3,4,5-trihydroxy-6-[5,6,7-trihydroxy-2-(3-hydroxyphenyl)-4-oxo-4H-chromen-8-yl]oxan-2-yl}methoxy)sulfonic acid, [4,5-dihydroxy-2-(hydroxymethyl)-6-[5,6,7-trihydroxy-2-(3-hydroxyphenyl)-4-oxo-4H-chromen-8-yl]oxan-3-yl]oxidanesulfonic acid, [3,5-dihydroxy-2-(hydroxymethyl)-6-[5,6,7-trihydroxy-2-(3-hydroxyphenyl)-4-oxo-4H-chromen-8-yl]oxan-4-yl]oxidanesulfonic acid, [4,5-dihydroxy-6-(hydroxymethyl)-2-[5,6,7-trihydroxy-2-(3-hydroxyphenyl)-4-oxo-4H-chromen-8-yl]oxan-3-yl]oxidanesulfonic acid, (5-{5,7-dihydroxy-4-oxo-3-[(3,4,5-trihydroxy-6-methyloxan-2-yl)oxy]-4H-chromen-2-yl}-2-hydroxyphenyl)oxidanesulfonic acid","HMDB0126625, HMDB0127180, HMDB0127181, HMDB0127182, HMDB0127183, HMDB0127201, HMDB0127202, HMDB0127203, HMDB0127204, HMDB0127205, HMDB0127370, HMDB0127371, HMDB0127372, HMDB0127373, HMDB0127374, HMDB0128103, HMDB0129325, HMDB0129326, HMDB0129327, HMDB0129328, HMDB0129329, HMDB0135155","0","323426.78125","48920128","22","0","false","0.0016131611773744226",""
"Pacific Northwest National Laboratory","20201130_jl_lungmap_agarose_1","2020-12-01_22h59m24s","C12H14O6","M+Na","","C12H14O6+Na+","277.068258851","0.018501347","0.5","0.019303681871052716","0.9687542471402979","0.9893491124260355","3-(6,7-dimethoxy-2H-1,3-benzodioxol-5-yl)-3-hydroxypropanal, 3-(6,7-dimethoxy-2H-1,3-benzodioxol-5-yl)propanoic acid, 3-(6,7-dimethoxy-2H-1,3-benzodioxol-5-yl)-2-hydroxypropanal, [3-(6,7-dimethoxy-2H-1,3-benzodioxol-5-yl)oxiran-2-yl]methanol, 3-(6-hydroxy-2,3,4-trimethoxyphenyl)prop-2-enoic acid, 3-(4,7-dimethoxy-2H-1,3-benzodioxol-5-yl)propanoic acid","HMDB0128666, HMDB0128669, HMDB0128671, HMDB0128675, HMDB0142077, HMDB0137285","0","191074.3125","46177696","6","0","false","0.000033707732654875144",""
"Pacific Northwest National Laboratory","20201130_jl_lungmap_agarose_1","2020-12-01_22h59m24s","C10H14N2O6","M+K","","C10H14N2O6+K+","297.04834406099997","0.018501654","0.5","0.038415099601613725","0.4981630247151517","0.9668010752688172","Ribothymidine, Imidazoleacetic acid riboside, 3-Methyluridine","HMDB0000884, HMDB0002331, HMDB0004813","0","223351","70017792","3","1","false","0.00006714505434501916","C13H10N2O5+Na+"
"Pacific Northwest National Laboratory","20201130_jl_lungmap_agarose_1","2020-12-01_22h59m24s","C9H21N","M+H","","C9H21N+H+","144.17467610699998","0.018505018","0.5","0.019225271496613475","0.9735349641037169","0.988702147525677","Tripropylamine","HMDB0032545","0","178360.578125","44914616","1","0","false","0.00003739081876119599",""
"Pacific Northwest National Laboratory","20201130_jl_lungmap_agarose_1","2020-12-01_22h59m24s","C14H10O8","M+K","","C14H10O8+K+","345.000725173","0.01866461","0.5","0.01985244701520715","0.9417565261917261","0.9983118946958113","2-(3,4-Dihydroxybenzoyloxy)-4,6-dihydroxybenzoate","HMDB0059651","0","553460.3125","2800233984","1","0","false","0.000021257257685647346",""
"Pacific Northwest National Laboratory","20201130_jl_lungmap_agarose_1","2020-12-01_22h59m24s","C7H8OS","M+H","","C7H8OS+H+","141.036862481","0.018690707","0.5","0.019177835071616786","0.9805681487122981","0.9939130434782608","2-Methoxybenzenethiol, Kahweofuran, 2-Acetyl-5-methylthiophene, 2-Propanoylthiophene, 2-Acetyl-3-methylthiophene, 2-(Methylthio)phenol","HMDB0032571, HMDB0032922, HMDB0033130, HMDB0033159, HMDB0041502, HMDB0041281","0","171961.515625","42774776","6","0","false","0.00012868287740275264",""
"Pacific Northwest National Laboratory","20201130_jl_lungmap_agarose_1","2020-12-01_22h59m24s","C19H18O8","M+K","","C19H18O8+K+","413.063325429","0.018806497","0.5","0.020430380438783327","0.9299434612616135","0.9898625429553265","Hymenoxin, Pebrellin, 5,8-Dihydroxy-3,3',4',7-tetramethoxyflavone, Casticin, Comosin, 4',5-Dihydroxy-3',5',7,8-tetramethoxyflavone, Menadiol disuccinate, Methyl rosmarinate, 3-O-Methylrosmarinic acid, 3-(3,4-dihydroxyphenyl)-2-{[(2E)-3-(4-hydroxy-3-methoxyphenyl)prop-2-enoyl]oxy}propanoic acid, 5,8-dihydroxy-3,6,7-trimethoxy-2-(4-methoxyphenyl)-4H-chromen-4-one, 5,7-dihydroxy-3,6,8-trimethoxy-2-(4-methoxyphenyl)-4H-chromen-4-one, 5,6-dihydroxy-3,7,8-trimethoxy-2-(4-methoxyphenyl)-4H-chromen-4-one, 3,5-dihydroxy-6,7,8-trimethoxy-2-(4-methoxyphenyl)-4H-chromen-4-one, 5-hydroxy-2-(4-hydroxyphenyl)-3,6,7,8-tetramethoxy-4H-chromen-4-one","HMDB0033306, HMDB0029546, HMDB0030611, HMDB0030660, HMDB0033254, HMDB0033276, HMDB0033841, HMDB0035446, HMDB0041667, HMDB0124967, HMDB0137979, HMDB0137980, HMDB0137981, HMDB0137982, HMDB0137983","0","212690.65625","28129802","15","0","false","0.0003784305590670556",""
"Pacific Northwest National Laboratory","20201130_jl_lungmap_agarose_1","2020-12-01_22h59m24s","C5H9N3O3","M+H","","C5H9N3O3+H+","160.071667583","0.018865222","0.5","0.019248505274275143","0.9841304183796945","0.9958920187793427","L-Hexahydro-3-imino-1,2,4-oxadiazepine-3-carboxylic acid","HMDB0030402","0","200332.578125","36161536","1","0","false","0.000031234063499141484",""
"Pacific Northwest National Laboratory","20201130_jl_lungmap_agarose_1","2020-12-01_22h59m24s","C13H13N3","M+Na","","C13H13N3+Na+","234.10016809899997","0.018896442","0.5","0.01963813074167416","0.9655331539572423","0.9965811965811966","3-Amino-1,4-dimethyl-5H-pyrido[4,3-b]indole, Varenicline","HMDB0029746, HMDB0015398","0","175397.40625","25145684","2","1","false","0.0001724930916680023","C17H12O+H+"
"Pacific Northwest National Laboratory","20201130_jl_lungmap_agarose_1","2020-12-01_22h59m24s","C6H8N2","M+K","","C6H8N2+K+","147.03190614899998","0.018933857","0.5","0.019452246984349816","0.9798831437334181","0.9933333333333333","2,3-Dimethylpyrazine, 2-Ethylpyrazine, 2,6-Dimethylpyrazine, 2,5-Dimethylpyrazine","HMDB0032971, HMDB0031849, HMDB0035248, HMDB0035289","0","172321.171875","40482348","4","0","false","0.00016875859000720084",""
"Pacific Northwest National Laboratory","20201130_jl_lungmap_agarose_1","2020-12-01_22h59m24s","C11H16O7","M+K","","C11H16O7+K+","299.052760745","0.01903278","0.5","0.01997874480737202","0.9555253610864517","0.996992337164751","3-Furanmethanol glucoside","HMDB0032924","0","398876.3125","1633466752","1","2","false","0.00008147277549142018","C9H14N3O6+K+, C14H12O6+Na+"
"Pacific Northwest National Laboratory","20201130_jl_lungmap_agarose_1","2020-12-01_22h59m24s","C8H5NO2","M+Na","","C8H5NO2+Na+","170.021249083","0.019033814","0.5","0.019542250195761696","0.9760854184461514","0.9978458049886622","Indole-5,6-quinone, Agrocybin, 1H-Indole-2,3-dione","HMDB0006779, HMDB0030481, HMDB0061933","0","198530.1875","37255176","3","1","false","0.00001681495450611692","C5H9NO3+K+"
"Pacific Northwest National Laboratory","20201130_jl_lungmap_agarose_1","2020-12-01_22h59m24s","C30H34O14","M+H","","C30H34O14+H+","619.202132203","0.01903661","0.5","0.022084132686947578","0.8925667607572008","0.9657584931046082","3,4,5-trihydroxy-6-{2-[(3-methylbut-2-enoyl)oxy]-2-{9-[(3-methylbut-2-enoyl)oxy]-2-oxo-2H,8H,9H-furo[2,3-h]chromen-8-yl}propoxy}oxane-2-carboxylic acid","HMDB0128923","0","331607.21875","201237936","1","0","false","0.000004106411324755754",""
"Pacific Northwest National Laboratory","20201130_jl_lungmap_agarose_1","2020-12-01_22h59m24s","C9H13NO","M+K","","C9H13NO+K+","190.06287192899998","0.019102266","0.5","0.01963951579944067","0.975454379707474","0.997119341563786","N-Methyltyramine, N-Methylphenylethanolamine, Phenylpropanolamine, 1,2,3,4,5,6-Hexahydro-5-methyl-7H-cyclopenta[b]pyridin-7-one, 1,2,3,4,5,6-Hexahydro-6-methyl-7H-cyclopenta[b]pyridin-7-one, 2,3,4,5,6,7-Hexahydrocyclopent[b]azepin-8(1H)-one, 2-(1-Pyrrolidinyl)-2-cyclopenten-1-one, 2-(2-Furanyl)piperidine, 2-Acetyl-3-ethylidene-3,4,5,6-tetrahydropyridine, 1-Furfurylpyrrolidine, 2-(5-Methyl-2-furanyl)pyrrolidine, 4-Hydroxyamphetamine","HMDB0003633, HMDB0001387, HMDB0001942, HMDB0039658, HMDB0039659, HMDB0039663, HMDB0039674, HMDB0039835, HMDB0040039, HMDB0040037, HMDB0040044, HMDB0060765","0","171904.796875","30743256","12","0","false","0.0002212382823927328",""
"Pacific Northwest National Laboratory","20201130_jl_lungmap_agarose_1","2020-12-01_22h59m24s","C16H24N2","M+H","","C16H24N2+H+","245.20122520299998","0.019109178","0.5","0.019998326714149747","0.9592787182140309","0.9961013645224172","Xylometazoline","HMDB0015640","0","178421.9375","22078658","1","0","false","0.00010207261948380619",""
"Pacific Northwest National Laboratory","20201130_jl_lungmap_agarose_1","2020-12-01_22h59m24s","C8H13N2O2","M+Na","","C8H13N2O2+Na+","192.08692333899998","0.019150974","0.5","0.01959620418957969","0.9803521538201304","0.9968660968660968","Pyridoxaminium(1+)","HMDB0062696","0","174544.015625","29644826","1","2","false","0.00006805558950873092","C13H12+Na+, C7H13NO5+H+"
"Pacific Northwest National Laboratory","20201130_jl_lungmap_agarose_1","2020-12-01_22h59m24s","C12H18O4S2","M+K","","C12H18O4S2+K+","329.027809289","0.01920128","0.5","0.02137101895188592","0.9294733962289259","0.9666472189809413","Isoprothiolane","HMDB0031779","0","1923064.875","1734766848","1","2","false","0.000007076388556015445","C15H15ClN2S+K+, C14H10O8+Na+"
"Pacific Northwest National Laboratory","20201130_jl_lungmap_agarose_1","2020-12-01_22h59m24s","C12H23NO9","M+H","","C12H23NO9+H+","326.14455775100004","0.01920381","0.5","0.020361603206972518","0.9690735465955764","0.9732371794871795","2-O-alpha-D-Galactopyranosyl-1-deoxynojirimycin, Glucopyranosylmoranoline","HMDB0041337, HMDB0059718","0","191512.90625","28419938","2","2","false","0.00006992895214352757","C13H25O7P+H+, C18H22O4+Na+"
"Pacific Northwest National Laboratory","20201130_jl_lungmap_agarose_1","2020-12-01_22h59m24s","C10H11NO4S2","M+Na","","C10H11NO4S2+Na+","296.00217085500003","0.019268518","0.5","0.02010495749238109","0.9634430185911421","0.9947619047619047","Stepronin","HMDB0015492","0","167543.453125","18636016","1","0","false","0.000018541293684393167",""
"Pacific Northwest National Laboratory","20201130_jl_lungmap_agarose_1","2020-12-01_22h59m24s","C15H22N2O16P2","M+H","","C15H22N2O16P2+H+","549.051733059","0.01928773","0.5","0.020662253528559618","0.9503664049848694","0.9822281167108753","UDP-4-dehydro-6-deoxy-D-glucose","HMDB0012300","0","272245.4375","61996392","1","0","false","0.00040206476114690304",""
"Pacific Northwest National Laboratory","20201130_jl_lungmap_agarose_1","2020-12-01_22h59m24s","C19H35NO6","M+K","","C19H35NO6+K+","412.209595733","0.019302903","0.5","0.021493966190129832","0.9256352945908011","0.970210907275677","Dodecanedioylcarnitine","HMDB0013327","0","409980.15625","466515424","1","0","false","0.00004311355223762803",""
"Pacific Northwest National Laboratory","20201130_jl_lungmap_agarose_1","2020-12-01_22h59m24s","C13H10N2O5","M+K","","C13H10N2O5+K+","313.022129313","0.019325452","0.5","0.02100094066141548","0.9222214946693175","0.9978279989292953","cis,trans-5'-Hydroxythalidomide, 5-Hydroxythalidomide, Thalidomide arene oxide","HMDB0013870, HMDB0013871, HMDB0013872","0","482676.53125","1649720960","3","0","false","0.000012553941814985592",""
"Pacific Northwest National Laboratory","20201130_jl_lungmap_agarose_1","2020-12-01_22h59m24s","C10H10N2O2","M+H","","C10H10N2O2+H+","191.081503995","0.019366393","0.5","0.01993579720701392","0.973869733634803","0.9975031210986267","6-Hydroxy-1H-indole-3-acetamide","HMDB0031173","0","172462.640625","34206024","1","0","false","0.00008490846812492236",""
"Pacific Northwest National Laboratory","20201130_jl_lungmap_agarose_1","2020-12-01_22h59m24s","C5H7N","M+Na","","C5H7N+Na+","104.047069907","0.019383356","0.5","0.020914377876947235","0.9469609102990229","0.9787053841500303","2-Methylpyrrole, 1-Methylpyrrole","HMDB0033114, HMDB0033113","0","237132.984375","125546368","2","1","false","0.00004068860289407894","C4H7O3+H+"
"Pacific Northwest National Laboratory","20201130_jl_lungmap_agarose_1","2020-12-01_22h59m24s","C10H14N2","M+H","","C10H14N2+H+","163.12297488299998","0.019474119","0.5","0.019998895558394476","0.9760411114353758","0.9976626016260163","L(-)-Nicotine, Anabasine, Nicotine, Trimethyl-2-propenylpyrazine","HMDB0001934, HMDB0004350, HMDB0014330, HMDB0039982","0","163140.625","41775284","4","0","false","0.00003904648110619746",""
"Pacific Northwest National Laboratory","20201130_jl_lungmap_agarose_1","2020-12-01_22h59m24s","C16H12Cl2N2O2","M+K","","C16H12Cl2N2O2+K+","372.99074091700004","0.019490203","0.5","0.041733199669195274","0.46756875336146553","0.9988244766505636","Lormetazepam","HMDB0041919","0","911488.0625","2423959040","1","0","false","0.0004689337802119553",""
"Pacific Northwest National Laboratory","20201130_jl_lungmap_agarose_1","2020-12-01_22h59m24s","C43H75O8P","M+H","","C43H75O8P+H+","751.5272327949999","0.01955875","0.5","0.023287939105443644","0.8426634585622753","0.9966803379254741","PA(18:0/22:5(4Z,7Z,10Z,13Z,16Z)), PA(18:0/22:5(7Z,10Z,13Z,16Z,19Z)), PA(18:1(11Z)/22:4(7Z,10Z,13Z,16Z)), PA(18:1(9Z)/22:4(7Z,10Z,13Z,16Z)), PA(18:3(6Z,9Z,12Z)/22:2(13Z,16Z)), PA(18:3(9Z,12Z,15Z)/22:2(13Z,16Z)), PA(18:4(6Z,9Z,12Z,15Z)/22:1(13Z)), PA(20:0/20:5(5Z,8Z,11Z,14Z,17Z)), PA(20:1(11Z)/20:4(5Z,8Z,11Z,14Z)), PA(20:1(11Z)/20:4(8Z,11Z,14Z,17Z)), PA(20:4(5Z,8Z,11Z,14Z)/20:1(11Z)), PA(20:4(8Z,11Z,14Z,17Z)/20:1(11Z)), PA(20:5(5Z,8Z,11Z,14Z,17Z)/20:0), PA(22:1(13Z)/18:4(6Z,9Z,12Z,15Z)), PA(22:2(13Z,16Z)/18:3(6Z,9Z,12Z)), PA(22:2(13Z,16Z)/18:3(9Z,12Z,15Z)), PA(22:4(7Z,10Z,13Z,16Z)/18:1(11Z)), PA(22:4(7Z,10Z,13Z,16Z)/18:1(9Z)), PA(22:5(4Z,7Z,10Z,13Z,16Z)/18:0), PA(22:5(7Z,10Z,13Z,16Z,19Z)/18:0), PA(20:2(11Z,14Z)/20:3(5Z,8Z,11Z)), PA(20:2(11Z,14Z)/20:3(8Z,11Z,14Z)), PA(20:3(5Z,8Z,11Z)/20:2(11Z,14Z)), PA(20:3(8Z,11Z,14Z)/20:2(11Z,14Z))","HMDB0114891, HMDB0114892, HMDB0114915, HMDB0114940, HMDB0114993, HMDB0115020, HMDB0115046, HMDB0115080, HMDB0115106, HMDB0115107, HMDB0115157, HMDB0115184, HMDB0115209, HMDB0115281, HMDB0115305, HMDB0115306, HMDB0115329, HMDB0115330, HMDB0115354, HMDB0115380, HMDB0115546, HMDB0115547, HMDB0115560, HMDB0115574","0","2373221.25","7268729856","24","0","false","0.000018655500753084198",""
"Pacific Northwest National Laboratory","20201130_jl_lungmap_agarose_1","2020-12-01_22h59m24s","C10H12N4O4S","M+Na","","C10H12N4O4S+Na+","307.04714671700003","0.019568637","0.5","0.021183016044638334","0.9560654053054644","0.9662404092071611","6-Thioinosinic acid","HMDB0060791","0","286109","173070992","1","0","false","0.000012861969480582047",""
"Pacific Northwest National Laboratory","20201130_jl_lungmap_agarose_1","2020-12-01_22h59m24s","C19H22N2","M+Na","","C19H22N2+Na+","301.167519387","0.019738289","0.5","0.020880976424623676","0.9491239402414505","0.995945945945946","Triprolidine","HMDB0014571","0","220947.890625","19584606","1","1","false","0.000020883999241050333","C18H23N2S+H+"
"Pacific Northwest National Laboratory","20201130_jl_lungmap_agarose_1","2020-12-01_22h59m24s","C13H16N2O2S2","M+Na","","C13H16N2O2S2+Na+","319.054540775","0.019914458","0.5","0.020996206888465298","0.9539014852560316","0.9943152454780362","N-Methoxyspirobrassinol methyl ether","HMDB0041059","0","163853.703125","17213900","1","0","false","0.0005071876803413033",""
"Pacific Northwest National Laboratory","20201130_jl_lungmap_agarose_1","2020-12-01_22h59m24s","C43H84NO7P","M+H","","C43H84NO7P+H+","758.6058174629999","0.019920168","0.5","0.02381047332364129","0.8429826078894791","0.9924447699255462","PE(20:0/P-18:1(11Z)), PE(20:0/P-18:1(9Z)), PE(20:1(11Z)/P-18:0), PE(22:1(13Z)/P-16:0), PE(P-16:0/22:1(13Z)), PE(P-18:0/20:1(11Z)), PE(P-18:1(11Z)/20:0), PE(P-18:1(9Z)/20:0)","HMDB0009248, HMDB0009249, HMDB0009280, HMDB0009543, HMDB0011356, HMDB0011381, HMDB0011413, HMDB0011446","0","1688215.5","3374267904","8","0","false","0.00011138574336655438",""
"Pacific Northwest National Laboratory","20201130_jl_lungmap_agarose_1","2020-12-01_22h59m24s","C4H4O2","M+Na","","C4H4O2+Na+","107.010350051","0.019926785","0.5","0.021435631340259047","0.9459275393480748","0.982750088370449","4-Hydroxy-2-butenoic acid gamma-lactone, Furanone A","HMDB0032330, HMDB0094691","0","248102.1875","108005008","2","0","false","0.00002129438507836312",""
"Pacific Northwest National Laboratory","20201130_jl_lungmap_agarose_1","2020-12-01_22h59m24s","C14H10O","M+H","","C14H10O+H+","195.080441375","0.019929903","0.5","0.02076800498991578","0.9622416760167302","0.9973009446693657","1-Hydroxyphenanthrene, 2-Hydroxyphenanthrene, 3-Hydroxyphenanthrene, 4-Hydroxyphenanthrene, 9-Hydroxyphenanthrene","HMDB0059797, HMDB0059798, HMDB0059799, HMDB0059800, HMDB0059801","0","175318.6875","31258212","5","0","false","0.00004894582889392041",""
"Pacific Northwest National Laboratory","20201130_jl_lungmap_agarose_1","2020-12-01_22h59m24s","C13H21NO6S","M+Na","","C13H21NO6S+Na+","342.098179245","0.020029763","0.5","0.020951914450660258","0.9610011345844086","0.9947826086956522","Salbutamol 4-O-sulfate","HMDB0060604","0","203138.90625","15737699","1","0","false","0.00001935288673848845",""
"Pacific Northwest National Laboratory","20201130_jl_lungmap_agarose_1","2020-12-01_22h59m24s","C20H29ClN2O5S","M+K","","C20H29ClN2O5S+K+","483.111728791","0.020035818","0.5","0.02423545019131283","0.8425932118621957","0.9811559778305622","Tamsulosin hydrochloride","HMDB0042022","0","240578.34375","65462728","1","0","false","0.00005837158823851496",""
"Pacific Northwest National Laboratory","20201130_jl_lungmap_agarose_1","2020-12-01_22h59m24s","C15H22O","M+H","","C15H22O+H+","219.174341759","0.020044528","0.5","0.020875567070622367","0.9634737406414353","0.9965925925925926","(E)-10,11-Dihydro-alpha-atlantone, (+)-4,11-Eudesmadien-3-one, alpha-Sinensal, Nookatone, Sinensal, (5alpha,10alpha)-3,7(11)-Eudesmadien-2-one, (5beta,7beta,10beta)-3,11-Eudesmadien-2-one, beta-Sinensal, Solavetivone, Patchoulenone, Valerenal, Furanoeremophilane, Dendrolasin, 1,3,5-Bisabolatrien-10-one, Rotundone, Zerumbone, beta-Santalal, Vulgarone A, Mustakone, alpha-Santalal, alpha-Turmerone, Curlone, Vulgarone B, beta-Atlantone, Xanthorrhizol, Calamusenone, 4,7(11)-Guaiadien-8-one, Bisacumol, beta-Elemenone, Isohumbertiol, N-Octyl phenyl ketone, 2-benzyloctanal, (2Z)-2-(phenylmethylidene)octan-1-ol","HMDB0036201, HMDB0037061, HMDB0038215, HMDB0013687, HMDB0013693, HMDB0035081, HMDB0035082, HMDB0035643, HMDB0035657, HMDB0035747, HMDB0035786, HMDB0035835, HMDB0036071, HMDB0036109, HMDB0036443, HMDB0036667, HMDB0036718, HMDB0036733, HMDB0036797, HMDB0036813, HMDB0037000, HMDB0037068, HMDB0038164, HMDB0038187, HMDB0038195, HMDB0038200, HMDB0038201, HMDB0038511, HMDB0039637, HMDB0040686, HMDB0094674, HMDB0134121, HMDB0134122","0","163745.53125","28566724","33","0","false","0.00008275891741504893",""
"Pacific Northwest National Laboratory","20201130_jl_lungmap_agarose_1","2020-12-01_22h59m24s","C20H14O8","M+H","","C20H14O8+H+","383.076143843","0.020071449","0.5","0.022262235148323397","0.9264153851364839","0.9732047159699893","(+)-12a-Hydroxypachyrrhizone","HMDB0030774","0","322325.5","102968776","1","0","false","0.00012981650070287287",""
"Pacific Northwest National Laboratory","20201130_jl_lungmap_agarose_1","2020-12-01_22h59m24s","C18H16ClFN2O2","M+H","","C18H16ClFN2O2+H+","347.09571004700007","0.020111097","0.5","0.023599152902116918","0.8541168747377872","0.9977506958549612","N1-(2-Hydroxyethyl)flurazepam","HMDB0060853","0","618791.0625","2206076928","1","0","false","0.0001395374274579808",""
"Pacific Northwest National Laboratory","20201130_jl_lungmap_agarose_1","2020-12-01_22h59m24s","C12H16","M+Na","","C12H16+Na+","183.11442119499998","0.020126663","0.5","0.020811964962913362","0.9692959764569866","0.9977053140096618","1-(1-Methylethenyl)-4-(1-methylethyl)benzene, 1-(1-methylethenyl)-3-(1-methylethyl)-benzene","HMDB0061813, HMDB0061814","0","192571.8125","35326544","2","1","false","0.00007417732558678836","C7H17N2O2+Na+"
"Pacific Northwest National Laboratory","20201130_jl_lungmap_agarose_1","2020-12-01_22h59m24s","C11H12O6S","M+Na","","C11H12O6S+Na+","295.02467995700005","0.02017745","0.5","0.0215880036359364","0.954451319327811","0.979264475743349","5-(Hydroxyphenyl)-gamma-valerolactone-O-sulphate, [(5-hydroxy-2-methyl-2H-chromen-2-yl)methoxy]sulfonic acid, [1-(4-methoxy-1-benzofuran-5-yl)ethoxy]sulfonic acid, [2-methoxy-4-(3-oxobut-1-en-1-yl)phenyl]oxidanesulfonic acid","HMDB0059993, HMDB0126424, HMDB0129400, HMDB0135674","0","213844.078125","61019720","4","0","false","0.00005286484520183876",""
"Pacific Northwest National Laboratory","20201130_jl_lungmap_agarose_1","2020-12-01_22h59m24s","C48H85N3O15P2","M+H","","C48H85N3O15P2+H+","1006.5528694550001","0.020474516","0.5","0.026050651701209983","0.8216615232521782","0.9565377532228361","CDP-DG(18:0/18:2(9Z,12Z)), CDP-DG(18:1(11Z)/18:1(11Z)), CDP-DG(18:1(11Z)/18:1(9Z)), CDP-DG(18:1(9Z)/18:1(11Z)), CDP-DG(18:2(9Z,12Z)/18:0), CDP-DG(18:2(9Z,11Z)/i-18:0), CDP-DG(i-18:0/18:2(9Z,11Z))","HMDB0006981, HMDB0006988, HMDB0006989, HMDB0006997, HMDB0115966, HMDB0116058, HMDB0116259","0","316787.625","35868460","7","0","false","0.002775962930172682",""
"Pacific Northwest National Laboratory","20201130_jl_lungmap_agarose_1","2020-12-01_22h59m24s","C28H56NO7P","M+Na","","C28H56NO7P+Na+","572.368660815","0.020480238","0.5","0.022932589097603095","0.9075000859819742","0.9840909090909091","LysoPC(20:1(11Z)), PC(18:1(9Z)e/2:0)","HMDB0010391, HMDB0011148","0","205608.8125","13527828","2","0","false","0.0004200208932161331",""
"Pacific Northwest National Laboratory","20201130_jl_lungmap_agarose_1","2020-12-01_22h59m24s","C6H14O5","M+H","","C6H14O5+H+","167.091399983","0.020537619","0.5","0.02082896055434369","0.9906602006102121","0.9953086419753087","1-Deoxy-D-glucitol","HMDB0041500","0","188966.015625","34076700","1","0","false","0.000074312265496701",""
"Pacific Northwest National Laboratory","20201130_jl_lungmap_agarose_1","2020-12-01_22h59m24s","C28H34O13","M+K","","C28H34O13+K+","617.163099041","0.020544045","0.5","0.023275491765475265","0.8937216635902405","0.9876084262701363","8-Acetoxypinoresinol 4-glucoside","HMDB0033283","0","430495.625","57963800","1","0","false","0.00013378691801335663",""
"Pacific Northwest National Laboratory","20201130_jl_lungmap_agarose_1","2020-12-01_22h59m24s","C5H6N2S","M+K","","C5H6N2S+K+","164.98832725499997","0.020624487","0.5","0.02101547327937318","0.9863558775527297","0.9949707602339182","2-(Methylthio)pyrazine, Pyrazinemethanethiol","HMDB0033152, HMDB0036186","0","168939.265625","36117972","2","0","false","0.00005189868898014538",""
"Pacific Northwest National Laboratory","20201130_jl_lungmap_agarose_1","2020-12-01_22h59m24s","C30H22O7","M+Na","","C30H22O7+Na+","517.1257737269999","0.020627381","0.5","0.023422317853135304","0.8973009231737171","0.9814679346500853","Palmidin C, Palmidin B","HMDB0033864, HMDB0034037","0","361763.28125","503297728","2","0","false","0.000021828065655427054",""
"Pacific Northwest National Laboratory","20201130_jl_lungmap_agarose_1","2020-12-01_22h59m24s","C38H73O8P","M+Na","","C38H73O8P+Na+","711.493526979","0.020693269","0.5","0.02435379316998844","0.864023829460115","0.9834148329258354","PA(20:1(11Z)/15:0)","HMDB0115093","0","1404414.125","1019813888","1","0","false","0.000012081306522304658",""
"Pacific Northwest National Laboratory","20201130_jl_lungmap_agarose_1","2020-12-01_22h59m24s","C17H20N2O6S","M+Na","","C17H20N2O6S+Na+","403.09342821300004","0.020714188","0.5","0.022091142198180327","0.938892254676315","0.9986975353831137","Meticillin","HMDB0015541","0","1052134.875","3139946240","1","3","false","0.0004485537065193057","C21H19ClO6+H+, C14H23NO10+K+, C13H18N5O8P+H+"
"Pacific Northwest National Laboratory","20201130_jl_lungmap_agarose_1","2020-12-01_22h59m24s","C11H9N","M+H","","C11H9N+H+","156.080775723","0.020779785","0.5","0.02147838583716929","0.9699705110953648","0.9974264705882353","4-Phenylpyridine","HMDB0033123","0","183991.25","34372836","1","0","false","0.00017916510114446282",""
"Pacific Northwest National Laboratory","20201130_jl_lungmap_agarose_1","2020-12-01_22h59m24s","C53H90O23","M+H","","C53H90O23+H+","1095.594565575","0.020794654","0.5","0.026757898156216233","0.801970845525052","0.9690387016229712","(3b,6a,12b,17a,20S)-Dammar-24-ene-3,6,12,17,20-pentol 20-[glucosyl-(1->2)-[rhamnosyl-(1->6)]-glucoside] 6-xyloside","HMDB0035347","0","348622.6875","153753664","1","0","false","0.00007976561028044671",""
"Pacific Northwest National Laboratory","20201130_jl_lungmap_agarose_1","2020-12-01_22h59m24s","C15H14O3","M+Na","","C15H14O3+Na+","265.083514991","0.020816833","0.5","0.021722333051673856","0.9632379782964625","0.9948888888888889","Equol, Fenoprofen, 1-Phenyl-6,7-dihydroxy-isochroman, Phenethyl salicylate, 2,3-Dihydroxy-1,3-diphenyl-1-propanone, Guaicyl phenylacetate, Citrubuntin, 3-(2,4-dihydroxyphenyl)-1-phenylpropan-1-one, 3-hydroxy-3-(4-hydroxyphenyl)-1-phenylpropan-1-one, 1,3-bis(4-hydroxyphenyl)propan-1-one, 3-(3,4-dihydroxyphenyl)-1-phenylpropan-1-one, 3-(4-hydroxyphenyl)-3,4-dihydro-2H-1-benzopyran-7-ol, 3-phenyl-3,4-dihydro-2H-1-benzopyran-4,7-diol, 1-(2,4-dihydroxyphenyl)-2-phenylpropan-1-one, 1-(2,5-dihydroxyphenyl)-3-phenylpropan-1-one, 1-(3,4-dihydroxyphenyl)-3-phenylpropan-1-one, 3-(2-hydroxyphenyl)-1-(3-hydroxyphenyl)propan-1-one, 1-(3,5-dihydroxyphenyl)-3-phenylpropan-1-one, 3-hydroxy-1-(3-hydroxyphenyl)-3-phenylpropan-1-one, 1,3-bis(3-hydroxyphenyl)propan-1-one, 1-(3-hydroxyphenyl)-3-(4-hydroxyphenyl)propan-1-one, 1-(2-hydroxyphenyl)-3-(4-hydroxyphenyl)propan-1-one","HMDB0002209, HMDB0014713, HMDB0029302, HMDB0035019, HMDB0036347, HMDB0037679, HMDB0039146, HMDB0135601, HMDB0135593, HMDB0135594, HMDB0135595, HMDB0130495, HMDB0130496, HMDB0130497, HMDB0135355, HMDB0135397, HMDB0135405, HMDB0135406, HMDB0135407, HMDB0135408, HMDB0135409, HMDB0135596","0","169991.375","19739466","22","0","false","0.0004428841348271817",""
"Pacific Northwest National Laboratory","20201130_jl_lungmap_agarose_1","2020-12-01_22h59m24s","C9H14N3O6","M+K","","C9H14N3O6+K+","299.051418061","0.020822255","0.5","0.021718939739755583","0.9619103772368038","0.9966772337677586","Asparaginyl-Glutamate","HMDB0028730","0","515324.84375","1841145856","1","2","false","0.000010556729648669716","C14H12O6+Na+, C11H16O7+K+"
"Pacific Northwest National Laboratory","20201130_jl_lungmap_agarose_1","2020-12-01_22h59m24s","C10H14N2O5","M+Na","","C10H14N2O5+Na+","265.079492231","0.020827731","0.5","0.021357518547629656","0.9790884229877281","0.9960227272727272","Thymidine, Telbivudine","HMDB0000273, HMDB0015394","0","170197.640625","23082698","2","0","false","0.00018908409401774406",""
"Pacific Northwest National Laboratory","20201130_jl_lungmap_agarose_1","2020-12-01_22h59m24s","C6H9N3O","M+Na","","C6H9N3O+Na+","162.06378259099998","0.020831745","0.5","0.021250749035363902","0.9825791529040729","0.9976629766297663","Histidinal","HMDB0012234","0","192467.859375","34405920","1","0","false","0.00011707888188539073",""
"Pacific Northwest National Laboratory","20201130_jl_lungmap_agarose_1","2020-12-01_22h59m24s","C17H24O8","M+K","","C17H24O8+K+","395.110275621","0.020884397","0.5","0.02248930454802577","0.9314110359597685","0.9970215275729873","xi-3-Hydroxy-5-phenylpentanoic acid O-beta-D-Glucopyranoside, Zingerone glucoside","HMDB0031695, HMDB0040558","0","906931.75","1397499520","2","1","false","0.0002738467010203749","C20H20O7+Na+"
"Pacific Northwest National Laboratory","20201130_jl_lungmap_agarose_1","2020-12-01_22h59m24s","C20H31N4O16P","M+Na","","C20H31N4O16P+Na+","637.136488595","0.020884946","0.5","0.022953706792848323","0.9285233707754402","0.97991341991342","Cytidine monophosphate N-acetylneuraminic acid","HMDB0001176","0","424653.90625","84697568","1","0","false","0.00005413799226516858",""
"Pacific Northwest National Laboratory","20201130_jl_lungmap_agarose_1","2020-12-01_22h59m24s","C26H52NO6P","M+H","","C26H52NO6P+H+","506.3605018190001","0.02089259","0.5","0.023024601670731795","0.9162016483815191","0.9903964815544177","LysoPC(P-18:1(9Z))","HMDB0010408","0","370632.6875","924347648","1","0","false","0.000014132882824924309",""
"Pacific Northwest National Laboratory","20201130_jl_lungmap_agarose_1","2020-12-01_22h59m24s","C25H52NO7P","M+H","","C25H52NO7P+H+","510.35541643900007","0.020953026","0.5","0.023690948680616837","0.9171176816229845","0.9643600562587904","LysoPE(0:0/20:0), LysoPE(20:0/0:0), LysoPC(17:0)","HMDB0011481, HMDB0011511, HMDB0012108","0","390192.75","204470384","3","0","false","0.00005400449299486354",""
"Pacific Northwest National Laboratory","20201130_jl_lungmap_agarose_1","2020-12-01_22h59m24s","C40H66NO10P","M+H","","C40H66NO10P+H+","752.4497107469999","0.020985823","0.5","0.02476096114321365","0.8538906861810471","0.9925587467362924","PS(14:1(9Z)/20:5(5Z,8Z,11Z,14Z,17Z)), PS(20:5(5Z,8Z,11Z,14Z,17Z)/14:1(9Z))","HMDB0112313, HMDB0112680","0","844158.5","338676896","2","1","false","0.00026834491291083395","C38H68NO10P+Na+"
"Pacific Northwest National Laboratory","20201130_jl_lungmap_agarose_1","2020-12-01_22h59m24s","C16H16O9","M+K","","C16H16O9+K+","391.042589985","0.021090694","0.5","0.022767474517728956","0.9353717383785756","0.9903569441132045","Chlorogenoquinone, 3,4,5-trihydroxy-6-[(1-oxo-1H-isochromen-3-yl)methoxy]oxane-2-carboxylic acid, 6-[(5-acetyl-1-benzofuran-4-yl)oxy]-3,4,5-trihydroxyoxane-2-carboxylic acid, 3,4,5-trihydroxy-6-[(6-methyl-2-oxo-2H-chromen-7-yl)oxy]oxane-2-carboxylic acid, 3,4,5-trihydroxy-6-[(2-oxo-2H-chromen-6-yl)methoxy]oxane-2-carboxylic acid, 3,4,5-trihydroxy-6-[(6-methyl-2-oxo-2H-chromen-8-yl)oxy]oxane-2-carboxylic acid, 3,4,5-trihydroxy-6-[(6-methyl-2-oxo-2H-chromen-5-yl)oxy]oxane-2-carboxylic acid, 3,4,5-trihydroxy-6-[(6-methyl-2-oxo-2H-chromen-3-yl)oxy]oxane-2-carboxylic acid, 3,4,5-trihydroxy-6-[(4-methyl-2-oxo-2H-chromen-7-yl)oxy]oxane-2-carboxylic acid","HMDB0029383, HMDB0128626, HMDB0129398, HMDB0135534, HMDB0135535, HMDB0135537, HMDB0135538, HMDB0135539, HMDB0136759","0","376321.875","732889536","9","2","false","0.00013406158541329205","C9H16N6O7S+K+, C19H12O8+Na+"
"Pacific Northwest National Laboratory","20201130_jl_lungmap_agarose_1","2020-12-01_22h59m24s","C20H41NO2","M+H","","C20H41NO2+H+","328.32100598700004","0.0210939","0.5","0.022543283146393055","0.9447660639454196","0.9904109589041096","Stearoylethanolamide, N,N-Dimethylsphingosine","HMDB0013078, HMDB0013645","0","611226","33062700","2","0","false","0.00004898448969470337",""
"Pacific Northwest National Laboratory","20201130_jl_lungmap_agarose_1","2020-12-01_22h59m24s","C5H8O2","M+K","","C5H8O2+K+","139.015587389","0.021130396","0.5","0.021605965174837594","0.9854975702639904","0.9923809523809524","Glutaral, Dihydro-2-methyl-3(2H)-furanone, 2,4-Pentanedione, Dihydro-5-methyl-2(3H)-furanone, Isopropenyl acetate, Methyl methacrylate, 2-Ethylacrylic acid, Senecioic acid, Tiglic acid, 3-Methylbutyrolactone, Angelic acid, 2,3-Pentanedione, 4-Pentenoic acid, 2-Pentenoic acid, Ethyl acrylate, Dihydro-3-methyl-2(3H)-furanone, 3,3-dimethyloxirane-2-carbaldehyde, 2-methylbut-3-enoic acid, 2-methylbut-2-enoic acid, 3-Methylbut-3-enoic acid","HMDB0029599, HMDB0031178, HMDB0031648, HMDB0033840, HMDB0032351, HMDB0032385, HMDB0001862, HMDB0000509, HMDB0001470, HMDB0002167, HMDB0029608, HMDB0031598, HMDB0031602, HMDB0032459, HMDB0033978, HMDB0035143, HMDB0129418, HMDB0130837, HMDB0132474, HMDB0170858","0","174194.34375","43579272","20","1","false","0.00003097120861639269","C3H7O4P+H+"
"Pacific Northwest National Laboratory","20201130_jl_lungmap_agarose_1","2020-12-01_22h59m24s","C11H15NO2","M+H","","C11H15NO2+H+","194.117555155","0.021132957","0.5","0.02176106281185693","0.973702036457679","0.997364953886693","(R)-N-Methylsalsolinol, (S)-N-Methylsalsolinol, (R)-1,2-dimethyl-5,6-dihydroxy-tetrahydroisoquinoline, (-)-Salsoline, 2-Isopropylphenyl methylcarbamate, 2-Methylpropyl 2-aminobenzoate, Butyl 2-aminobenzoate, Ethyl N-ethylanthranilate","HMDB0003626, HMDB0003892, HMDB0012484, HMDB0012469, HMDB0031797, HMDB0035072, HMDB0036906, HMDB0037698","0","185313.6875","32342398","8","0","false","0.00009403876174474135",""
"Pacific Northwest National Laboratory","20201130_jl_lungmap_agarose_1","2020-12-01_22h59m24s","C25H49NO5","M+K","","C25H49NO5+K+","482.32423156100003","0.021159612","0.5","0.023867245907038214","0.9059399365207806","0.9786016949152543","12-Hydroxy-12-octadecanoylcarnitine","HMDB0013154","0","273083.15625","74949576","1","1","false","0.00007604872371302918","C23H48NO7P+H+"
"Pacific Northwest National Laboratory","20201130_jl_lungmap_agarose_1","2020-12-01_22h59m24s","C13H24O4","M+Na","","C13H24O4+Na+","267.15667993100004","0.021163002","0.5","0.02191331880853198","0.9698709932762941","0.9957610789980732","1,11-Undecanedicarboxylic acid, Menthyl ethylene glycol carbonate, (±)-1,4-Nonanediol diacetate","HMDB0002327, HMDB0036141, HMDB0037184","0","185741.296875","22727294","3","0","false","0.00004804277341463603",""
"Pacific Northwest National Laboratory","20201130_jl_lungmap_agarose_1","2020-12-01_22h59m24s","C5H15N3O8P2","M+Na","","C5H15N3O8P2+Na+","330.02265912300004","0.02124493","0.5","0.02192343651668177","0.9840404558857364","0.9847675568743818","Histamine Phosphate","HMDB0014805","0","693716.75","465013184","1","1","false","0.00001931965562107507","C15H15ClN2S+K+"
"Pacific Northwest National Laboratory","20201130_jl_lungmap_agarose_1","2020-12-01_22h59m24s","C13H24O","M+H","","C13H24O+H+","197.18999182299999","0.021673074","0.5","0.022564763953316833","0.966523851251211","0.99375","(Z)-4-Dodecenal, 4-(2,6,6-Trimethyl-1-cyclohexenyl)-2-butanol, 2-Tridecenal, 2-Methylcyclododecanone, Dihydrogeranylacetone","HMDB0032247, HMDB0036172, HMDB0037275, HMDB0041404, HMDB0041490","0","165115.3125","30644352","5","0","false","0.0005574396927841008",""
"Pacific Northwest National Laboratory","20201130_jl_lungmap_agarose_1","2020-12-01_22h59m24s","C19H25N2OS","M+H","","C19H25N2OS+H+","330.176036025","0.021684714","0.5","0.023142376457019564","0.9422022361417286","0.9944927536231885","Hydroxyethylpromethazine","HMDB0240229","0","202968.6875","15290859","1","0","false","0.00022128067212179303",""
"Pacific Northwest National Laboratory","20201130_jl_lungmap_agarose_1","2020-12-01_22h59m24s","C10H12N4O7","M+K","","C10H12N4O7+K+","339.033756617","0.02168805","0.5","0.02740382024896523","0.7959541648869157","0.9943089430894309","beta-D-3-Ribofuranosyluric acid","HMDB0029920","0","301450.21875","23962158","1","0","false","0.00015332522161770612",""
"Pacific Northwest National Laboratory","20201130_jl_lungmap_agarose_1","2020-12-01_22h59m24s","C40H66O5","M+K","","C40H66O5+K+","665.4541831050001","0.021730179","0.5","0.025869271382615515","0.8433949777672959","0.9959742351046699","DG(15:0/22:6(4Z,7Z,10Z,13Z,16Z,19Z)/0:0), DG(22:6(4Z,7Z,10Z,13Z,16Z,19Z)/15:0/0:0), DG(15:0/0:0/22:6n3), DG(18:2n6/0:0/18:4n3)","HMDB0007092, HMDB0007764, HMDB0056008, HMDB0056291","0","645021.8125","57669448","4","0","false","0.00005472573320730589",""
"Pacific Northwest National Laboratory","20201130_jl_lungmap_agarose_1","2020-12-01_22h59m24s","C46H88O17P2","M+Na","","C46H88O17P2+Na+","997.538896039","0.021900004","0.5","0.026377101372313028","0.8419188758696168","0.9861588861588861","CL(8:0/8:0/8:0/13:0), CL(8:0/8:0/8:0/a-13:0), CL(8:0/8:0/8:0/i-13:0), CL(8:0/8:0/10:0/11:0)","HMDB0116802, HMDB0116803, HMDB0116804, HMDB0116833","0","317084.21875","83826280","4","0","false","0.000019740205971174873",""
"Pacific Northwest National Laboratory","20201130_jl_lungmap_agarose_1","2020-12-01_22h59m24s","C8H10O4","M+Na","","C8H10O4+Na+","193.047129483","0.022084853","0.5","0.02263153277609996","0.9785095405222262","0.9972762645914397","3,4-Dihydroxyphenylglycol, Furaneol acetate, Herierin III, Herierin IV, 3,4-Methyleneadipic acid, 3,5-dimethoxybenzene-1,2-diol, 2,6-dimethoxybenzene-1,4-diol, 3,4-dimethoxybenzene-1,2-diol, 2,3-dimethoxybenzene-1,4-diol, 4,5-dimethoxybenzene-1,3-diol","HMDB0000318, HMDB0032966, HMDB0038760, HMDB0038761, HMDB0059756, HMDB0132906, HMDB0132907, HMDB0133971, HMDB0133972, HMDB0133982","0","179404.796875","32806232","10","0","false","0.00009910386870615184",""
"Pacific Northwest National Laboratory","20201130_jl_lungmap_agarose_1","2020-12-01_22h59m24s","C20H20O10","M+K","","C20H20O10+K+","459.068804733","0.022180941","0.5","0.024425787417006704","0.9110055318559279","0.9968053964617538","6-{2,4-dihydroxy-6-[(E)-2-(4-hydroxyphenyl)ethenyl]phenoxy}-3,4,5-trihydroxyoxane-2-carboxylic acid, 6-{2,5-dihydroxy-3-[(E)-2-(4-hydroxyphenyl)ethenyl]phenoxy}-3,4,5-trihydroxyoxane-2-carboxylic acid, 3,4,5-trihydroxy-6-{4-[(E)-2-(2,3,5-trihydroxyphenyl)ethenyl]phenoxy}oxane-2-carboxylic acid, 6-{3,4-dihydroxy-5-[(E)-2-(4-hydroxyphenyl)ethenyl]phenoxy}-3,4,5-trihydroxyoxane-2-carboxylic acid, 6-{5-[(E)-2-(3,5-dihydroxyphenyl)ethenyl]-2-hydroxyphenoxy}-3,4,5-trihydroxyoxane-2-carboxylic acid, 6-{3-[(E)-2-(3,4-dihydroxyphenyl)ethenyl]-5-hydroxyphenoxy}-3,4,5-trihydroxyoxane-2-carboxylic acid, 6-{4-[(E)-2-(3,5-dihydroxyphenyl)ethenyl]-2-hydroxyphenoxy}-3,4,5-trihydroxyoxane-2-carboxylic acid, 6-{2,6-dihydroxy-4-[(E)-2-(4-hydroxyphenyl)ethenyl]phenoxy}-3,4,5-trihydroxyoxane-2-carboxylic acid, 6-{2,3-dihydroxy-5-[(E)-2-(4-hydroxyphenyl)ethenyl]phenoxy}-3,4,5-trihydroxyoxane-2-carboxylic acid, 3,4,5-trihydroxy-6-{4-[(E)-2-(3,4,5-trihydroxyphenyl)ethenyl]phenoxy}oxane-2-carboxylic acid, 6-{2-[(E)-2-(3,5-dihydroxyphenyl)ethenyl]-5-hydroxyphenoxy}-3,4,5-trihydroxyoxane-2-carboxylic acid, 6-{3-[(E)-2-(2,4-dihydroxyphenyl)ethenyl]-5-hydroxyphenoxy}-3,4,5-trihydroxyoxane-2-carboxylic acid, 6-{4-[(E)-2-(3,5-dihydroxyphenyl)ethenyl]-3-hydroxyphenoxy}-3,4,5-trihydroxyoxane-2-carboxylic acid, 3,4,5-trihydroxy-6-{3-hydroxy-5-[3-(4-hydroxyphenyl)oxiran-2-yl]phenoxy}oxane-2-carboxylic acid, 6-{4-[3-(3,5-dihydroxyphenyl)oxiran-2-yl]phenoxy}-3,4,5-trihydroxyoxane-2-carboxylic acid, 3-{[3,4-dihydroxy-5-(hydroxymethyl)oxolan-2-yl]oxy}-5,7-dihydroxy-2-(3-hydroxyphenyl)-3,4-dihydro-2H-1-benzopyran-4-one","HMDB0128512, HMDB0128513, HMDB0128514, HMDB0128515, HMDB0128518, HMDB0128519, HMDB0128520, HMDB0128523, HMDB0128524, HMDB0128525, HMDB0128528, HMDB0128529, HMDB0128530, HMDB0128531, HMDB0128532, HMDB0132723","0","530945.4375","1642614272","16","1","false","0.0001338708825642243","C23H20N2O4S+K+"
"Pacific Northwest National Laboratory","20201130_jl_lungmap_agarose_1","2020-12-01_22h59m24s","C30H22O9","M+H","","C30H22O9+H+","527.133658719","0.022209214","0.5","0.02483746608102649","0.8951102754329325","0.9989629377762665","3-[5,7-dihydroxy-2-(3-hydroxyphenyl)-4-oxo-3,4-dihydro-2H-1-benzopyran-8-yl]-5,7-dihydroxy-2-phenyl-3,4-dihydro-2H-1-benzopyran-4-one","HMDB0129202","0","887065.9375","3368970496","1","2","false","0.0002666186774149537","C25H28O10+K+, C25H28O9S+Na+"
"Pacific Northwest National Laboratory","20201130_jl_lungmap_agarose_1","2020-12-01_22h59m24s","C12H16O","M+Na","","C12H16O+Na+","199.10933581499998","0.022250747","0.5","0.02308620825366784","0.970166085233553","0.9934497816593887","4-Methyl-1-phenyl-2-pentanone, (S)-4-(4-Methylphenyl)-2-pentanone, Rhubafuran, 3-(4-Isopropylphenyl)propanal, 1-Phenyl-2-hexanone","HMDB0031569, HMDB0034177, HMDB0036021, HMDB0036171, HMDB0094661","0","174186","29567194","5","0","false","0.00027830759063363075",""
"Pacific Northwest National Laboratory","20201130_jl_lungmap_agarose_1","2020-12-01_22h59m24s","C23H48NO7P","M+H","","C23H48NO7P+H+","482.32411631100007","0.02227883","0.5","0.024440430440902508","0.9255500899369349","0.9848806366047745","LysoPC(15:0), LysoPE(0:0/18:0), LysoPE(18:0/0:0)","HMDB0010381, HMDB0011129, HMDB0011130","0","273083.15625","60254880","3","1","false","0.00023732712725177407","C25H49NO5+K+"
"Pacific Northwest National Laboratory","20201130_jl_lungmap_agarose_1","2020-12-01_22h59m24s","C16H32O2","M+Na","","C16H32O2+Na+","279.22945094700003","0.022291401","0.5","0.023572768945326453","0.9536939473586241","0.9915571343990527","Butyl dodecanoate, Dodecyl butyrate, Hexyl decanoate, Palmitic acid, Trimethyltridecanoic acid, Isopalmitic acid, Octyl octanoate, Ethyl tetradecanoate, Dodecyl 2-methylpropanoate","HMDB0032065, HMDB0032249, HMDB0032324, HMDB0000220, HMDB0002396, HMDB0031068, HMDB0033166, HMDB0034153, HMDB0036210","0","501272.28125","1106941440","9","0","false","0.00006770352774765342",""
"Pacific Northwest National Laboratory","20201130_jl_lungmap_agarose_1","2020-12-01_22h59m24s","C6H5ClO5","M+K","","C6H5ClO5+K+","230.945708853","0.022320764","0.5","0.025100158332498176","0.8964892449139155","0.9919447795201716","2-Chloromaleylacetate","HMDB0060347","0","421292.40625","828056448","1","0","false","0.00003912640022463165",""
"Pacific Northwest National Laboratory","20201130_jl_lungmap_agarose_1","2020-12-01_22h59m24s","C66H122N2O23","M+Na","","C66H122N2O23+Na+","1333.833058847","0.02248392","0.5","0.030224406593938716","0.7513067286952853","0.9901408450704225","Ganglioside GA1 (d18:1/22:0), Tetrahexosylceramide (d18:1/22:0)","HMDB0004905, HMDB0004963","0","271010.21875","13535531","2","0","false","0.0005214936682023108",""
"Pacific Northwest National Laboratory","20201130_jl_lungmap_agarose_1","2020-12-01_22h59m24s","C24H26O14","M+Na","","C24H26O14+Na+","561.121476195","0.022488633","0.5","0.025034174859229017","0.915949234107248","0.9807501320655045","Limocitrol 3-glucoside, Isolimocitrol 3-glucoside","HMDB0037690, HMDB0038757","0","447205.3125","623897152","2","1","false","0.000007724263923591934","C26H24O14+H+"
"Pacific Northwest National Laboratory","20201130_jl_lungmap_agarose_1","2020-12-01_22h59m24s","C10H22O","M+H","","C10H22O+H+","159.174341759","0.02267832","0.5","0.023335266513468123","0.9768022509356487","0.994927536231884","Decyl alcohol, (±)-3-Decanol, 3,7-Dimethyl-3-octanol, (R)-Dihydrocitronellol","HMDB0011624, HMDB0031408, HMDB0035246, HMDB0035411","0","169859.09375","34834016","4","0","false","0.0005248391535133123",""
"Pacific Northwest National Laboratory","20201130_jl_lungmap_agarose_1","2020-12-01_22h59m24s","C9H10N2","M+H","","C9H10N2+H+","147.09167475499999","0.0227115","0.5","0.02333243971890856","0.9790630080036716","0.9942028985507246","1H-Indole-3-methanamine, Dimethylbenzimidazole, Myosmine, 1,4-Dimethylpyrrolo[1,2-a]pyrazine, 3,4-Dimethylpyrrolo[1,2-a]pyrazine, 1,3-Dimethylpyrrolo[1,2-a]pyrazine","HMDB0029740, HMDB0003701, HMDB0030386, HMDB0030906, HMDB0030907, HMDB0030908","0","194154.21875","40392696","6","0","false","0.00021908643248025328",""
"Pacific Northwest National Laboratory","20201130_jl_lungmap_agarose_1","2020-12-01_22h59m24s","C13H8O3","M+H","","C13H8O3+H+","213.054620551","0.023100719","0.5","0.023937156698129385","0.9673330121299915","0.9976470588235294","4-Hydroxyxanthone, 2-Hydroxyxanthone, Urolithin B","HMDB0032999, HMDB0032997, HMDB0013696","0","204449.265625","32678812","3","0","false","0.000041722280002431944",""
"Pacific Northwest National Laboratory","20201130_jl_lungmap_agarose_1","2020-12-01_22h59m24s","C9H18OS","M+Na","","C9H18OS+Na+","197.09705704899997","0.023192016","0.5","0.023673526647771698","0.9824632526834457","0.9971471471471471","Hexanethioic acid S-propyl ester","HMDB0039466","0","179418.765625","28315188","1","0","false","0.00013966963160783052",""
"Pacific Northwest National Laboratory","20201130_jl_lungmap_agarose_1","2020-12-01_22h59m24s","C12H18Cl2N2O","M+K","","C12H18Cl2N2O+K+","315.042776489","0.023227727","0.5","0.030704252906081368","0.78443291514417","0.9643892339544513","Clenbuterol","HMDB0015477","0","262767.875","145820432","1","0","false","0.00009716653585201129",""
"Pacific Northwest National Laboratory","20201130_jl_lungmap_agarose_1","2020-12-01_22h59m24s","C20H18O9","M+Na","","C20H18O9+Na+","425.08430283900003","0.023388388","0.5","0.025075731124685606","0.9371801931533941","0.9952302360125433","5-Hydroxy-3,3',7,8-tetramethoxy-4',5'-methylenedioxyflavone, 5,6,7-trihydroxy-2-phenyl-8-(3,4,5-trihydroxyoxan-2-yl)-4H-chromen-4-one, 5,7-dihydroxy-2-(4-hydroxyphenyl)-8-(3,4,5-trihydroxyoxan-2-yl)-4H-chromen-4-one, 5,7-dihydroxy-2-(3-hydroxyphenyl)-8-(3,4,5-trihydroxyoxan-2-yl)-4H-chromen-4-one","HMDB0041257, HMDB0127230, HMDB0127225, HMDB0127233","0","406629.46875","1117821568","4","1","false","0.00007889857079135254","C17H22O10+K+"
"Pacific Northwest National Laboratory","20201130_jl_lungmap_agarose_1","2020-12-01_22h59m24s","C10H10O2S2","M+H","","C10H10O2S2+H+","227.019498335","0.023455195","0.5","0.02433358615108898","0.9669648634280076","0.9968325791855204","Bis(2-furanylmethyl) disulfide, Furfuryl 2-methyl-3-furyl disulfide, 3,3'-Dithiobis[2-methylfuran]","HMDB0029988, HMDB0032288, HMDB0040201","0","179121.34375","28123252","3","0","false","0.0003184861852787435",""
"Pacific Northwest National Laboratory","20201130_jl_lungmap_agarose_1","2020-12-01_22h59m24s","C16H22O7","M+K","","C16H22O7+K+","365.099710937","0.023509178","0.5","0.025161021846033138","0.9360019732152742","0.9982341104635026","1-Methoxy-3-(4-hydroxyphenyl)-2E-propenal 4'-glucoside, 4-(4-Hydroxyphenyl)-2-butanone glucoside, Citrusin C, 3,4,5-trihydroxy-6-(2-methyl-3-phenylpropoxy)oxane-2-carboxylic acid","HMDB0034755, HMDB0034863, HMDB0038708, HMDB0133673","0","519725.5","2122292736","4","2","false","0.00040200763032771647","C19H19NO4+K+, C19H18O6+Na+"
"Pacific Northwest National Laboratory","20201130_jl_lungmap_agarose_1","2020-12-01_22h59m24s","C5H11NO3","M+K","","C5H11NO3+K+","172.03705110499996","0.023522837","0.5","0.024114472758888998","0.9823884210001274","0.9929530201342281","N-Lactoyl ethanolamine, L-2-Amino-5-hydroxypentanoic acid, 1,4-Dideoxy-1,4-imino-D-ribitol","HMDB0032356, HMDB0031658, HMDB0039499","0","168215.640625","37671220","3","1","false","0.00028540988569147885","C8H7NO2+Na+"
"Pacific Northwest National Laboratory","20201130_jl_lungmap_agarose_1","2020-12-01_22h59m24s","C41H77O8P","M+H","","C41H77O8P+H+","729.542882859","0.023583138","0.5","0.0273352393531165","0.866149686124524","0.9960606060606061","PA(14:1(9Z)/24:1(15Z)), PA(16:0/22:2(13Z,16Z)), PA(16:1(9Z)/22:1(13Z)), PA(18:1(11Z)/20:1(11Z)), PA(18:1(9Z)/20:1(11Z)), PA(18:2(9Z,12Z)/20:0), PA(20:0/18:2(9Z,12Z)), PA(20:1(11Z)/18:1(11Z)), PA(20:1(11Z)/18:1(9Z)), PA(22:1(13Z)/16:1(9Z)), PA(22:2(13Z,16Z)/16:0), PA(24:1(15Z)/14:1(9Z)), PA(18:0/20:2(11Z,14Z)), PA(20:2(11Z,14Z)/18:0)","HMDB0114811, HMDB0114845, HMDB0114865, HMDB0114907, HMDB0114932, HMDB0114958, HMDB0115070, HMDB0115097, HMDB0115098, HMDB0115274, HMDB0115299, HMDB0115456, HMDB0115514, HMDB0115537","0","749061.8125","41301752","14","0","false","0.0008047213777899742",""
"Pacific Northwest National Laboratory","20201130_jl_lungmap_agarose_1","2020-12-01_22h59m24s","C7H11NO","M+Na","","C7H11NO+Na+","148.07328465499998","0.02370755","0.5","0.024227210617463003","0.982220574734784","0.9962635201573254","5-Ethyl-2,4-dimethyloxazole, 6-Acetyl-1,2,3,4-tetrahydropyridine, 3,4-Dihydro-5-propanoyl-2H-pyrrole, 2-Ethyl-4,5-dimethyloxazole, 4-Ethyl-2,5-dimethyloxazole, 2-Methyl-4-propyloxazole, 4-Methyl-2-propyloxazole, 2-Methyl-5-propyloxazole, 5-Methyl-2-propyloxazole, 4-Butyloxazole, 5-Butyloxazole, 2-Ethyl-5-imino-1-cyclopenten-1-ol","HMDB0037867, HMDB0030345, HMDB0034883, HMDB0037865, HMDB0037866, HMDB0037853, HMDB0037854, HMDB0037860, HMDB0037861, HMDB0038288, HMDB0038289, HMDB0039583","0","187197.453125","42655044","12","0","false","0.00003632582593127154",""
"Pacific Northwest National Laboratory","20201130_jl_lungmap_agarose_1","2020-12-01_22h59m24s","C19H14ClF5N4O2","M+Na","","C19H14ClF5N4O2+Na+","483.06176487100004","0.023860872","0.5","0.02611388915633778","0.9237336734765907","0.9891632373113854","Flupoxam","HMDB0041341","0","255672.265625","38554236","1","1","false","0.00008753412839723751","C21H16O12+Na+"
"Pacific Northwest National Laboratory","20201130_jl_lungmap_agarose_1","2020-12-01_22h59m24s","C7H16O4","M+H","","C7H16O4+H+","165.11213542699997","0.023949133","0.5","0.024471035306968293","0.983041711368667","0.9955555555555555","Triethylene Glycol Monomethyl Ether","HMDB0062666","0","181141.265625","38041104","1","0","false","0.000050908081902889535",""
"Pacific Northwest National Laboratory","20201130_jl_lungmap_agarose_1","2020-12-01_22h59m24s","C48H89NO18","M+K","","C48H89NO18+K+","1006.571122901","0.02416091","0.5","0.030108401451378993","0.8155762545739729","0.9839228295819936","Trihexosylceramide (d18:1/12:0)","HMDB0004877","0","383041.03125","66235536","1","0","false","0.00015851146599743515",""
"Pacific Northwest National Laboratory","20201130_jl_lungmap_agarose_1","2020-12-01_22h59m24s","C9H13NO2","M+Na","","C9H13NO2+Na+","190.08384933899998","0.024192996","0.5","0.02477750582223654","0.9793144265437949","0.9970338983050847","3-Methoxytyramine, 4-(beta-Methylaminoethyl)catechol, Phenylephrine, p-Synephrine, 4-Methoxytyramine, Metaraminol, Ethinamate, Norpandamarilactonine A, 2-(2-Furanyl)-3-piperidinol, 4-Hydroxynorephedrine, a-Methyldopamine, 1-(3-Pyridinyl)-1,4-butanediol, D-synephrine","HMDB0000022, HMDB0032020, HMDB0002182, HMDB0004826, HMDB0012162, HMDB0014748, HMDB0015165, HMDB0038869, HMDB0039837, HMDB0060592, HMDB0060807, HMDB0062266, HMDB0062811","0","173482.453125","30258616","13","0","false","0.00006214868335518986",""
"Pacific Northwest National Laboratory","20201130_jl_lungmap_agarose_1","2020-12-01_22h59m24s","C16H31O3","M+K","","C16H31O3+K+","310.190477745","0.024251463","0.5","0.025969967913698266","0.9490923561343592","0.9839160839160839","16-Hydroxy hexadecanoic acid, 2-hydroxypalmitate","HMDB0006294, HMDB0062548","0","166610.484375","18823886","2","0","false","0.00042618936276994646",""
"Pacific Northwest National Laboratory","20201130_jl_lungmap_agarose_1","2020-12-01_22h59m24s","C10H21N3O2","M+Na","","C10H21N3O2+Na+","238.15259759499997","0.024353566","0.5","0.02521240315406051","0.972577378070071","0.9931712962962963","Diethylcarbamazine N-oxide","HMDB0060817","0","188951.984375","37890272","1","0","false","0.0003553757560439408",""
"Pacific Northwest National Laboratory","20201130_jl_lungmap_agarose_1","2020-12-01_22h59m24s","C14H19NO9S2","M+H","","C14H19NO9S2+H+","410.057399963","0.024607006","0.5","0.02648482383276349","0.9332106862068446","0.9955933605056412","Glucotropaeolin","HMDB0038419","0","5997052.5","4365668352","1","1","false","0.000031569066777592525","C16H18O9S+Na+"
"Pacific Northwest National Laboratory","20201130_jl_lungmap_agarose_1","2020-12-01_22h59m24s","C42H63NO7","M+Na","","C42H63NO7+Na+","716.4496740389999","0.024675809","0.5","0.031450001368588214","0.8027169543373802","0.9774358974358974","Spirolide B","HMDB0030492","0","1105129.375","310268896","1","1","false","0.00001610735125723295","C35H68NO10P+Na+"
"Pacific Northwest National Laboratory","20201130_jl_lungmap_agarose_1","2020-12-01_22h59m24s","C8H21N3","M+Na","","C8H21N3+Na+","182.162768355","0.024733366","0.5","0.025294579284160998","0.979923848778942","0.9978458049886622","4,4'-Diaminodibutylamine, Aminopropylcadaverine","HMDB0031506, HMDB0012189","0","189434.171875","37352896","2","0","false","0.000055518088629469275",""
"Pacific Northwest National Laboratory","20201130_jl_lungmap_agarose_1","2020-12-01_22h59m24s","C8H12NO","M+Na","","C8H12NO+Na+","161.08110968699998","0.024800958","0.5","0.025419365928996292","0.9781799275190413","0.9974358974358974","Tyraminium, Phenylethanolaminium","HMDB0062629, HMDB0062626","0","168913.875","34335852","2","1","false","0.0002455913636367768","C7H12O4+H+"
"Pacific Northwest National Laboratory","20201130_jl_lungmap_agarose_1","2020-12-01_22h59m24s","C19H16O7","M+Na","","C19H16O7+Na+","379.078823535","0.024949595","0.5","0.039584444320387734","0.644727637108637","0.9776033322652996","Dihydrohydroxy-O-methylsterigmatocystin, Docosahexaenoylcarnitine, 17-hydroxy-11,15-dimethoxy-6,8,20-trioxapentacyclo[10.8.0.0²,⁹.0³,⁷.0¹⁴,¹⁹]icosa-1(12),2(9),10,14,16,18-hexaen-13-one, 16-hydroxy-11,15-dimethoxy-6,8,20-trioxapentacyclo[10.8.0.0²,⁹.0³,⁷.0¹⁴,¹⁹]icosa-1(12),2(9),10,14(19),15,17-hexaen-13-one, 4-hydroxy-11,15-dimethoxy-6,8,20-trioxapentacyclo[10.8.0.0²,⁹.0³,⁷.0¹⁴,¹⁹]icosa-1(12),2(9),10,14,16,18-hexaen-13-one","HMDB0033659, HMDB0062467, HMDB0128890, HMDB0128891, HMDB0128893","0","342820.3125","531292576","5","4","false","0.00007307183841476217","C16H20O8+K+, C18H18N2O5+K+, C14H20O10S+H+, C20H17FO3S+Na+"
"Pacific Northwest National Laboratory","20201130_jl_lungmap_agarose_1","2020-12-01_22h59m24s","C28H28O18","M+H","","C28H28O18+H+","653.134840491","0.025006989","0.5","0.03814721724989518","0.6797425611657022","0.9643930853062759","Chrysoeriol 4',7-diglucuronide","HMDB0039931","0","751453.125","548159168","1","2","false","0.00016156688798218966","C34H32FeN4O4+K+, C20H31N4O17P+Na+"
"Pacific Northwest National Laboratory","20201130_jl_lungmap_agarose_1","2020-12-01_22h59m24s","C14H12O5S","M+K","","C14H12O5S+K+","331.003702547","0.025092488","0.5","0.026673389042278596","0.9434816499752712","0.9970847084708471","(2-oxo-1,2-diphenylethoxy)sulfonic acid","HMDB0135190","0","436483.28125","1757305600","1","0","false","0.000032472180464537814",""
"Pacific Northwest National Laboratory","20201130_jl_lungmap_agarose_1","2020-12-01_22h59m24s","C7H7O5P","M+Na","","C7H7O5P+Na+","224.992331007","0.02512215","0.5","0.02555297012109327","0.9871776569986277","0.9959100204498977","Benzoyl phosphate","HMDB0060440","0","181813.390625","20743594","1","0","false","0.0001538172218715772",""
"Pacific Northwest National Laboratory","20201130_jl_lungmap_agarose_1","2020-12-01_22h59m24s","C4H9N3O2","M+Na","","C4H9N3O2+Na+","154.05869721099998","0.025453893","0.5","0.02588008202039877","0.990439480755008","0.9930260047281324","Creatine, Beta-Guanidinopropionic acid","HMDB0000064, HMDB0013222","0","178876.421875","35316084","2","0","false","0.00033411194453947246",""
"Pacific Northwest National Laboratory","20201130_jl_lungmap_agarose_1","2020-12-01_22h59m24s","C12H23NO3","M+H","","C12H23NO3+H+","230.175070031","0.025639178","0.5","0.0265401229692351","0.9698471316070261","0.9960884353741497","N-Decanoylglycine","HMDB0013267","0","167800.0625","24912014","1","0","false","0.00011074257054133341",""
"Pacific Northwest National Laboratory","20201130_jl_lungmap_agarose_1","2020-12-01_22h59m24s","C14H19N2O7P","M+Na","","C14H19N2O7P+Na+","381.08220863100007","0.025800155","0.5","0.027246958660854373","0.9583248366545823","0.9880787037037037","N1-(5-Phospho-a-D-ribosyl)-5,6-dimethylbenzimidazole","HMDB0003882","0","404964.25","375418752","1","0","false","0.00017958103853743523",""
"Pacific Northwest National Laboratory","20201130_jl_lungmap_agarose_1","2020-12-01_22h59m24s","C20H15O9","M+H","","C20H15O9+H+","400.078883495","0.025819913","0.5","0.02817347018550335","0.9391418592466187","0.9758503401360544","Vitisidin A","HMDB0041596","0","407914.4375","67871584","1","1","false","0.00012850435450673103","C18H19NO7+K+"
"Pacific Northwest National Laboratory","20201130_jl_lungmap_agarose_1","2020-12-01_22h59m24s","C34H62NO10P","M+H","","C34H62NO10P+H+","676.4184106189999","0.025939181","0.5","0.03070030370932921","0.878922057942316","0.9613095238095238","PS(14:1(9Z)/14:1(9Z))","HMDB0012342","0","438648.40625","27470652","1","0","false","0.016624299809336662",""
"Pacific Northwest National Laboratory","20201130_jl_lungmap_agarose_1","2020-12-01_22h59m24s","C34H54O8","M+K","","C34H54O8+K+","629.345026581","0.025992429","0.5","0.03075146536943371","0.8660278164596402","0.9759986225895316","(24R)-5b,8b-Epidioxyergosta-6,22E-dien-3b-ol 3-glucoside","HMDB0037956","0","706009.25","548076736","1","0","false","0.00003016045047843363",""
"Pacific Northwest National Laboratory","20201130_jl_lungmap_agarose_1","2020-12-01_22h59m24s","C8H14N2O6","M+K","","C8H14N2O6+K+","273.048344061","0.026289437","0.5","0.027840356888589192","0.96829586868407","0.9752105896510229","Aspartyl-Threonine, Threoninyl-Aspartate, gamma-Glutamylserine, L-beta-aspartyl-L-threonine, Glutamylserine","HMDB0028763, HMDB0029057, HMDB0029158, HMDB0011169, HMDB0028828","0","198428.703125","37589672","5","0","false","0.00006661473889835179",""
"Pacific Northwest National Laboratory","20201130_jl_lungmap_agarose_1","2020-12-01_22h59m24s","C13H18O3","M+K","","C13H18O3+K+","261.088752329","0.026292821","0.5","0.028738673932824286","0.9532819076909814","0.9597300827165869","Annuionone B, Dehydrovomifoliol, Isoamyl p-anisate, 3-Hydroxyibuprofen, Hexyl salicylic acid, 1-Hydroxyibuprofen, 2-Hydroxyibuprofen, 1-hydroxy-1-(4-methoxyphenyl)-4-methylpentan-3-one, 1-hydroxy-5-(4-methoxyphenyl)-2-methylpentan-3-one, 4-hydroxy-1-(4-methoxyphenyl)-4-methylpentan-3-one, 2-hydroxy-1-(4-methoxyphenyl)-4-methylpentan-3-one, 2-hydroxy-2-[4-(2-methylpropyl)phenyl]propanoic acid, 3-hydroxy-2-[4-(2-methylpropyl)phenyl]propanoic acid","HMDB0032121, HMDB0036819, HMDB0038894, HMDB0060921, HMDB0061943, HMDB0060565, HMDB0060920, HMDB0132941, HMDB0132943, HMDB0132945, HMDB0132946, HMDB0140966, HMDB0140967","0","1853743.875","2564136960","13","3","false","0.000009331250112154521","C9H13N5O3+Na+, C16H14O2+Na+, C8H18N2O4S+Na+"
"Pacific Northwest National Laboratory","20201130_jl_lungmap_agarose_1","2020-12-01_22h59m24s","C15H13ClFNO2","M+Na","","C15H13ClFNO2+Na+","316.05110519900006","0.02651598","0.5","0.030609525503339258","0.8689213608767608","0.9969435927385993","Lumiracoxib","HMDB0015403","0","751042.8125","1269441536","1","2","false","0.000038670066714985296","C14H12O7+Na+, C14H14O5S+Na+"
"Pacific Northwest National Laboratory","20201130_jl_lungmap_agarose_1","2020-12-01_22h59m24s","C20H25N7O6","M+K","","C20H25N7O6+K+","498.149789413","0.026905581","0.5","0.02976379627554505","0.92366918390026","0.9786729857819905","5-Methyltetrahydrofolic acid","HMDB0001396","0","399949.21875","105295576","1","0","false","0.00001144852922152495",""
"Pacific Northwest National Laboratory","20201130_jl_lungmap_agarose_1","2020-12-01_22h59m24s","C7H11NO","M+H","","C7H11NO+H+","126.09134040699999","0.026908698","0.5","0.027840091667552816","0.9793656660199094","0.986909090909091","5-Ethyl-2,4-dimethyloxazole, 6-Acetyl-1,2,3,4-tetrahydropyridine, 3,4-Dihydro-5-propanoyl-2H-pyrrole, 2-Ethyl-4,5-dimethyloxazole, 4-Ethyl-2,5-dimethyloxazole, 2-Methyl-4-propyloxazole, 4-Methyl-2-propyloxazole, 2-Methyl-5-propyloxazole, 5-Methyl-2-propyloxazole, 4-Butyloxazole, 5-Butyloxazole, 2-Ethyl-5-imino-1-cyclopenten-1-ol","HMDB0037867, HMDB0030345, HMDB0034883, HMDB0037865, HMDB0037866, HMDB0037853, HMDB0037854, HMDB0037860, HMDB0037861, HMDB0038288, HMDB0038289, HMDB0039583","0","173252.4375","66807032","12","0","false","0.00007143386756069958",""
"Pacific Northwest National Laboratory","20201130_jl_lungmap_agarose_1","2020-12-01_22h59m24s","C18H19NO7","M+K","","C18H19NO7+K+","400.079309841","0.026982456","0.5","0.02954847433303517","0.9345764291319721","0.9770833333333333","Avenanthramide A2","HMDB0029297","0","407914.4375","63087196","1","1","false","0.0005229583475738764","C20H15O9+H+"
"Pacific Northwest National Laboratory","20201130_jl_lungmap_agarose_1","2020-12-01_22h59m24s","C11H20NO12P","M+K","","C11H20NO12P+K+","428.03546997300003","0.026982574","0.5","0.0289742215648214","0.9469436386494048","0.9834390695215437","N-Acetylneuraminic acid 9-phosphate, N-Acetylneuraminate 9-phosphate","HMDB0004381, HMDB0006268","0","965385.75","566990720","2","2","false","0.000040923878259491175","C10H15N5O10P2+H+, C12H16N5O8P+K+"
"Pacific Northwest National Laboratory","20201130_jl_lungmap_agarose_1","2020-12-01_22h59m24s","C17H16O9","M+K","","C17H16O9+K+","403.042589985","0.027114766","0.5","0.028673274883683687","0.9485375424833482","0.9969515312049816","Xanthotoxol glucoside, 2-(3,4-dihydroxy-5-methoxyphenyl)-3,5,7-trihydroxy-6-methoxy-3,4-dihydro-2H-1-benzopyran-4-one, 3-(3,4-dihydroxy-5-methoxyphenyl)-1-(2,4,6-trihydroxy-3-methoxyphenyl)propane-1,2-dione, 3,5,7-trihydroxy-2-(1-hydroxy-5-methoxy-4-oxocyclohex-2-en-1-yl)-6-methoxy-4H-chromen-4-one, 3,5,7-trihydroxy-2-(1-hydroxy-3-methoxy-4-oxocyclohex-2-en-1-yl)-6-methoxy-4H-chromen-4-one, 2-(3,4-dimethoxyphenyl)-3,5,6,7,8-pentahydroxy-3,4-dihydro-2H-1-benzopyran-4-one, 2-(2,3-dihydroxy-4-methoxyphenyl)-3,5,7-trihydroxy-6-methoxy-3,4-dihydro-2H-1-benzopyran-4-one, 2-(2,5-dihydroxy-4-methoxyphenyl)-3,5,7-trihydroxy-6-methoxy-3,4-dihydro-2H-1-benzopyran-4-one","HMDB0038626, HMDB0128761, HMDB0128763, HMDB0128766, HMDB0128767, HMDB0129280, HMDB0130278, HMDB0130282","0","562735.4375","1487467776","8","0","false","0.00005217757643549703",""
"Pacific Northwest National Laboratory","20201130_jl_lungmap_agarose_1","2020-12-01_22h59m24s","C35H37O18","M+Na","","C35H37O18+Na+","768.187210027","0.027267369","0.5","0.03202310847478958","0.869664132846019","0.9791025641025641","({6-[(4,5-dihydroxy-2-{[7-hydroxy-2-(4-hydroxy-3-methoxyphenyl)-5-oxo-5H-chromen-3-yl]oxy}-6-(hydroxymethyl)oxan-3-yl)oxy]-3,4,5-trihydroxyoxan-2-yl}methyl)[hydroxy(4-hydroxyphenyl)methylidene]oxidanium","HMDB0125109","0","801929.5625","101122520","1","0","false","0.0007067755796015263",""
"Pacific Northwest National Laboratory","20201130_jl_lungmap_agarose_1","2020-12-01_22h59m24s","C14H10O6","M+K","","C14H10O6+K+","313.01089593300003","0.027371477","0.5","0.029972865528756967","0.9328077479814791","0.9789890443648985","BR-Xanthone B, Alloathyriol, 1,3,6-Trihydroxy-5-methoxyxanthone, 3,7,8,9-tetrahydroxy-1-methyl-6H-benzo[c]chromen-6-one, 2,3,7,9-tetrahydroxy-1-methyl-6H-benzo[c]chromen-6-one, 3,7,9-trihydroxy-1-(hydroxymethyl)-6H-benzo[c]chromen-6-one","HMDB0033326, HMDB0038715, HMDB0041243, HMDB0132302, HMDB0132303, HMDB0132304","0","337381.59375","530485760","6","0","false","0.00001499760492151836",""
"Pacific Northwest National Laboratory","20201130_jl_lungmap_agarose_1","2020-12-01_22h59m24s","C46H86NO8P","M+H","","C46H86NO8P+H+","812.616382147","0.027454749","0.5","0.033098608782953155","0.8318466598263097","0.9971590909090909","PC(16:1(9Z)/22:2(13Z,16Z)), PC(18:0/20:3(5Z,8Z,11Z)), PC(18:0/20:3(8Z,11Z,14Z)), PC(18:1(11Z)/20:2(11Z,14Z)), PC(18:1(9Z)/20:2(11Z,14Z)), PC(18:2(9Z,12Z)/20:1(11Z)), PC(18:3(6Z,9Z,12Z)/20:0), PC(18:3(9Z,12Z,15Z)/20:0), PC(20:0/18:3(6Z,9Z,12Z)), PC(20:0/18:3(9Z,12Z,15Z)), PC(20:1(11Z)/18:2(9Z,12Z)), PC(20:2(11Z,14Z)/18:1(11Z)), PC(20:2(11Z,14Z)/18:1(9Z)), PC(20:3(5Z,8Z,11Z)/18:0), PC(20:3(8Z,11Z,14Z)/18:0), PC(22:2(13Z,16Z)/16:1(9Z)), PE-NMe(18:1(11Z)/22:2(13Z,16Z)), PE-NMe(18:1(9Z)/22:2(13Z,16Z)), PE-NMe(18:2(9Z,12Z)/22:1(13Z)), PE-NMe(18:3(6Z,9Z,12Z)/22:0), PE-NMe(18:3(9Z,12Z,15Z)/22:0), PE-NMe(20:0/20:3(5Z,8Z,11Z)), PE-NMe(20:0/20:3(8Z,11Z,14Z)), PE-NMe(20:1(11Z)/20:2(11Z,14Z)), PE-NMe(20:2(11Z,14Z)/20:1(11Z)), PE-NMe(20:3(5Z,8Z,11Z)/20:0), PE-NMe(20:3(8Z,11Z,14Z)/20:0), PE-NMe(22:0/18:3(6Z,9Z,12Z)), PE-NMe(22:0/18:3(9Z,12Z,15Z)), PE-NMe(22:1(13Z)/18:2(9Z,12Z)), PE-NMe(22:2(13Z,16Z)/18:1(11Z)), PE-NMe(22:2(13Z,16Z)/18:1(9Z))","HMDB0008020, HMDB0008046, HMDB0008047, HMDB0008078, HMDB0008111, HMDB0008144, HMDB0008175, HMDB0008208, HMDB0008271, HMDB0008272, HMDB0008303, HMDB0008334, HMDB0008335, HMDB0008366, HMDB0008399, HMDB0008594, HMDB0113130, HMDB0113157, HMDB0113185, HMDB0113212, HMDB0113241, HMDB0113294, HMDB0113295, HMDB0113322, HMDB0113350, HMDB0113378, HMDB0113406, HMDB0113517, HMDB0113518, HMDB0113543, HMDB0113569, HMDB0113570","0","1519767","125538736","32","0","false","0.0002753350418061018",""
"Pacific Northwest National Laboratory","20201130_jl_lungmap_agarose_1","2020-12-01_22h59m24s","C24H20O6","M+H","","C24H20O6+H+","405.133264795","0.02746368","0.5","0.03003407303452986","0.9493472668977017","0.9632064590542099","Glycerol tribenzoate","HMDB0029556","0","299034.84375","45759520","1","1","false","0.0003124167851638049","C22H23ClN2O2+Na+"
"Pacific Northwest National Laboratory","20201130_jl_lungmap_agarose_1","2020-12-01_22h59m24s","C52H97NO18","M+Na","","C52H97NO18+Na+","1046.6597859469998","0.027463987","0.5","0.03472607931981631","0.8100371631294042","0.9763440860215054","Trihexosylceramide (d18:1/16:0)","HMDB0004879","0","280332.03125","5601015","1","0","false","0.0008632458047941327",""
"Pacific Northwest National Laboratory","20201130_jl_lungmap_agarose_1","2020-12-01_22h59m24s","C45H38O13","M+H","","C45H38O13+H+","787.2385177109999","0.027467988","0.5","0.0340549144766377","0.8323255136650392","0.9690671350507416","6,8-bis[3,7-dihydroxy-2-(3-hydroxyphenyl)-3,4-dihydro-2H-1-benzopyran-4-yl]-2-(3-hydroxyphenyl)-3,4-dihydro-2H-1-benzopyran-3,5,7-triol","HMDB0134989","0","857448.3125","792463616","1","1","false","0.000012040290130244102","C28H48N2O21+K+"
"Pacific Northwest National Laboratory","20201130_jl_lungmap_agarose_1","2020-12-01_22h59m24s","C11H20O16P2","M+Na","","C11H20O16P2+Na+","493.011879243","0.02752625","0.5","0.029091518763664417","0.9625313995934266","0.9830277185501066","1-Phosphatidyl-1D-myo-inositol 3-phosphate","HMDB0003850","0","372815.21875","422591712","1","0","false","0.000792419770732522",""
"Pacific Northwest National Laboratory","20201130_jl_lungmap_agarose_1","2020-12-01_22h59m24s","C46H86NO8P","M+Na","","C46H86NO8P+Na+","834.598326395","0.027759548","0.5","0.03429598097066483","0.830424115224166","0.9746960828455651","PC(16:1(9Z)/22:2(13Z,16Z)), PC(18:0/20:3(5Z,8Z,11Z)), PC(18:0/20:3(8Z,11Z,14Z)), PC(18:1(11Z)/20:2(11Z,14Z)), PC(18:1(9Z)/20:2(11Z,14Z)), PC(18:2(9Z,12Z)/20:1(11Z)), PC(18:3(6Z,9Z,12Z)/20:0), PC(18:3(9Z,12Z,15Z)/20:0), PC(20:0/18:3(6Z,9Z,12Z)), PC(20:0/18:3(9Z,12Z,15Z)), PC(20:1(11Z)/18:2(9Z,12Z)), PC(20:2(11Z,14Z)/18:1(11Z)), PC(20:2(11Z,14Z)/18:1(9Z)), PC(20:3(5Z,8Z,11Z)/18:0), PC(20:3(8Z,11Z,14Z)/18:0), PC(22:2(13Z,16Z)/16:1(9Z)), PE-NMe(18:1(11Z)/22:2(13Z,16Z)), PE-NMe(18:1(9Z)/22:2(13Z,16Z)), PE-NMe(18:2(9Z,12Z)/22:1(13Z)), PE-NMe(18:3(6Z,9Z,12Z)/22:0), PE-NMe(18:3(9Z,12Z,15Z)/22:0), PE-NMe(20:0/20:3(5Z,8Z,11Z)), PE-NMe(20:0/20:3(8Z,11Z,14Z)), PE-NMe(20:1(11Z)/20:2(11Z,14Z)), PE-NMe(20:2(11Z,14Z)/20:1(11Z)), PE-NMe(20:3(5Z,8Z,11Z)/20:0), PE-NMe(20:3(8Z,11Z,14Z)/20:0), PE-NMe(22:0/18:3(6Z,9Z,12Z)), PE-NMe(22:0/18:3(9Z,12Z,15Z)), PE-NMe(22:1(13Z)/18:2(9Z,12Z)), PE-NMe(22:2(13Z,16Z)/18:1(11Z)), PE-NMe(22:2(13Z,16Z)/18:1(9Z))","HMDB0008020, HMDB0008046, HMDB0008047, HMDB0008078, HMDB0008111, HMDB0008144, HMDB0008175, HMDB0008208, HMDB0008271, HMDB0008272, HMDB0008303, HMDB0008334, HMDB0008335, HMDB0008366, HMDB0008399, HMDB0008594, HMDB0113130, HMDB0113157, HMDB0113185, HMDB0113212, HMDB0113241, HMDB0113294, HMDB0113295, HMDB0113322, HMDB0113350, HMDB0113378, HMDB0113406, HMDB0113517, HMDB0113518, HMDB0113543, HMDB0113569, HMDB0113570","0","3540391.75","2516793600","32","1","false","0.000014277399714046624","C48H84NO8P+H+"
"Pacific Northwest National Laboratory","20201130_jl_lungmap_agarose_1","2020-12-01_22h59m24s","C56H83N3O15P2","M+H","","C56H83N3O15P2+H+","1100.5372193909998","0.027824711","0.5","0.04110113718620615","0.6877658239267685","0.9843198338525442","CDP-DG(22:5(4Z,7Z,10Z,13Z,16Z)/22:6(4Z,7Z,10Z,13Z,16Z,19Z)), CDP-DG(22:5(7Z,10Z,13Z,16Z,19Z)/22:6(4Z,7Z,10Z,13Z,16Z,19Z)), CDP-DG(22:6(4Z,7Z,10Z,13Z,16Z,19Z)/22:5(4Z,7Z,10Z,13Z,16Z)), CDP-DG(22:6(4Z,7Z,10Z,13Z,16Z,19Z)/22:5(7Z,10Z,13Z,16Z,19Z))","HMDB0116019, HMDB0116029, HMDB0116041, HMDB0116042","0","310968.09375","58813368","4","1","false","0.00025893247220665216","C54H85N3O15P2+Na+"
"Pacific Northwest National Laboratory","20201130_jl_lungmap_agarose_1","2020-12-01_22h59m24s","C12H22NO10S3","M+K","","C12H22NO10S3+K+","475.00374230700004","0.028332356","0.5","0.0309030610630469","0.9224928889317626","0.9938438988640528","Glucoraphanin","HMDB0038404","0","380250.84375","994572864","1","1","false","0.00005749792035203427","C18H16N2O7S2+K+"
"Pacific Northwest National Laboratory","20201130_jl_lungmap_agarose_1","2020-12-01_22h59m24s","C22H36O4","M+H","","C22H36O4+H+","365.26863606700005","0.028429933","0.5","0.03055985601629988","0.9360981212660004","0.9938095238095238","6-O-Acetylaustroinulin, 7-O-Acetylaustroinulin","HMDB0036803, HMDB0036804","0","218726.375","30441284","2","0","false","0.0001398891326971352",""
"Pacific Northwest National Laboratory","20201130_jl_lungmap_agarose_1","2020-12-01_22h59m24s","C23H24O12","M+K","","C23H24O12+K+","531.0899341009999","0.028587572","0.5","0.031416384961330895","0.9202177247741724","0.9888501472183481","Tricin 7-glucoside, Licoagroside A, Limocitrin 3-rhamnoside, 3',8-Dimethoxyapigenin 7-glucoside, 3',4',5-Trihydroxy-3,7-dimethoxyflavone 5-glucoside, 3',7-Dimethoxy-4',5,8-trihydroxyflavone 8-glucoside, 2-(2,5-dihydroxy-4-methoxyphenyl)-5-hydroxy-7-methoxy-6-[3,4,5-trihydroxy-6-(hydroxymethyl)oxan-2-yl]-4H-chromen-4-one, 6-{3,5-dihydroxy-4-methoxy-2-[3-(4-methoxyphenyl)prop-2-enoyl]phenoxy}-3,4,5-trihydroxyoxane-2-carboxylic acid, 6-{3,5-dihydroxy-2-methoxy-4-[3-(4-methoxyphenyl)prop-2-enoyl]phenoxy}-3,4,5-trihydroxyoxane-2-carboxylic acid, 6-{3,5-dihydroxy-2-methoxy-6-[3-(4-methoxyphenyl)prop-2-enoyl]phenoxy}-3,4,5-trihydroxyoxane-2-carboxylic acid","HMDB0030553, HMDB0035448, HMDB0037578, HMDB0038825, HMDB0039336, HMDB0040479, HMDB0128567, HMDB0128612, HMDB0128613, HMDB0128614","0","426805.0625","812162112","10","1","false","0.00009171412966679782","C26H20O11+Na+"
"Pacific Northwest National Laboratory","20201130_jl_lungmap_agarose_1","2020-12-01_22h59m24s","C29H46O3","M+Na","","C29H46O3+Na+","465.333916015","0.028710075","0.5","0.032475523957974886","0.9055168179060189","0.9762962962962963","(3beta,22E,24R)-5,8-Epidioxy-23-methylergosta-6,22-dien-3-ol, 4a-Carboxy-4b-methyl-5a-cholesta-8,24-dien-3b-ol, 4a-Methylzymosterol-4-carboxylic acid, Camellenodiol, 4-Methylzymosterol intermediate 1, 4α-carboxy-4β-methyl-5α-cholesta-8,24-dien-3β-ol","HMDB0032668, HMDB0001181, HMDB0006927, HMDB0035735, HMDB0060146, HMDB0062383","0","428618.375","43466872","6","0","false","0.00012760466779582202",""
"Pacific Northwest National Laboratory","20201130_jl_lungmap_agarose_1","2020-12-01_22h59m24s","C10H17N3O6S","M+Na","","C10H17N3O6S+Na+","330.07302711700004","0.028802237","0.5","0.029960336599766855","0.96320512821589","0.998069401680952","Glutathione","HMDB0000125","0","600979.5625","3170407424","1","1","false","0.00007527397974627092","C18H13NO4+Na+"
"Pacific Northwest National Laboratory","20201130_jl_lungmap_agarose_1","2020-12-01_22h59m24s","C27H20O13","M+K","","C27H20O13+K+","591.053548593","0.028966099","0.5","0.03252488000671117","0.897295067223524","0.992519422863485","Epitheaflagallin 3-O-gallate","HMDB0033288","0","371711.84375","843977344","1","0","false","0.0000789653422543779",""
"Pacific Northwest National Laboratory","20201130_jl_lungmap_agarose_1","2020-12-01_22h59m24s","C23H44NO2","M+K","","C23H44NO2+K+","405.300362541","0.029295316","0.5","0.03230992653581849","0.9101501258988565","0.9962060563870518","Alpha-Linoleoylcholine","HMDB0013213","0","729781.3125","2214102016","1","1","false","0.000019947825421695597","C25H40O4+H+"
"Pacific Northwest National Laboratory","20201130_jl_lungmap_agarose_1","2020-12-01_22h59m24s","C11H14N2O4","M+K","","C11H14N2O4+K+","277.058514821","0.029381016","0.5","0.030596339765886577","0.9642283247088048","0.9959039168235189","Glycyl-Tyrosine, Felbamate, Tyrosyl-Glycine, gamma-Glutaminyl-4-hydroxybenzene, Falimint","HMDB0028853, HMDB0015084, HMDB0029105, HMDB0029451, HMDB0040988","0","375700.96875","1391135104","5","1","false","0.000014200001714925747","C11H14N2O3S+Na+"
"Pacific Northwest National Laboratory","20201130_jl_lungmap_agarose_1","2020-12-01_22h59m24s","C24H40O4","M+H","","C24H40O4+H+","393.29993619500004","0.029520104","0.5","0.03214835002111231","0.9218302952818949","0.9961120929058319","3b,12a-Dihydroxy-5a-cholanoic acid, 3b,7a-Dihydroxy-5b-cholanoic acid, 3a,7a-Dihydroxycholanoic acid, 3a,12b-Dihydroxy-5b-cholanoic acid, 3b,12a-Dihydroxy-5b-cholanoic acid, Allodeoxycholic acid, Allochenodeoxycholic acid, Chenodeoxycholic acid, Deoxycholic acid, Isohyodeoxycholic acid, Isoursodeoxycholic acid, Hyodeoxycholic acid, Murocholic acid, Ursodeoxycholic acid, 7b,12a-Dihydroxycholanoic acid, 7a,12b-dihydroxy-5b-Cholan-24-oic acid, Isodeoxycholic acid, 3b,12b-Dihydroxy-5b-cholanoic acid","HMDB0000348, HMDB0000361, HMDB0000384, HMDB0000411, HMDB0000438, HMDB0000478, HMDB0000514, HMDB0000518, HMDB0000626, HMDB0000664, HMDB0000686, HMDB0000733, HMDB0000811, HMDB0000946, HMDB0002451, HMDB0002488, HMDB0002536, HMDB0002585","0","897779.9375","2373646592","18","0","false","0.00009215738100465387",""
"Pacific Northwest National Laboratory","20201130_jl_lungmap_agarose_1","2020-12-01_22h59m24s","C41H69O8P","M+H","","C41H69O8P+H+","721.480282603","0.029595919","0.5","0.03437859419872614","0.8656253512148674","0.9945205479452055","PA(16:0/22:6(4Z,7Z,10Z,13Z,16Z,19Z)), PA(16:1(9Z)/22:5(4Z,7Z,10Z,13Z,16Z)), PA(16:1(9Z)/22:5(7Z,10Z,13Z,16Z,19Z)), PA(18:1(11Z)/20:5(5Z,8Z,11Z,14Z,17Z)), PA(18:1(9Z)/20:5(5Z,8Z,11Z,14Z,17Z)), PA(18:2(9Z,12Z)/20:4(5Z,8Z,11Z,14Z)), PA(18:2(9Z,12Z)/20:4(8Z,11Z,14Z,17Z)), PA(18:3(6Z,9Z,12Z)/20:3(5Z,8Z,11Z)), PA(18:3(9Z,12Z,15Z)/20:3(5Z,8Z,11Z)), PA(20:3(5Z,8Z,11Z)/18:3(6Z,9Z,12Z)), PA(20:3(5Z,8Z,11Z)/18:3(9Z,12Z,15Z)), PA(20:4(5Z,8Z,11Z,14Z)/18:2(9Z,12Z)), PA(20:4(8Z,11Z,14Z,17Z)/18:2(9Z,12Z)), PA(20:5(5Z,8Z,11Z,14Z,17Z)/18:1(11Z)), PA(20:5(5Z,8Z,11Z,14Z,17Z)/18:1(9Z)), PA(22:5(4Z,7Z,10Z,13Z,16Z)/16:1(9Z)), PA(22:5(7Z,10Z,13Z,16Z,19Z)/16:1(9Z)), PA(22:6(4Z,7Z,10Z,13Z,16Z,19Z)/16:0), PA(18:3(6Z,9Z,12Z)/20:3(8Z,11Z,14Z)), PA(18:3(9Z,12Z,15Z)/20:3(8Z,11Z,14Z)), PA(18:4(6Z,9Z,12Z,15Z)/20:2(11Z,14Z)), PA(20:2(11Z,14Z)/18:4(6Z,9Z,12Z,15Z)), PA(20:3(8Z,11Z,14Z)/18:3(6Z,9Z,12Z)), PA(20:3(8Z,11Z,14Z)/18:3(9Z,12Z,15Z))","HMDB0114849, HMDB0114868, HMDB0114869, HMDB0114911, HMDB0114936, HMDB0114961, HMDB0114962, HMDB0114987, HMDB0115014, HMDB0115127, HMDB0115128, HMDB0115152, HMDB0115179, HMDB0115203, HMDB0115204, HMDB0115353, HMDB0115379, HMDB0115404, HMDB0115523, HMDB0115525, HMDB0115526, HMDB0115542, HMDB0115569, HMDB0115570","0","958053.6875","64006936","24","1","false","0.014060663990676403","C39H71O8P+Na+"
"Pacific Northwest National Laboratory","20201130_jl_lungmap_agarose_1","2020-12-01_22h59m24s","C19H12O8","M+Na","","C19H12O8+Na+","391.04243802700006","0.029710058","0.5","0.031936584874771363","0.9401778237671569","0.9894754233787691","5-(acetyloxy)-14-hydroxy-9-oxo-8,17-dioxatetracyclo[8.7.0.0²,⁷.0¹¹,¹⁶]heptadeca-1(10),2(7),3,5,11,13,15-heptaen-13-yl acetate, 5-(acetyloxy)-13-hydroxy-9-oxo-8,17-dioxatetracyclo[8.7.0.0²,⁷.0¹¹,¹⁶]heptadeca-1(10),2(7),3,5,11,13,15-heptaen-14-yl acetate, 14-(acetyloxy)-5-hydroxy-9-oxo-8,17-dioxatetracyclo[8.7.0.0²,⁷.0¹¹,¹⁶]heptadeca-1(10),2(7),3,5,11,13,15-heptaen-13-yl acetate","HMDB0128401, HMDB0128402, HMDB0128403","0","376321.875","708551808","3","2","false","0.00018851844652090222","C9H16N6O7S+K+, C16H16O9+K+"
"Pacific Northwest National Laboratory","20201130_jl_lungmap_agarose_1","2020-12-01_22h59m24s","C10H12N4O4S","M+H","","C10H12N4O4S+H+","285.065202469","0.029753089","0.5","0.03095313298466229","0.9627461295145721","0.9984254961044602","6-Thioinosinic acid","HMDB0060791","0","739351.4375","3471659008","1","0","false","0.00031497442978434265",""
"Pacific Northwest National Laboratory","20201130_jl_lungmap_agarose_1","2020-12-01_22h59m24s","C7H6O4","M+Na","","C7H6O4+Na+","177.015829355","0.030248057","0.5","0.030845998359273055","0.9822453243965835","0.9983404576313805","Protocatechuic acid, Gentisic acid, 2-Pyrocatechuic acid, 2,6-Dihydroxybenzoic acid, 3,5-Dihydroxybenzoic acid, 2,4-Dihydroxybenzoic acid, Patulin, 2,4,6-trihydroxybenzaldehyde","HMDB0001856, HMDB0000152, HMDB0000397, HMDB0013676, HMDB0013677, HMDB0029666, HMDB0034299, HMDB0125090","0","669025.6875","2999825920","8","0","false","0.00005881513061467558",""
"Pacific Northwest National Laboratory","20201130_jl_lungmap_agarose_1","2020-12-01_22h59m24s","C44H78NO7P","M+K","","C44H78NO7P+K+","802.514748729","0.030279653","0.5","0.037307764568059294","0.8296246651165264","0.9782954135066811","PC(18:4(6Z,9Z,12Z,15Z)/P-18:1(11Z)), PC(18:4(6Z,9Z,12Z,15Z)/P-18:1(9Z)), PC(20:5(5Z,8Z,11Z,14Z,17Z)/P-16:0), PC(P-16:0/20:5(5Z,8Z,11Z,14Z,17Z)), PC(P-18:1(11Z)/18:4(6Z,9Z,12Z,15Z)), PC(P-18:1(9Z)/18:4(6Z,9Z,12Z,15Z))","HMDB0008260, HMDB0008261, HMDB0008521, HMDB0011222, HMDB0011280, HMDB0011313","0","1501861.25","618247104","6","0","false","0.00000694335221851361",""
"Pacific Northwest National Laboratory","20201130_jl_lungmap_agarose_1","2020-12-01_22h59m24s","C16H24N2O","M+H","","C16H24N2O+H+","261.196139823","0.03036163","0.5","0.031910337687087204","0.9623851631100608","0.9886549707602339","Ropinirole, Oxymetazoline","HMDB0014413, HMDB0015070","0","205831.71875","39562404","2","0","false","0.00007493470911867917",""
"Pacific Northwest National Laboratory","20201130_jl_lungmap_agarose_1","2020-12-01_22h59m24s","C42H79NO11S","M+H","","C42H79NO11S+H+","806.544659953","0.030546295","0.5","0.03692242617501837","0.8428527755207195","0.9815593741985125","3-O-Sulfogalactosylceramide (d18:1/18:1(9Z))","HMDB0012317","0","2190458.25","3263831040","1","1","false","0.000046361830754904076","C44H82NO7P+K+"
"Pacific Northwest National Laboratory","20201130_jl_lungmap_agarose_1","2020-12-01_22h59m24s","C25H22O13","M+K","","C25H22O13+K+","569.069198657","0.030592814","0.5","0.03490313471008636","0.8862648656990435","0.988988988988989","6-({11,15-dimethoxy-13-oxo-6,8,20-trioxapentacyclo[10.8.0.0²,⁹.0³,⁷.0¹⁴,¹⁹]icosa-1(12),2(9),4,10,14,16,18-heptaen-17-yl}oxy)-3,4,5-trihydroxyoxane-2-carboxylic acid, 6-({11,15-dimethoxy-13-oxo-6,8,20-trioxapentacyclo[10.8.0.0²,⁹.0³,⁷.0¹⁴,¹⁹]icosa-1(12),2(9),4,10,14(19),15,17-heptaen-16-yl}oxy)-3,4,5-trihydroxyoxane-2-carboxylic acid, 3,4,5-trihydroxy-6-({6-[3-(4-methoxy-1-benzofuran-5-yl)-3-oxopropanoyl]-2H-1,3-benzodioxol-5-yl}oxy)oxane-2-carboxylic acid, 3,4,5-trihydroxy-6-[1-(6-hydroxy-2H-1,3-benzodioxol-5-yl)-3-(4-methoxy-1-benzofuran-5-yl)-1,3-dioxopropan-2-yl]oxane-2-carboxylic acid, 6-({5-[3-(2H-1,3-benzodioxol-5-yl)-3-oxopropanoyl]-4-methoxy-1-benzofuran-6-yl}oxy)-3,4,5-trihydroxyoxane-2-carboxylic acid, 6-[1-(2H-1,3-benzodioxol-5-yl)-3-(6-hydroxy-4-methoxy-1-benzofuran-5-yl)-1,3-dioxopropan-2-yl]-3,4,5-trihydroxyoxane-2-carboxylic acid","HMDB0128877, HMDB0128878, HMDB0129382, HMDB0129383, HMDB0129384, HMDB0129385","0","440737.625","696345280","6","0","false","0.00020042773394379765",""
"Pacific Northwest National Laboratory","20201130_jl_lungmap_agarose_1","2020-12-01_22h59m24s","C16H20N2O9S2","M+K","","C16H20N2O9S2+K+","487.024180453","0.030617705","0.5","0.0332186406079624","0.9234904406690545","0.9980639730639731","Glucobrassicin","HMDB0030243","0","630835.75","2104998528","1","0","false","0.00006281326204771176",""
"Pacific Northwest National Laboratory","20201130_jl_lungmap_agarose_1","2020-12-01_22h59m24s","C25H40O4","M+H","","C25H40O4+H+","405.29993619500004","0.030657228","0.5","0.0335093066344793","0.9182810247073404","0.9963039092535495","MG(0:0/22:5(7Z,10Z,13Z,16Z,19Z)/0:0), MG(0:0/22:5(4Z,7Z,10Z,13Z,16Z)/0:0), MG(22:5(4Z,7Z,10Z,13Z,16Z)/0:0/0:0), MG(22:5(7Z,10Z,13Z,16Z,19Z)/0:0/0:0), 11'-Carboxy-gamma-chromanol","HMDB0011556, HMDB0011555, HMDB0011585, HMDB0011586, HMDB0012517","0","729781.3125","2236618240","5","1","false","0.000023296706785913557","C23H44NO2+K+"
"Pacific Northwest National Laboratory","20201130_jl_lungmap_agarose_1","2020-12-01_22h59m24s","C81H156O17P2","M+H","","C81H156O17P2+H+","1464.089053967","0.030663436","0.5","0.04401458135135708","0.6995803238553425","0.9958333333333333","CL(18:0/18:0/18:0/18:1(11Z)), CL(18:0/18:0/18:0/18:1(9Z)), CL(18:0/18:0/18:1(11Z)/18:0), CL(18:0/18:0/18:1(9Z)/18:0)","HMDB0056962, HMDB0056963, HMDB0056980, HMDB0056990","0","419128.3125","40525580","4","0","false","0.0004259120032656938",""
"Pacific Northwest National Laboratory","20201130_jl_lungmap_agarose_1","2020-12-01_22h59m24s","C20H20O7","M+Na","","C20H20O7+Na+","395.110123663","0.03080654","0.5","0.03294659036930691","0.9378381717947605","0.9970215275729873","Sesamolinol, Tangeritin, Auranetin, Sinensetin, 3,4',5,6,8-Pentamethoxyflavone, Oxidihydroartocarpesin, Isosinensetin, Cyclokievitone hydrate, Homoeriodictyol 4'-isobutyrate, 3',4',5',7,8-Pentamethoxyflavone, 2-[4,6-dihydroxy-2-methoxy-3-(3-methylbut-2-en-1-yl)phenyl]-5,6-dihydroxy-2,3-dihydro-1-benzofuran-3-one, 2-[4,6-dihydroxy-3-(4-hydroxy-3-methylbut-2-en-1-yl)-2-methoxyphenyl]-6-hydroxy-2,3-dihydro-1-benzofuran-3-one, 2-{3-[(3,3-dimethyloxiran-2-yl)methyl]-4,6-dihydroxy-2-methoxyphenyl}-6-hydroxy-2,3-dihydro-1-benzofuran-3-one, 2-[4,6-dihydroxy-2-methoxy-3-(3-methylbut-2-en-1-yl)phenyl]-6,7-dihydroxy-2,3-dihydro-1-benzofuran-3-one, 2-[4,6-dihydroxy-2-methoxy-3-(3-methylbut-2-en-1-yl)phenyl]-4,6-dihydroxy-2,3-dihydro-1-benzofuran-3-one, 6-(2,4-dihydroxyphenyl)-2-(2,6-dihydroxyphenyl)-6-hydroxy-4-methylcyclohex-3-ene-1-carboxylic acid, 6-(2,4-dihydroxyphenyl)-2-(2,6-dihydroxyphenyl)-4-(hydroxymethyl)cyclohex-3-ene-1-carboxylic acid, 6-(2,4-dihydroxyphenyl)-2-(2,6-dihydroxyphenyl)-5-hydroxy-4-methylcyclohex-3-ene-1-carboxylic acid, 4-(2,4-dihydroxyphenyl)-2-(2,6-dihydroxyphenyl)-6-methyl-7-oxabicyclo[4.1.0]heptane-3-carboxylic acid, 2-(2,6-dihydroxyphenyl)-4-methyl-6-(2,4,5-trihydroxyphenyl)cyclohex-3-ene-1-carboxylic acid, 6-(2,4-dihydroxyphenyl)-4-methyl-2-(2,3,6-trihydroxyphenyl)cyclohex-3-ene-1-carboxylic acid, 5,7-dihydroxy-6-(3-methylbut-2-en-1-yl)-2-(2,4,5-trihydroxyphenyl)-3,4-dihydro-2H-1-benzopyran-4-one","HMDB0033270, HMDB0030539, HMDB0034278, HMDB0036633, HMDB0037456, HMDB0037508, HMDB0037599, HMDB0037750, HMDB0039775, HMDB0040323, HMDB0125959, HMDB0125960, HMDB0125961, HMDB0125962, HMDB0125963, HMDB0126477, HMDB0126470, HMDB0126474, HMDB0126484, HMDB0126488, HMDB0126494, HMDB0132519","0","906931.75","1397499520","22","1","false","0.0002738467010203749","C17H24O8+K+"
"Pacific Northwest National Laboratory","20201130_jl_lungmap_agarose_1","2020-12-01_22h59m24s","C24H42O21","M+K","","C24H42O21+K+","705.1850162569999","0.03084595","0.5","0.03436345214715734","0.9016076100137778","0.9955974842767296","Glycogen, Maltotetraose, Stachyose, Mannan, Fagopyritol B3, Bifurcose, Neobifurcose, Sesamose, 3-beta-Glucosylcellotriose, 3-beta-Cellobiosylcellobiose, Nystose, Fagopyritol A3","HMDB0000757, HMDB0001296, HMDB0003553, HMDB0029931, HMDB0035323, HMDB0038490, HMDB0038870, HMDB0038871, HMDB0039173, HMDB0039174, HMDB0039176, HMDB0040182","0","364960","22385104","12","0","false","0.001193100935779512",""
"Pacific Northwest National Laboratory","20201130_jl_lungmap_agarose_1","2020-12-01_22h59m24s","C41H28O27","M+H","","C41H28O27+H+","953.0890720709999","0.031327132","0.5","0.038430798316070915","0.8442873226637797","0.9654970760233919","Granatin B, Sanguiin H11, 2-({7,8,9,12,13,14,20,29,30,33,34,35-dodecahydroxy-4,17,25,38-tetraoxo-3,18,21,24,39-pentaoxaheptacyclo[20.17.0.0²,¹⁹.0⁵,¹⁰.0¹¹,¹⁶.0²⁶,³¹.0³²,³⁷]nonatriaconta-5,7,9,11,13,15,26,28,30,32,34,36-dodecaen-28-yl}oxy)-3,4,5-trihydroxybenzoic acid","HMDB0037384, HMDB0039260, HMDB0137008","0","304369.90625","11451997","3","0","false","0.1807321161031723",""
"Pacific Northwest National Laboratory","20201130_jl_lungmap_agarose_1","2020-12-01_22h59m24s","C14H12O7","M+K","","C14H12O7+K+","331.021460617","0.031473774","0.5","0.03317213468745828","0.9510320259868965","0.9976547047188471","Cordeauxione","HMDB0034310","0","470487.21875","2320202752","1","0","false","0.00005658382360707037",""
"Pacific Northwest National Laboratory","20201130_jl_lungmap_agarose_1","2020-12-01_22h59m24s","C36H70O5","M+K","","C36H70O5+K+","621.4854832330001","0.03163259","0.5","0.037096146333682224","0.8609699779892792","0.9904166666666666","DG(15:0/18:0/0:0), DG(18:0/15:0/0:0), DG(15:0/0:0/18:0), DG(8:0/a-25:0/0:0), DG(8:0/0:0/a-25:0), DG(12:0/21:0/0:0), DG(12:0/0:0/21:0), DG(i-12:0/21:0/0:0), DG(i-12:0/0:0/21:0), DG(i-12:0/a-21:0/0:0), DG(i-12:0/0:0/a-21:0), DG(i-12:0/i-21:0/0:0), DG(i-12:0/0:0/i-21:0), DG(12:0/i-21:0/0:0), DG(12:0/0:0/i-21:0), DG(12:0/a-21:0/0:0), DG(12:0/0:0/a-21:0), DG(13:0/20:0/0:0), DG(13:0/0:0/20:0), DG(i-13:0/20:0/0:0), DG(i-13:0/0:0/20:0), DG(a-13:0/i-20:0/0:0), DG(a-13:0/0:0/i-20:0), DG(a-13:0/20:0/0:0), DG(a-13:0/0:0/20:0), DG(i-13:0/i-20:0/0:0), DG(i-13:0/0:0/i-20:0), DG(13:0/i-20:0/0:0), DG(13:0/0:0/i-20:0), DG(14:0/19:0/0:0), DG(14:0/0:0/19:0), DG(i-14:0/19:0/0:0), DG(i-14:0/0:0/19:0), DG(i-14:0/i-19:0/0:0), DG(i-14:0/0:0/i-19:0), DG(14:0/i-19:0/0:0), DG(14:0/0:0/i-19:0), DG(i-15:0/18:0/0:0), DG(i-15:0/0:0/18:0), DG(a-15:0/i-18:0/0:0), DG(a-15:0/0:0/i-18:0), DG(a-15:0/18:0/0:0), DG(a-15:0/0:0/18:0), DG(i-15:0/i-18:0/0:0), DG(i-15:0/0:0/i-18:0), DG(15:0/i-18:0/0:0), DG(15:0/0:0/i-18:0), DG(16:0/17:0/0:0), DG(16:0/0:0/17:0), DG(i-16:0/17:0/0:0)","HMDB0007071, HMDB0007155, HMDB0055983, HMDB0092957, HMDB0092958, HMDB0093111, HMDB0093112, HMDB0093113, HMDB0093114, HMDB0093115, HMDB0093116, HMDB0093117, HMDB0093118, HMDB0093119, HMDB0093120, HMDB0093121, HMDB0093122, HMDB0093265, HMDB0093266, HMDB0093267, HMDB0093268, HMDB0093269, HMDB0093270, HMDB0093271, HMDB0093272, HMDB0093273, HMDB0093274, HMDB0093275, HMDB0093276, HMDB0093387, HMDB0093388, HMDB0093389, HMDB0093390, HMDB0093391, HMDB0093392, HMDB0093393, HMDB0093394, HMDB0093524, HMDB0093525, HMDB0093526, HMDB0093527, HMDB0093528, HMDB0093529, HMDB0093530, HMDB0093531, HMDB0093532, HMDB0093533, HMDB0093648, HMDB0093649, HMDB0093650","0","253247.015625","15234023","50","0","false","0.0007105240365490317",""
"Pacific Northwest National Laboratory","20201130_jl_lungmap_agarose_1","2020-12-01_22h59m24s","C18H16N2O7S2","M+K","","C18H16N2O7S2+K+","475.003051085","0.03175077","0.5","0.03473398502331429","0.9218811183711895","0.9915730337078652","C.I. Food Red 1","HMDB0033383","0","380250.84375","911356672","1","1","false","0.00010326674237148836","C12H22NO10S3+K+"
"Pacific Northwest National Laboratory","20201130_jl_lungmap_agarose_1","2020-12-01_22h59m24s","C12H16N5O8P","M+K","","C12H16N5O8P+K+","428.036807365","0.03205966","0.5","0.03422751143226993","0.9454358043223334","0.9907213800313643","Acetyl adenylate","HMDB0006880","0","965385.75","852477120","1","2","false","0.00006970625690883026","C11H20NO12P+K+, C10H15N5O10P2+H+"
"Pacific Northwest National Laboratory","20201130_jl_lungmap_agarose_1","2020-12-01_22h59m24s","C21H21FO8","M+K","","C21H21FO8+K+","459.08520368500007","0.032212447","0.5","0.03560670250497092","0.919785659265281","0.9835701453535849","Flurbiprofen glucuronide","HMDB0060918","0","429532.1875","805310976","1","1","false","0.0001785829954314977","C21H24O7S+K+"
"Pacific Northwest National Laboratory","20201130_jl_lungmap_agarose_1","2020-12-01_22h59m24s","C42H75O10P","M+K","","C42H75O10P+K+","809.472943493","0.032330304","0.5","0.039407718460024846","0.8345944896449519","0.9829988465974625","PG(16:0/20:4(5Z,8Z,11Z,14Z)), PG(16:1(9Z)/20:3(5Z,8Z,11Z)), PG(16:1(9Z)/20:3(8Z,11Z,14Z)), PG(18:1(11Z)/18:3(6Z,9Z,12Z)), PG(18:1(11Z)/18:3(9Z,12Z,15Z)), PG(18:1(9Z)/18:3(6Z,9Z,12Z)), PG(18:1(9Z)/18:3(9Z,12Z,15Z)), PG(18:2(9Z,12Z)/18:2(9Z,12Z)), PG(18:3(6Z,9Z,12Z)/18:1(11Z)), PG(18:3(6Z,9Z,12Z)/18:1(9Z)), PG(18:3(9Z,12Z,15Z)/18:1(11Z)), PG(18:3(9Z,12Z,15Z)/18:1(9Z)), PG(20:4(5Z,8Z,11Z,14Z)/16:0)","HMDB0010580, HMDB0010593, HMDB0010594, HMDB0010621, HMDB0010622, HMDB0010636, HMDB0010637, HMDB0010650, HMDB0010663, HMDB0010664, HMDB0010678, HMDB0010679, HMDB0116606","0","1643397.125","1962349568","13","1","false","0.00003470944284345023","C43H68O14+H+"
"Pacific Northwest National Laboratory","20201130_jl_lungmap_agarose_1","2020-12-01_22h59m24s","C18H13NO4","M+Na","","C18H13NO4+Na+","330.07367857900005","0.032788374","0.5","0.034710040692785556","0.9465392355957204","0.9979898483013209","Hallacridone, Aristolodione","HMDB0029826, HMDB0033247","0","600979.5625","3076755968","2","1","false","0.00003922270843759179","C10H17N3O6S+Na+"
"Pacific Northwest National Laboratory","20201130_jl_lungmap_agarose_1","2020-12-01_22h59m24s","C19H18O6","M+Na","","C19H18O6+Na+","365.09955897900005","0.033021238","0.5","0.0351644182634537","0.9407137512098934","0.9982341104635026","Zapotin, 4',5,6,7-Tetramethoxyflavone, 1,4,6-Trihydroxy-5-methoxy-7-prenylxanthone, Dulxanthone A, Dulxanthone D, 1,5,8-Trihydroxy-3-methyl-2-prenylxanthone, (1R,2S,5R,6S)-6-(3,4-Dihydroxyphenyl)-2-(3,4-methylenedioxyphenyl)-3,7-dioxabicyclo-[3,3,0]octane, 3-(3,4-dimethoxyphenyl)-5-hydroxy-7-methoxy-8-methyl-4H-chromen-4-one","HMDB0029461, HMDB0030575, HMDB0031289, HMDB0031992, HMDB0032736, HMDB0034182, HMDB0059746, HMDB0129572","0","519725.5","2122292736","8","2","false","0.00040200763032771647","C19H19NO4+K+, C16H22O7+K+"
"Pacific Northwest National Laboratory","20201130_jl_lungmap_agarose_1","2020-12-01_22h59m24s","C12H20O12","M+Na","","C12H20O12+Na+","379.084696763","0.033036407","0.5","0.07614769868055912","0.44645777030267664","0.9717524700988039","Acaciabiuronic acid, 2-O-beta-D-Glucopyranuronosyl-D-mannose, 4-O-alpha-D-Glucopyranuronosyl-D-galactose, 3-O-beta-D-Galactopyranuronosyl-D-galactose, 6-{[4,5-dihydroxy-2,5-bis(hydroxymethyl)oxolan-3-yl]oxy}-3,4,5-trihydroxyoxane-2-carboxylic acid, 6-{[2,4-dihydroxy-2,5-bis(hydroxymethyl)oxolan-3-yl]oxy}-3,4,5-trihydroxyoxane-2-carboxylic acid, 3,4,5-trihydroxy-6-{[2,3,4-trihydroxy-5-(hydroxymethyl)oxolan-2-yl]methoxy}oxane-2-carboxylic acid, 3,4,5-trihydroxy-6-{[3,4,5-trihydroxy-5-(hydroxymethyl)oxolan-2-yl]methoxy}oxane-2-carboxylic acid","HMDB0029938, HMDB0039722, HMDB0039724, HMDB0039726, HMDB0125609, HMDB0125610, HMDB0125611, HMDB0125612","0","330467.6875","544116736","8","0","false","0.0001571968459757045",""
"Pacific Northwest National Laboratory","20201130_jl_lungmap_agarose_1","2020-12-01_22h59m24s","C38H68NO10P","M+Na","","C38H68NO10P+Na+","752.4473050589999","0.033075012","0.5","0.03855461567450421","0.862169292382101","0.9950183884988298","PS(14:0/18:3(9Z,12Z,15Z)), PS(14:1(9Z)/18:2(9Z,12Z)), PS(18:2(9Z,12Z)/14:1(9Z)), PS(18:3(9Z,12Z,15Z)/14:0), PS(14:0/18:3(6Z,9Z,12Z)), PS(18:3(6Z,9Z,12Z)/14:0)","HMDB0012337, HMDB0012347, HMDB0012397, HMDB0012407, HMDB0112294, HMDB0112443","0","844158.5","428987008","6","1","false","0.00017648613720666617","C40H66NO10P+H+"
"Pacific Northwest National Laboratory","20201130_jl_lungmap_agarose_1","2020-12-01_22h59m24s","C35H64O4","M+Na","","C35H64O4+Na+","571.469681211","0.033210933","0.5","0.039282715017292864","0.8802279780946036","0.9604713804713805","Cohibin A, Cohibin B","HMDB0031168, HMDB0031169","0","327305.71875","168510000","2","0","false","0.00002081081402138807",""
"Pacific Northwest National Laboratory","20201130_jl_lungmap_agarose_1","2020-12-01_22h59m24s","C19H24O14","M+Na","","C19H24O14+Na+","499.105826131","0.033345398","0.5","0.035833813986049956","0.9359258004392068","0.994263431542461","3,4,5-trihydroxy-6-[(2,4,5-trihydroxy-6-{[hydroxy(4-oxocyclohexa-2,5-dien-1-ylidene)methoxy]methyl}oxan-3-yl)oxy]oxane-2-carboxylic acid, 3,4,5-trihydroxy-6-[(2,3,5-trihydroxy-6-{[hydroxy(4-oxocyclohexa-2,5-dien-1-ylidene)methoxy]methyl}oxan-4-yl)oxy]oxane-2-carboxylic acid, 3,4,5-trihydroxy-6-[(4,5,6-trihydroxy-2-{[hydroxy(4-oxocyclohexa-2,5-dien-1-ylidene)methoxy]methyl}oxan-3-yl)oxy]oxane-2-carboxylic acid","HMDB0125181, HMDB0125182, HMDB0125183","0","482502.125","1131694592","3","1","false","0.00018263337551616132","C21H22O14+H+"
"Pacific Northwest National Laboratory","20201130_jl_lungmap_agarose_1","2020-12-01_22h59m24s","C18H18N2O5","M+Na","","C18H18N2O5+Na+","365.110792359","0.033553444","0.5","0.035537211831311775","0.9455958261585237","0.9985003408316292","Dictyoquinazol C","HMDB0040442","0","538829.875","2151776768","1","0","false","0.0001415003789588809",""
"Pacific Northwest National Laboratory","20201130_jl_lungmap_agarose_1","2020-12-01_22h59m24s","C20H14O8","M+K","","C20H14O8+K+","421.032025301","0.033588707","0.5","0.036439922639733134","0.9261097261963214","0.9952986696348121","(+)-12a-Hydroxypachyrrhizone","HMDB0030774","0","416304.09375","1207796096","1","1","false","0.0000673053800710477","C17H14Cl2F2N2O4+H+"
"Pacific Northwest National Laboratory","20201130_jl_lungmap_agarose_1","2020-12-01_22h59m24s","C16H20O8","M+K","","C16H20O8+K+","379.07897549300003","0.033755742","0.5","0.03904788572651568","0.8842752751211644","0.9776033322652996","Linocinnamarin, Oenanthoside A, trans-isoeugenol-O-glucuronide, 6-(2-benzyl-3-oxopropoxy)-3,4,5-trihydroxyoxane-2-carboxylic acid, 3,4,5-trihydroxy-6-(2-methyl-3-oxo-1-phenylpropoxy)oxane-2-carboxylic acid, 3,4,5-trihydroxy-6-[3-(2-methyl-3-oxopropyl)phenoxy]oxane-2-carboxylic acid, 3,4,5-trihydroxy-6-[4-(2-methyl-3-oxopropyl)phenoxy]oxane-2-carboxylic acid, 3,4,5-trihydroxy-6-[(2E)-3-hydroxy-2-(phenylmethylidene)propoxy]oxane-2-carboxylic acid, 3,4,5-trihydroxy-6-{3-[(1E)-3-hydroxy-2-methylprop-1-en-1-yl]phenoxy}oxane-2-carboxylic acid, 3,4,5-trihydroxy-6-{4-[(1E)-3-hydroxy-2-methylprop-1-en-1-yl]phenoxy}oxane-2-carboxylic acid, 3,4,5-trihydroxy-6-[(2-methyl-3-phenyloxiran-2-yl)methoxy]oxane-2-carboxylic acid, 3,4,5-trihydroxy-6-{2-[(1E)-3-hydroxy-2-methylprop-1-en-1-yl]phenoxy}oxane-2-carboxylic acid, 3,4,5-trihydroxy-6-[(2-methyl-3-phenylpropanoyl)oxy]oxane-2-carboxylic acid, 3,4,5-trihydroxy-6-{[(3E)-2-hydroxy-4-phenylbut-3-en-1-yl]oxy}oxane-2-carboxylic acid, 3,4,5-trihydroxy-6-{[(3E)-1-hydroxy-4-phenylbut-3-en-2-yl]oxy}oxane-2-carboxylic acid, 3,4,5-trihydroxy-6-{3-[(1E)-3-hydroxybut-1-en-1-yl]phenoxy}oxane-2-carboxylic acid, 3,4,5-trihydroxy-6-{4-[(1E)-3-hydroxybut-1-en-1-yl]phenoxy}oxane-2-carboxylic acid, 3,4,5-trihydroxy-6-[1-(3-phenyloxiran-2-yl)ethoxy]oxane-2-carboxylic acid, 3,4,5-trihydroxy-6-(2-oxo-4-phenylbutoxy)oxane-2-carboxylic acid, 3,4,5-trihydroxy-6-(3-oxo-1-phenylbutoxy)oxane-2-carboxylic acid, 3,4,5-trihydroxy-6-[3-(3-oxobutyl)phenoxy]oxane-2-carboxylic acid, 3,4,5-trihydroxy-6-[4-(3-oxobutyl)phenoxy]oxane-2-carboxylic acid, 3,4,5-trihydroxy-6-[2-methoxy-4-(prop-2-en-1-yl)phenoxy]oxane-2-carboxylic acid, 3,4,5-trihydroxy-6-{[3-(4-methoxyphenyl)prop-2-en-1-yl]oxy}oxane-2-carboxylic acid","HMDB0030678, HMDB0035441, HMDB0060021, HMDB0133636, HMDB0133639, HMDB0133641, HMDB0133643, HMDB0133645, HMDB0133647, HMDB0133650, HMDB0133653, HMDB0133657, HMDB0133675, HMDB0133732, HMDB0133733, HMDB0133736, HMDB0133739, HMDB0133742, HMDB0133767, HMDB0133769, HMDB0133771, HMDB0133773, HMDB0135244, HMDB0135652","0","342820.3125","531292576","24","2","false","0.00007307183841476217","C19H16O7+Na+, C20H17FO3S+Na+"
"Pacific Northwest National Laboratory","20201130_jl_lungmap_agarose_1","2020-12-01_22h59m24s","C14H27O3","M+Na","","C14H27O3+Na+","266.18524040700004","0.033883296","0.5","0.03543916522298782","0.9681399766106357","0.9875611460517121","3-Hydroxymyristate","HMDB0094672","0","228360","67189616","1","0","false","0.00014213148097041994",""
"Pacific Northwest National Laboratory","20201130_jl_lungmap_agarose_1","2020-12-01_22h59m24s","C13H22N4O8S2","M+K","","C13H22N4O8S2+K+","465.05106389699995","0.034273714","0.5","0.04504450714844695","0.7696913629653209","0.9885593220338983","Cysteineglutathione disulfide","HMDB0000656","0","237239.375","37578672","1","0","false","0.0000385342282243073",""
"Pacific Northwest National Laboratory","20201130_jl_lungmap_agarose_1","2020-12-01_22h59m24s","C51H99O8P","M+Na","","C51H99O8P+Na+","893.696977811","0.034345083","0.5","0.04347471120670363","0.811518923898521","0.9734848484848485","PA(24:0/24:1(15Z)), PA(24:1(15Z)/24:0)","HMDB0115454, HMDB0115480","0","6486338.5","100195712","2","1","false","0.19833678007125854","C55H98O6+K+"
"Pacific Northwest National Laboratory","20201130_jl_lungmap_agarose_1","2020-12-01_22h59m24s","C28H48N2O21","M+K","","C28H48N2O21+K+","787.238114449","0.034469116","0.5","0.04006694102210929","0.8877488525592621","0.9690671350507416","O-b-D-Gal-(1->3)-O-[O-b-D-Gal-(1->4)-2-(acetylamino)-2-deoxy-b-D-Glc-(1->6)]-2-(acetylamino)-2-deoxy- D-Galactose","HMDB0002067","0","857448.3125","792463616","1","1","false","0.000012040290130244102","C45H38O13+H+"
"Pacific Northwest National Laboratory","20201130_jl_lungmap_agarose_1","2020-12-01_22h59m24s","C16H18O9S","M+Na","","C16H18O9S+Na+","409.056374009","0.034514613","0.5","0.036428239195039784","0.9490315307624894","0.9983531128131751","{4-[2-hydroxy-3-(2,4,6-trihydroxyphenyl)propyl]-2-methoxyphenyl}oxidanesulfonic acid, {[1-(4-hydroxy-3-methoxyphenyl)-3-(2,4,6-trihydroxyphenyl)propan-2-yl]oxy}sulfonic acid, {5-[2-hydroxy-3-(2,4,6-trihydroxyphenyl)propyl]-2-methoxyphenyl}oxidanesulfonic acid, {[1-(3-hydroxy-4-methoxyphenyl)-3-(2,4,6-trihydroxyphenyl)propan-2-yl]oxy}sulfonic acid","HMDB0127773, HMDB0127774, HMDB0127835, HMDB0127836","0","28744356","24573007872","4","1","false","0.00017593134543858469","C14H19NO9S2+H+"
"Pacific Northwest National Laboratory","20201130_jl_lungmap_agarose_1","2020-12-01_22h59m24s","C15H13O6S","M+K","","C15H13O6S+K+","360.006442199","0.034636445","0.5","0.06583482529599781","0.529551865132471","0.9935028248587571","3-(3,7-dihydroxy-5-sulfino-3,4-dihydro-2H-1-benzopyran-2-yl)benzen-1-olate, 3-(3,5-dihydroxy-7-sulfino-3,4-dihydro-2H-1-benzopyran-2-yl)benzen-1-olate","HMDB0127799, HMDB0127895","0","203247.109375","16691393","2","0","false","0.00006565462535945699",""
"Pacific Northwest National Laboratory","20201130_jl_lungmap_agarose_1","2020-12-01_22h59m24s","C10H10N7O2S","M+Na","","C10H10N7O2S+Na+","315.05088941300005","0.034842975","0.5","0.06444112572814334","0.5561583887512263","0.9721955128205129","S-methylazathioprine","HMDB0061068","0","242951.546875","121785544","1","1","false","0.00001213312498293817","C15H15ClN2S+Na+"
"Pacific Northwest National Laboratory","20201130_jl_lungmap_agarose_1","2020-12-01_22h59m24s","C11H11F3N2O3","M+K","","C11H11F3N2O3+K+","315.035334585","0.035011746","0.5","0.036715343573810455","0.9559791723921229","0.9975111007244684","Flutamide","HMDB0014642","0","659763.75","2170702080","1","0","false","0.00004924406312056817",""
"Pacific Northwest National Laboratory","20201130_jl_lungmap_agarose_1","2020-12-01_22h59m24s","C16H18O13S","M+H","","C16H18O13S+H+","451.054088241","0.035569042","0.5","0.03803362499536551","0.9384496548802795","0.9965371127995324","3,4,5-trihydroxy-6-({3-[3-methoxy-4-(sulfooxy)phenyl]prop-2-enoyl}oxy)oxane-2-carboxylic acid","HMDB0128060","0","551303.3125","1548076160","1","1","false","0.000030248302209656686","C21H14O10+Na+"
"Pacific Northwest National Laboratory","20201130_jl_lungmap_agarose_1","2020-12-01_22h59m24s","C45H75O8P","M+H","","C45H75O8P+H+","775.5272327949999","0.035728015","0.5","0.04777636291762741","0.7639739441308685","0.9788525228910968","PA(20:1(11Z)/22:6(4Z,7Z,10Z,13Z,16Z,19Z)), PA(20:3(5Z,8Z,11Z)/22:4(7Z,10Z,13Z,16Z)), PA(20:5(5Z,8Z,11Z,14Z,17Z)/22:2(13Z,16Z)), PA(22:2(13Z,16Z)/20:5(5Z,8Z,11Z,14Z,17Z)), PA(22:4(7Z,10Z,13Z,16Z)/20:3(5Z,8Z,11Z)), PA(22:6(4Z,7Z,10Z,13Z,16Z,19Z)/20:1(11Z)), PA(20:2(11Z,14Z)/22:5(4Z,7Z,10Z,13Z,16Z)), PA(20:2(11Z,14Z)/22:5(7Z,10Z,13Z,16Z,19Z)), PA(20:3(8Z,11Z,14Z)/22:4(7Z,10Z,13Z,16Z)), PA(22:4(7Z,10Z,13Z,16Z)/20:3(8Z,11Z,14Z)), PA(22:5(4Z,7Z,10Z,13Z,16Z)/20:2(11Z,14Z)), PA(22:5(7Z,10Z,13Z,16Z,19Z)/20:2(11Z,14Z))","HMDB0115115, HMDB0115139, HMDB0115217, HMDB0115313, HMDB0115336, HMDB0115414, HMDB0115555, HMDB0115556, HMDB0115581, HMDB0115597, HMDB0115598, HMDB0115600","0","3526491.75","4144864000","12","1","false","0.0000417106639361009","C43H77O8P+Na+"
"Pacific Northwest National Laboratory","20201130_jl_lungmap_agarose_1","2020-12-01_22h59m24s","C22H18O8","M+K","","C22H18O8+K+","449.063325429","0.036207914","0.5","0.03982730761255737","0.9195165368694704","0.988696501509501","3-(4-Hydroxybenzoyl)epicatechin","HMDB0039327","0","409663.8125","694621184","1","1","false","0.00008290385449072346","C16H20N2O9S2+H+"
"Pacific Northwest National Laboratory","20201130_jl_lungmap_agarose_1","2020-12-01_22h59m24s","C45H38O14","M+H","","C45H38O14+H+","803.2334323309999","0.036293387","0.5","0.04525008434158755","0.8326881217532048","0.9632205513784461","8-[3,7-dihydroxy-2-(3-hydroxyphenyl)-3,4-dihydro-2H-1-benzopyran-4-yl]-6-[2-(3,4-dihydroxyphenyl)-3,7-dihydroxy-3,4-dihydro-2H-1-benzopyran-4-yl]-2-(3-hydroxyphenyl)-3,4-dihydro-2H-1-benzopyran-3,5,7-triol, 6-[3,7-dihydroxy-2-(3-hydroxyphenyl)-3,4-dihydro-2H-1-benzopyran-4-yl]-8-[2-(3,4-dihydroxyphenyl)-3,7-dihydroxy-3,4-dihydro-2H-1-benzopyran-4-yl]-2-(3-hydroxyphenyl)-3,4-dihydro-2H-1-benzopyran-3,5,7-triol, 6,8-bis[3,7-dihydroxy-2-(3-hydroxyphenyl)-3,4-dihydro-2H-1-benzopyran-4-yl]-2-(3,4-dihydroxyphenyl)-3,4-dihydro-2H-1-benzopyran-3,5,7-triol","HMDB0134986, HMDB0134987, HMDB0134988","0","1325891","669185280","3","0","false","0.00007091518637025729",""
"Pacific Northwest National Laboratory","20201130_jl_lungmap_agarose_1","2020-12-01_22h59m24s","C16H22O9","M+Na","","C16H22O9+Na+","381.11560296700003","0.03665884","0.5","0.0386522787084754","0.9497845775128544","0.9985699662813102","Phlorisobutyrophenone 2-glucoside","HMDB0029651","0","589736.4375","2551288832","1","0","false","0.00020314459106884897",""
"Pacific Northwest National Laboratory","20201130_jl_lungmap_agarose_1","2020-12-01_22h59m24s","C21H14O9","M+K","","C21H14O9+K+","449.026939921","0.03711293","0.5","0.05344380297209916","0.6978411511058757","0.9951104986474761","7,11,12-Triacetoxycoumestan","HMDB0030560","0","394572.625","1323616768","1","0","false","0.00006756968650734052",""
"Pacific Northwest National Laboratory","20201130_jl_lungmap_agarose_1","2020-12-01_22h59m24s","C26H52NO7P","M+K","","C26H52NO7P+K+","560.311297897","0.03715753","0.5","0.04205713530560376","0.9001662769910748","0.9814866924610154","LysoPC(18:1(9Z)), LysoPC(18:1(11Z)), 2-oleoyl-sn-glycero-3-phosphocholine","HMDB0002815, HMDB0010385, HMDB0062651","0","447200.5","533556672","3","0","false","0.000019746174075407907",""
"Pacific Northwest National Laboratory","20201130_jl_lungmap_agarose_1","2020-12-01_22h59m24s","C14H23NO10","M+K","","C14H23NO10+K+","404.09535382900003","0.03722324","0.5","0.040124781074869345","0.952946836170154","0.9734929078014184","2-(acetylamino)-1,5-anhydro-2-deoxy-3-O-b-D-galactopyranosyl-D-arabino-Hex-1-enitol, 2-(acetylamino)-1,5-anhydro-2-deoxy-4-O-b-D-galactopyranosyl-D-arabino-Hex-1-enitol","HMDB0002278, HMDB0002282","0","270032.3125","57511564","2","3","false","0.00030728685669600964","C13H18N5O8P+H+, C21H19ClO6+H+, C17H20N2O6S+Na+"
"Pacific Northwest National Laboratory","20201130_jl_lungmap_agarose_1","2020-12-01_22h59m24s","C20H18N2O5","M+K","","C20H18N2O5+K+","405.084729569","0.03732951","0.5","0.04085272338989372","0.9212609500329935","0.9918560179977503","N-Caffeoyltryptophan","HMDB0029830","0","894514.4375","1134816896","1","1","false","0.0014613595558330417","C19H23ClO5+K+"
"Pacific Northwest National Laboratory","20201130_jl_lungmap_agarose_1","2020-12-01_22h59m24s","C54H103NO13","M+Na","","C54H103NO13+Na+","996.7321630389999","0.03772301","0.5","0.04757653100718548","0.7988887905147637","0.9924924924924925","Galabiosylceramide (d18:1/24:0), Lactosylceramide (d18:1/24:0)","HMDB0004840, HMDB0011595","0","395646.71875","47522672","2","0","false","0.0003525384236127138",""
"Pacific Northwest National Laboratory","20201130_jl_lungmap_agarose_1","2020-12-01_22h59m24s","C15H10O7S","M+H","","C15H10O7S+H+","335.022000265","0.038329948","0.5","0.046972388276325924","0.8446273592629379","0.9661186059584036","[3-(7-hydroxy-4-oxo-4H-chromen-2-yl)phenyl]oxidanesulfonic acid, [3-(3-hydroxy-4-oxo-4H-chromen-2-yl)phenyl]oxidanesulfonic acid, {4-[(6-hydroxy-3-oxo-2,3-dihydro-1-benzofuran-2-ylidene)methyl]phenyl}oxidanesulfonic acid","HMDB0133344, HMDB0134560, HMDB0137537","0","367286.75","435145696","3","0","false","0.0005846396670676768",""
"Pacific Northwest National Laboratory","20201130_jl_lungmap_agarose_1","2020-12-01_22h59m24s","C21H40O3","M+H","","C21H40O3+H+","341.305021575","0.038458716","0.5","0.04218046767854601","0.939073553131154","0.9709207252044081","Polyoxyethylene (600) monoricinoleate","HMDB0032476","0","409103.75","457706688","1","0","false","0.000014166564142215066",""
"Pacific Northwest National Laboratory","20201130_jl_lungmap_agarose_1","2020-12-01_22h59m24s","C37H67O8P","M+Na","","C37H67O8P+Na+","693.4465767869999","0.038706113","0.5","0.045430801520944294","0.8681403509643442","0.9813845258871436","PA(14:0/20:3(5Z,8Z,11Z)), PA(16:0/18:3(6Z,9Z,12Z)), PA(16:0/18:3(9Z,12Z,15Z)), PA(16:1(9Z)/18:2(9Z,12Z)), PA(18:2(9Z,12Z)/16:1(9Z)), PA(18:3(6Z,9Z,12Z)/16:0), PA(18:3(9Z,12Z,15Z)/16:0), PA(20:3(5Z,8Z,11Z)/14:0), PA(14:0/20:3(8Z,11Z,14Z)), PA(14:1(9Z)/20:2(11Z,14Z)), PA(20:2(11Z,14Z)/14:1(9Z)), PA(20:3(8Z,11Z,14Z)/14:0)","HMDB0114784, HMDB0114836, HMDB0114837, HMDB0114856, HMDB0114950, HMDB0114976, HMDB0115003, HMDB0115118, HMDB0115505, HMDB0115506, HMDB0115533, HMDB0115561","0","1172311.75","370596288","12","0","false","0.000015374429494841024",""
"Pacific Northwest National Laboratory","20201130_jl_lungmap_agarose_1","2020-12-01_22h59m24s","C44H85NO8","M+H","","C44H85NO8+H+","756.634795115","0.039198883","0.5","0.04721365798282132","0.8390361165043715","0.9895218295218295","Glucosylceramide (d18:1/20:0), Galactosylceramide (d18:1/20:0)","HMDB0004973, HMDB0010710","0","1374964.5","2588467456","2","0","false","0.000044693642848869786",""
"Pacific Northwest National Laboratory","20201130_jl_lungmap_agarose_1","2020-12-01_22h59m24s","C16H14O2","M+Na","","C16H14O2+Na+","261.08860037100004","0.039360058","0.5","0.04269219306121827","0.9606344608134691","0.9597300827165869","4'-Methoxychalcone, Cinnamyl benzoate, Benzyl cinnamate","HMDB0032585, HMDB0029700, HMDB0040286","0","1853743.875","2564136960","3","3","false","0.000009331250112154521","C9H13N5O3+Na+, C13H18O3+K+, C8H18N2O4S+Na+"
"Pacific Northwest National Laboratory","20201130_jl_lungmap_agarose_1","2020-12-01_22h59m24s","C18H19ClN4O","M+K","","C18H19ClN4O+K+","381.087896821","0.039545104","0.5","0.04661939308794115","0.848957414668611","0.9991719094477604","Clozapine N-oxide","HMDB0060900","0","943045.5","4131147776","1","3","false","0.00036928197368979454","C15H18O10+Na+, C17H14F3N3O2S+H+, C17H17N3O4S+Na+"
"Pacific Northwest National Laboratory","20201130_jl_lungmap_agarose_1","2020-12-01_22h59m24s","C16H14O8","M+Na","","C16H14O8+Na+","357.058088091","0.040031496","0.5","0.04255967413145173","0.9524011636219767","0.9876057228677575","Xanthotoxol arabinoside, Hovenitin I, 7-hydroxy-6-methoxy-3-(1,3,6-trihydroxy-4-oxocyclohex-2-en-1-yl)-4H-chromen-4-one, 7-hydroxy-6-methoxy-3-(2,3,4,5-tetrahydroxyphenyl)-3,4-dihydro-2H-1-benzopyran-4-one, 6,7-dihydroxy-3-(2,3,5-trihydroxy-4-methoxyphenyl)-3,4-dihydro-2H-1-benzopyran-4-one, 7-hydroxy-6-methoxy-3-(2,3,4,6-tetrahydroxyphenyl)-3,4-dihydro-2H-1-benzopyran-4-one, 6,7-dihydroxy-3-(2,3,6-trihydroxy-4-methoxyphenyl)-3,4-dihydro-2H-1-benzopyran-4-one, 7,8-dihydroxy-6-methoxy-3-(2,4,5-trihydroxyphenyl)-3,4-dihydro-2H-1-benzopyran-4-one, 3-(2,5-dihydroxy-4-methoxyphenyl)-6,7,8-trihydroxy-3,4-dihydro-2H-1-benzopyran-4-one, 5,7-dihydroxy-6-methoxy-3-(2,4,5-trihydroxyphenyl)-3,4-dihydro-2H-1-benzopyran-4-one, 3-(2,5-dihydroxy-4-methoxyphenyl)-5,6,7-trihydroxy-3,4-dihydro-2H-1-benzopyran-4-one, 7-hydroxy-6-methoxy-3-(1,2,5-trihydroxy-4-oxocyclohex-2-en-1-yl)-4H-chromen-4-one, 3-(4-hydroxy-3-methoxyphenyl)-1-(2,3,4,6-tetrahydroxyphenyl)propane-1,2-dione, 3,5,6,7-tetrahydroxy-2-(4-hydroxy-3-methoxyphenyl)-3,4-dihydro-2H-1-benzopyran-4-one, 3-(3,4-dihydroxy-5-methoxyphenyl)-1-(2,4,6-trihydroxyphenyl)propane-1,2-dione, 3,5,7-trihydroxy-2-(1-hydroxy-5-methoxy-4-oxocyclohex-2-en-1-yl)-4H-chromen-4-one, 3,5,7-trihydroxy-2-(1-hydroxy-3-methoxy-4-oxocyclohex-2-en-1-yl)-4H-chromen-4-one, 2-(3,4-dihydroxy-5-methoxyphenyl)-5,6,7-trihydroxy-3,4-dihydro-2H-1-benzopyran-4-one, 3-(3,4-dihydroxy-5-methoxyphenyl)-1-(2,3,4,6-tetrahydroxyphenyl)prop-2-en-1-one, 2-(3,4-dihydroxyphenyl)-3,5,7-trihydroxy-6-methoxy-3,4-dihydro-2H-1-benzopyran-4-one, 3-(3,4-dihydroxyphenyl)-1-(2,4,6-trihydroxy-3-methoxyphenyl)propane-1,2-dione, 3,5,7,8-tetrahydroxy-2-(4-hydroxy-3-methoxyphenyl)-3,4-dihydro-2H-1-benzopyran-4-one, 3,5,7,8-tetrahydroxy-2-(3-hydroxy-4-methoxyphenyl)-3,4-dihydro-2H-1-benzopyran-4-one, 3,5,6,7-tetrahydroxy-2-(3-hydroxy-4-methoxyphenyl)-3,4-dihydro-2H-1-benzopyran-4-one, 2-(2,4-dihydroxy-5-methoxyphenyl)-3,5,7-trihydroxy-3,4-dihydro-2H-1-benzopyran-4-one","HMDB0031971, HMDB0033014, HMDB0125082, HMDB0125030, HMDB0125032, HMDB0125045, HMDB0125047, HMDB0125060, HMDB0125062, HMDB0125074, HMDB0125076, HMDB0125081, HMDB0126504, HMDB0126502, HMDB0126508, HMDB0126512, HMDB0126513, HMDB0128206, HMDB0128211, HMDB0128756, HMDB0128758, HMDB0129287, HMDB0129292, HMDB0130269, HMDB0131803","0","507834.75","724970944","25","0","false","0.000010622595254972111",""
"Pacific Northwest National Laboratory","20201130_jl_lungmap_agarose_1","2020-12-01_22h59m24s","C25H32O7","M+Na","","C25H32O7+Na+","467.204024047","0.04016529","0.5","0.04462785074010027","0.9187059890857933","0.9796442687747036","Austalide J","HMDB0030156","0","497749.4375","88638088","1","0","false","0.00006263262912398204",""
"Pacific Northwest National Laboratory","20201130_jl_lungmap_agarose_1","2020-12-01_22h59m24s","C4H8O4","M+K","","C4H8O4+K+","159.005416629","0.04023162","0.5","0.041258029553050066","0.9766804025119582","0.9984045675257457","(S)-3,4-Dihydroxybutyric acid, 2,4-Dihydroxybutanoic acid, 4-Deoxyerythronic acid, 4-Deoxythreonic acid, A,b-Dihydroxyisobutyric acid, Erythrose, L-Erythrulose","HMDB0000337, HMDB0000360, HMDB0000498, HMDB0002453, HMDB0002601, HMDB0002649, HMDB0006293","0","1201108.375","6379526144","7","0","false","0.00014671834651380777",""
"Pacific Northwest National Laboratory","20201130_jl_lungmap_agarose_1","2020-12-01_22h59m24s","C9H17N4O9P","M+Na","","C9H17N4O9P+Na+","379.062535807","0.040316246","0.5","0.041541977657260545","0.9738469823349198","0.9965570857396713","5-Amino-6-(5'-phosphoribitylamino)uracil","HMDB0003841","0","751935.75","2603437056","1","2","false","0.00003385311720194295","C15H16O10+Na+, C12H20O11+K+"
"Pacific Northwest National Laboratory","20201130_jl_lungmap_agarose_1","2020-12-01_22h59m24s","C21H41NO","M+H","","C21H41NO+H+","324.326091367","0.040327623","0.5","0.04312920710771001","0.939515929729293","0.9952380952380953","N-(14-Methylhexadecanoyl)pyrrolidine","HMDB0034373","0","331127.5625","20286162","1","0","false","0.0002504435833543539",""
"Pacific Northwest National Laboratory","20201130_jl_lungmap_agarose_1","2020-12-01_22h59m24s","C18H18N2O5","M+K","","C18H18N2O5+K+","381.084729569","0.040708035","0.5","0.04390225379371705","0.9285985994037277","0.998539627152596","Dictyoquinazol C","HMDB0040442","0","582216.625","2264467712","1","3","false","0.00013758613204117864","C14H20O10S+H+, C11H23N2O7PS+Na+, C19H16O7+Na+"
"Pacific Northwest National Laboratory","20201130_jl_lungmap_agarose_1","2020-12-01_22h59m24s","C23H22O12","M+K","","C23H22O12+K+","529.074284037","0.040878218","0.5","0.04524038154174025","0.9103990704560326","0.9925077443988185","Kaempferol 3-(6-acetylgalactoside), 2''-O-Acetylisoorientin, Irisolidone 7-O-glucuronide","HMDB0035466, HMDB0038816, HMDB0041746","0","512855.125","957171456","3","0","false","0.00009920881711877882",""
"Pacific Northwest National Laboratory","20201130_jl_lungmap_agarose_1","2020-12-01_22h59m24s","C54H85N3O15P2","M+Na","","C54H85N3O15P2+Na+","1100.534813703","0.041003995","0.5","0.04996538880374321","0.8337208230334028","0.9843198338525442","CDP-DG(22:6(4Z,7Z,10Z,13Z,16Z,19Z)/20:2(11Z,14Z))","HMDB0116036","0","310968.09375","58813368","1","1","false","0.00025893247220665216","C56H83N3O15P2+H+"
"Pacific Northwest National Laboratory","20201130_jl_lungmap_agarose_1","2020-12-01_22h59m24s","C19H23ClO5","M+K","","C19H23ClO5+K+","405.08655942900003","0.04105837","0.5","0.04859874781845577","0.8462904238553949","0.9982910928519075","3''-Chloro-3''-deoxytriphasiol","HMDB0041136","0","942957.8125","2117877120","1","1","false","0.0006910562515258789","C20H18N2O5+K+"
"Pacific Northwest National Laboratory","20201130_jl_lungmap_agarose_1","2020-12-01_22h59m24s","C30H28O13S","M+Na","","C30H28O13S+Na+","651.114282809","0.04117187","0.5","0.047301531622555945","0.8884430017305178","0.9797061803444782","{[1-(2,4-dihydroxyphenyl)-3-(3,4-dihydroxyphenyl)-1-[3,5,7-trihydroxy-2-(3-hydroxyphenyl)-3,4-dihydro-2H-1-benzopyran-8-yl]propan-2-yl]oxy}sulfonic acid, {3-[3-(2,4-dihydroxyphenyl)-3-[2-(3,4-dihydroxyphenyl)-3,5,7-trihydroxy-3,4-dihydro-2H-1-benzopyran-8-yl]-2-hydroxypropyl]phenyl}oxidanesulfonic acid, (5-{8-[1-(2,4-dihydroxyphenyl)-2-hydroxy-3-(3-hydroxyphenyl)propyl]-3,5,7-trihydroxy-3,4-dihydro-2H-1-benzopyran-2-yl}-2-hydroxyphenyl)oxidanesulfonic acid, {[1-(2,4-dihydroxyphenyl)-1-[2-(3,4-dihydroxyphenyl)-3,5,7-trihydroxy-3,4-dihydro-2H-1-benzopyran-8-yl]-3-(3-hydroxyphenyl)propan-2-yl]oxy}sulfonic acid, {5-[3-(2,4-dihydroxyphenyl)-2-hydroxy-3-[3,5,7-trihydroxy-2-(3-hydroxyphenyl)-3,4-dihydro-2H-1-benzopyran-8-yl]propyl]-2-hydroxyphenyl}oxidanesulfonic acid, (3-{8-[1-(2,4-dihydroxyphenyl)-3-(3,4-dihydroxyphenyl)-2-hydroxypropyl]-3,5,7-trihydroxy-3,4-dihydro-2H-1-benzopyran-2-yl}phenyl)oxidanesulfonic acid","HMDB0135127, HMDB0135115, HMDB0135116, HMDB0135117, HMDB0135125, HMDB0135126","0","762935.375","1010023040","6","2","false","0.00002540471905376762","C20H32N6O12S2+K+, C20H29N4O17P+Na+"
"Pacific Northwest National Laboratory","20201130_jl_lungmap_agarose_1","2020-12-01_22h59m24s","C16H16ClNO2S","M+K","","C16H16ClNO2S+K+","360.02218551500005","0.0411868","0.5","0.04746174550643269","0.8746317473480361","0.9921768707482993","Clopidogrel","HMDB0005011","0","181435.609375","13715042","1","1","false","0.00006934525299584493","C14H10O10+Na+"
"Pacific Northwest National Laboratory","20201130_jl_lungmap_agarose_1","2020-12-01_22h59m24s","C21H18O12","M+K","","C21H18O12+K+","501.042983909","0.041322194","0.5","0.045966406319145565","0.9211594378828076","0.9759060745278203","Kaempferol 3-glucuronide, 3-Methylellagic acid 8-rhamnoside, 3,4,5-trihydroxy-6-[3-(3,5,7-trihydroxy-4-oxo-4H-chromen-2-yl)phenoxy]oxane-2-carboxylic acid, 6-{[3,7-dihydroxy-2-(3-hydroxyphenyl)-4-oxo-4H-chromen-5-yl]oxy}-3,4,5-trihydroxyoxane-2-carboxylic acid, 6-{[3,5-dihydroxy-2-(3-hydroxyphenyl)-4-oxo-4H-chromen-7-yl]oxy}-3,4,5-trihydroxyoxane-2-carboxylic acid, 6-{[5,7-dihydroxy-2-(3-hydroxyphenyl)-4-oxo-4H-chromen-3-yl]oxy}-3,4,5-trihydroxyoxane-2-carboxylic acid, 3,4,5-trihydroxy-6-[4-(3,5,7-trihydroxy-4-oxo-4H-chromen-2-yl)phenoxy]oxane-2-carboxylic acid, 6-{[3,7-dihydroxy-2-(4-hydroxyphenyl)-4-oxo-4H-chromen-5-yl]oxy}-3,4,5-trihydroxyoxane-2-carboxylic acid, 6-{[3,5-dihydroxy-2-(4-hydroxyphenyl)-4-oxo-4H-chromen-7-yl]oxy}-3,4,5-trihydroxyoxane-2-carboxylic acid, 3,4,5-trihydroxy-6-[(3,5,7-trihydroxy-4-oxo-2-phenyl-4H-chromen-6-yl)oxy]oxane-2-carboxylic acid, 3,4,5-trihydroxy-6-[(3,6,7-trihydroxy-4-oxo-2-phenyl-4H-chromen-5-yl)oxy]oxane-2-carboxylic acid, 3,4,5-trihydroxy-6-[(3,5,6-trihydroxy-4-oxo-2-phenyl-4H-chromen-7-yl)oxy]oxane-2-carboxylic acid, 3,4,5-trihydroxy-6-[(5,6,7-trihydroxy-4-oxo-2-phenyl-4H-chromen-3-yl)oxy]oxane-2-carboxylic acid, 6-{4-[(1E)-3-(2,4-dihydroxy-3,6-dioxocyclohexa-1,4-dien-1-yl)-3-oxoprop-1-en-1-yl]phenoxy}-3,4,5-trihydroxyoxane-2-carboxylic acid, 6-{[5,6-dihydroxy-2-(4-hydroxyphenyl)-4-oxo-4H-chromen-7-yl]oxy}-3,4,5-trihydroxyoxane-2-carboxylic acid, 6-{[5,7-dihydroxy-2-(4-hydroxyphenyl)-4-oxo-4H-chromen-6-yl]oxy}-3,4,5-trihydroxyoxane-2-carboxylic acid, 6-{[6,7-dihydroxy-2-(4-hydroxyphenyl)-4-oxo-4H-chromen-5-yl]oxy}-3,4,5-trihydroxyoxane-2-carboxylic acid, 3,4,5-trihydroxy-6-[4-(5,6,7-trihydroxy-4-oxo-4H-chromen-2-yl)phenoxy]oxane-2-carboxylic acid, 3,4,5-trihydroxy-6-[4-(5,6,7-trihydroxy-4-oxo-4H-chromen-3-yl)phenoxy]oxane-2-carboxylic acid, 6-{[5,6-dihydroxy-3-(4-hydroxyphenyl)-4-oxo-4H-chromen-7-yl]oxy}-3,4,5-trihydroxyoxane-2-carboxylic acid, 6-{[7,8-dihydroxy-2-(4-hydroxyphenyl)-4-oxo-4H-chromen-5-yl]oxy}-3,4,5-trihydroxyoxane-2-carboxylic acid, 6-{[5,8-dihydroxy-2-(4-hydroxyphenyl)-4-oxo-4H-chromen-7-yl]oxy}-3,4,5-trihydroxyoxane-2-carboxylic acid, 3,4,5-trihydroxy-6-[4-(5,7,8-trihydroxy-4-oxo-4H-chromen-2-yl)phenoxy]oxane-2-carboxylic acid, 3,4,5-trihydroxy-6-[(5,7,8-trihydroxy-4-oxo-2-phenyl-4H-chromen-6-yl)oxy]oxane-2-carboxylic acid, 3,4,5-trihydroxy-6-[(6,7,8-trihydroxy-4-oxo-2-phenyl-4H-chromen-5-yl)oxy]oxane-2-carboxylic acid, 3,4,5-trihydroxy-6-[(5,6,8-trihydroxy-4-oxo-2-phenyl-4H-chromen-7-yl)oxy]oxane-2-carboxylic acid, 6-{[5,6-dihydroxy-2-(3-hydroxyphenyl)-4-oxo-4H-chromen-7-yl]oxy}-3,4,5-trihydroxyoxane-2-carboxylic acid, 6-{[2-(3,4-dihydroxyphenyl)-7-hydroxy-4-oxo-4H-chromen-6-yl]oxy}-3,4,5-trihydroxyoxane-2-carboxylic acid, 6-{[2-(3,4-dihydroxyphenyl)-6-hydroxy-4-oxo-4H-chromen-7-yl]oxy}-3,4,5-trihydroxyoxane-2-carboxylic acid, 6-[5-(6,7-dihydroxy-4-oxo-4H-chromen-2-yl)-2-hydroxyphenoxy]-3,4,5-trihydroxyoxane-2-carboxylic acid, 6-[4-(6,7-dihydroxy-4-oxo-4H-chromen-2-yl)-2-hydroxyphenoxy]-3,4,5-trihydroxyoxane-2-carboxylic acid, 6-[2,3-dihydroxy-6-(7-hydroxy-4-oxo-4H-chromen-2-yl)phenoxy]-3,4,5-trihydroxyoxane-2-carboxylic acid, 3,4,5-trihydroxy-6-{[4-oxo-2-(2,3,4-trihydroxyphenyl)-4H-chromen-7-yl]oxy}oxane-2-carboxylic acid, 6-[2,6-dihydroxy-3-(7-hydroxy-4-oxo-4H-chromen-2-yl)phenoxy]-3,4,5-trihydroxyoxane-2-carboxylic acid, 6-[2,3-dihydroxy-4-(7-hydroxy-4-oxo-4H-chromen-2-yl)phenoxy]-3,4,5-trihydroxyoxane-2-carboxylic acid, 6-[4,5-dihydroxy-2-(7-hydroxy-4-oxo-4H-chromen-2-yl)phenoxy]-3,4,5-trihydroxyoxane-2-carboxylic acid, 3,4,5-trihydroxy-6-{[4-oxo-2-(2,4,5-trihydroxyphenyl)-4H-chromen-7-yl]oxy}oxane-2-carboxylic acid, 6-[2,4-dihydroxy-5-(7-hydroxy-4-oxo-4H-chromen-2-yl)phenoxy]-3,4,5-trihydroxyoxane-2-carboxylic acid, 6-[2,5-dihydroxy-4-(7-hydroxy-4-oxo-4H-chromen-2-yl)phenoxy]-3,4,5-trihydroxyoxane-2-carboxylic acid, 6-{[2-(3,4-dihydroxyphenyl)-7-hydroxy-4-oxo-4H-chromen-5-yl]oxy}-3,4,5-trihydroxyoxane-2-carboxylic acid, 6-{[2-(3,4-dihydroxyphenyl)-5-hydroxy-4-oxo-4H-chromen-7-yl]oxy}-3,4,5-trihydroxyoxane-2-carboxylic acid, 6-[5-(5,7-dihydroxy-4-oxo-4H-chromen-2-yl)-2-hydroxyphenoxy]-3,4,5-trihydroxyoxane-2-carboxylic acid, 6-[4-(5,7-dihydroxy-4-oxo-4H-chromen-2-yl)-2-hydroxyphenoxy]-3,4,5-trihydroxyoxane-2-carboxylic acid","HMDB0029500, HMDB0037079, HMDB0125272, HMDB0125273, HMDB0125274, HMDB0125275, HMDB0125378, HMDB0125379, HMDB0125380, HMDB0125418, HMDB0125419, HMDB0125420, HMDB0125421, HMDB0126626, HMDB0128606, HMDB0128607, HMDB0128608, HMDB0128609, HMDB0129992, HMDB0129993, HMDB0130189, HMDB0130190, HMDB0130191, HMDB0130231, HMDB0130232, HMDB0130233, HMDB0131979, HMDB0133345, HMDB0133346, HMDB0133347, HMDB0133348, HMDB0133355, HMDB0133356, HMDB0133357, HMDB0133358, HMDB0133360, HMDB0133361, HMDB0133362, HMDB0133363, HMDB0133365, HMDB0133366, HMDB0133367, HMDB0133368","0","431011.28125","530018496","43","0","false","0.00001583936136739794",""
"Pacific Northwest National Laboratory","20201130_jl_lungmap_agarose_1","2020-12-01_22h59m24s","C18H17FN2O","M+K","","C18H17FN2O+K+","335.095649217","0.041613437","0.5","0.044752624380076045","0.9313377466590419","0.9984075863302917","Didemethylcitalopram","HMDB0060472","0","701165.125","3441679360","1","2","false","0.00014198734425008297","C11H20O10+Na+, C17H16ClFN2O2+H+"
"Pacific Northwest National Laboratory","20201130_jl_lungmap_agarose_1","2020-12-01_22h59m24s","C26H20O11","M+Na","","C26H20O11+Na+","531.089782143","0.04171401","0.5","0.0462445888063877","0.9122009249889048","0.9888501472183481","1,2,4,8-Tetraacetoxy-7-hydroxy-3-(4-hydroxyphenyl)dibenzofuran, 1,2,4,7-Tetraacetoxy-8-hydroxy-3-(4-hydroxyphenyl)dibenzofuran, BL III","HMDB0034700, HMDB0034701, HMDB0039566","0","426805.0625","812162112","3","1","false","0.00009171412966679782","C23H24O12+K+"
"Pacific Northwest National Laboratory","20201130_jl_lungmap_agarose_1","2020-12-01_22h59m24s","C21H24O7S","M+K","","C21H24O7S+K+","459.087432171","0.041849352","0.5","0.04583101286683896","0.9176168436963841","0.9951027107157984","{4-[1-hydroxy-3-(5-methoxy-2,2-dimethyl-2H-chromen-6-yl)propyl]phenyl}oxidanesulfonic acid, [1-(4-hydroxyphenyl)-3-(5-methoxy-2,2-dimethyl-2H-chromen-6-yl)propoxy]sulfonic acid","HMDB0125906, HMDB0125907","0","449784.875","1236327808","2","1","false","0.0004705814935732633","C21H21FO8+K+"
"Pacific Northwest National Laboratory","20201130_jl_lungmap_agarose_1","2020-12-01_22h59m24s","C36H68NO10P","M+H","","C36H68NO10P+H+","706.4653608109999","0.042228147","0.5","0.04965855107184756","0.8699213986685044","0.9775252525252526","PS(14:0/16:1(9Z)), PS(14:1(9Z)/16:0), PS(16:0/14:1(9Z)), PS(16:1(9Z)/14:0)","HMDB0012333, HMDB0012343, HMDB0012353, HMDB0012363","0","1001093.125","188821760","4","0","false","0.00003917082358384505",""
"Pacific Northwest National Laboratory","20201130_jl_lungmap_agarose_1","2020-12-01_22h59m24s","C21H19ClO6","M+H","","C21H19ClO6+H+","403.094292463","0.042475738","0.5","0.05138930906478868","0.8469835688828703","0.9758727216558541","13-chloro-5,14-dihydroxy-7,12-dimethyl-6-(3-methylbut-2-en-1-yl)-10-oxo-2,9-dioxatricyclo[9.4.0.0³,⁸]pentadeca-1(15),3(8),4,6,11,13-hexaene-15-carbaldehyde","HMDB0139187","0","638880.5625","453164672","1","3","false","0.0011958424001932144","C17H20N2O6S+Na+, C14H23NO10+K+, C13H18N5O8P+H+"
"Pacific Northwest National Laboratory","20201130_jl_lungmap_agarose_1","2020-12-01_22h59m24s","C21H41NO4","M+H","","C21H41NO4+H+","372.31083522700004","0.04311566","0.5","0.04705040007448387","0.9377487274784251","0.9772040467744054","Tetradecanoylcarnitine","HMDB0005066","0","360516.375","423757376","1","0","false","0.0000785755692049861",""
"Pacific Northwest National Laboratory","20201130_jl_lungmap_agarose_1","2020-12-01_22h59m24s","C22H22N8O8PS4","M+Na","","C22H22N8O8PS4+Na+","708.0073270269999","0.04368869","0.5","0.055538838378863226","0.8137584101309712","0.9666666666666667","Ceftaroline","HMDB0060581","0","325350.8125","4978308","1","0","true","0.6223911643028259",""
"Pacific Northwest National Laboratory","20201130_jl_lungmap_agarose_1","2020-12-01_22h59m24s","C35H67O8P","M+K","","C35H67O8P+K+","685.420513997","0.04400559","0.5","0.051819783808232836","0.8630555828663244","0.9839510449139822","Glycerol 1-(9Z-octadecenoate) 2-tetradecanoate 3-phosphate, PA(16:1(9Z)/16:0), PA(18:0/14:1(9Z)), PA(18:1(11Z)/14:0), PA(18:1(9Z)/14:0)","HMDB0031131, HMDB0114855, HMDB0114874, HMDB0114896, HMDB0114921","0","942292.375","896986048","5","0","false","0.000004209620783512946",""
"Pacific Northwest National Laboratory","20201130_jl_lungmap_agarose_1","2020-12-01_22h59m24s","C10H8S","M+K","","C10H8S+K+","198.99782931899998","0.04400806","0.5","0.04637965867569302","0.9498497173228294","0.9989638554216868","2-Naphthalenethiol","HMDB0029689","0","1139575.125","4433925120","1","0","false","0.0011381558142602444",""
"Pacific Northwest National Laboratory","20201130_jl_lungmap_agarose_1","2020-12-01_22h59m24s","C38H55NO7","M+H","","C38H55NO7+H+","638.4051295349999","0.044171996","0.5","0.05201959905973902","0.8649746153572023","0.9816951566951567","Avenestergenin A1","HMDB0035264","0","698150.1875","124296808","1","0","false","0.00004553679173113778",""
"Pacific Northwest National Laboratory","20201130_jl_lungmap_agarose_1","2020-12-01_22h59m24s","C37H72NO10P","M+K","","C37H72NO10P+K+","760.4525423969999","0.044269253","0.5","0.050812536677386354","0.8960102488366553","0.9723404255319149","PS(15:0/16:0), PS(16:0/15:0)","HMDB0112281, HMDB0112342","0","836887.125","23710528","2","1","false","0.0016000651521608233","C41H71O8P+K+"
"Pacific Northwest National Laboratory","20201130_jl_lungmap_agarose_1","2020-12-01_22h59m24s","C26H50NO7P","M+H","","C26H50NO7P+H+","520.339766375","0.04447116","0.5","0.05023455235468246","0.9153016687940387","0.9671896631287494","LysoPC(18:2(9Z,12Z)), 2-linoleoyl-sn-glycero-3-phosphocholine","HMDB0010386, HMDB0062711","0","452674.03125","394423392","2","0","false","0.000018945445845020004",""
"Pacific Northwest National Laboratory","20201130_jl_lungmap_agarose_1","2020-12-01_22h59m24s","C12H11NO4","M+K","","C12H11NO4+K+","272.031965725","0.045555383","0.5","0.05716716885878665","0.8027028496268165","0.9927461139896373","Casimiroin","HMDB0033349","0","189104.109375","25956254","1","0","false","0.0002752667642198503",""
"Pacific Northwest National Laboratory","20201130_jl_lungmap_agarose_1","2020-12-01_22h59m24s","C21H39NO4","M+H","","C21H39NO4+H+","370.29518516300004","0.04573833","0.5","0.049875112608045565","0.9378029591029183","0.9778782802903406","trans-2-Tetradecenoylcarnitine, cis-5-Tetradecenoylcarnitine, O-(2-tetradecenoyl)carnitine","HMDB0013329, HMDB0002014, HMDB0062588","0","408709.53125","509150880","3","0","false","0.00001793843875930179",""
"Pacific Northwest National Laboratory","20201130_jl_lungmap_agarose_1","2020-12-01_22h59m24s","C43H69O8P","M+H","","C43H69O8P+H+","745.480282603","0.04582272","0.5","0.05462551132047896","0.842896861243673","0.9952012628255722","PA(18:2(9Z,12Z)/22:6(4Z,7Z,10Z,13Z,16Z,19Z)), PA(18:3(6Z,9Z,12Z)/22:5(4Z,7Z,10Z,13Z,16Z)), PA(18:3(6Z,9Z,12Z)/22:5(7Z,10Z,13Z,16Z,19Z)), PA(18:3(9Z,12Z,15Z)/22:5(4Z,7Z,10Z,13Z,16Z)), PA(18:3(9Z,12Z,15Z)/22:5(7Z,10Z,13Z,16Z,19Z)), PA(18:4(6Z,9Z,12Z,15Z)/22:4(7Z,10Z,13Z,16Z)), PA(20:3(5Z,8Z,11Z)/20:5(5Z,8Z,11Z,14Z,17Z)), PA(20:4(5Z,8Z,11Z,14Z)/20:4(5Z,8Z,11Z,14Z)), PA(20:4(5Z,8Z,11Z,14Z)/20:4(8Z,11Z,14Z,17Z)), PA(20:4(8Z,11Z,14Z,17Z)/20:4(5Z,8Z,11Z,14Z)), PA(20:4(8Z,11Z,14Z,17Z)/20:4(8Z,11Z,14Z,17Z)), PA(20:5(5Z,8Z,11Z,14Z,17Z)/20:3(5Z,8Z,11Z)), PA(22:4(7Z,10Z,13Z,16Z)/18:4(6Z,9Z,12Z,15Z)), PA(22:5(4Z,7Z,10Z,13Z,16Z)/18:3(6Z,9Z,12Z)), PA(22:5(4Z,7Z,10Z,13Z,16Z)/18:3(9Z,12Z,15Z)), PA(22:5(7Z,10Z,13Z,16Z,19Z)/18:3(6Z,9Z,12Z)), PA(22:5(7Z,10Z,13Z,16Z,19Z)/18:3(9Z,12Z,15Z)), PA(22:6(4Z,7Z,10Z,13Z,16Z,19Z)/18:2(9Z,12Z)), PA(20:3(8Z,11Z,14Z)/20:5(5Z,8Z,11Z,14Z,17Z)), PA(20:5(5Z,8Z,11Z,14Z,17Z)/20:3(8Z,11Z,14Z))","HMDB0114970, HMDB0114995, HMDB0114996, HMDB0115022, HMDB0115023, HMDB0115048, HMDB0115135, HMDB0115159, HMDB0115160, HMDB0115186, HMDB0115187, HMDB0115211, HMDB0115333, HMDB0115358, HMDB0115359, HMDB0115384, HMDB0115385, HMDB0115409, HMDB0115577, HMDB0115588","0","7096512.5","11324654592","20","2","false","0.00002417680479993578","C41H71O8P+Na+, C37H72NO10P+Na+"
"Pacific Northwest National Laboratory","20201130_jl_lungmap_agarose_1","2020-12-01_22h59m24s","C45H82NO7P","M+H","","C45H82NO7P+H+","780.5901673989999","0.046319183","0.5","0.055944808215341105","0.8351447145072952","0.9913781697905182","PE(22:4(7Z,10Z,13Z,16Z)/P-18:0), PE(P-18:0/22:4(7Z,10Z,13Z,16Z))","HMDB0009610, HMDB0011391","0","1964652.125","3262849536","2","1","false","0.000033698026527417824","C43H84NO7P+Na+"
"Pacific Northwest National Laboratory","20201130_jl_lungmap_agarose_1","2020-12-01_22h59m24s","C21H16O12","M+K","","C21H16O12+K+","499.027333845","0.04635995","0.5","0.06918623171631812","0.6710328263528522","0.9985723033291437","6-({13,14-dihydroxy-9-oxo-8,17-dioxatetracyclo[8.7.0.0²,⁷.0¹¹,¹⁶]heptadeca-1(10),2(7),3,5,11(16),12,14-heptaen-5-yl}oxy)-3,4,5-trihydroxyoxane-2-carboxylic acid, 6-({5,13-dihydroxy-9-oxo-8,17-dioxatetracyclo[8.7.0.0²,⁷.0¹¹,¹⁶]heptadeca-1(10),2(7),3,5,11,13,15-heptaen-14-yl}oxy)-3,4,5-trihydroxyoxane-2-carboxylic acid, 6-({5,14-dihydroxy-9-oxo-8,17-dioxatetracyclo[8.7.0.0²,⁷.0¹¹,¹⁶]heptadeca-1(10),2(7),3,5,11,13,15-heptaen-13-yl}oxy)-3,4,5-trihydroxyoxane-2-carboxylic acid","HMDB0128488, HMDB0128489, HMDB0128490","0","819791.375","2757428480","3","0","false","0.000008233653716160916",""
"Pacific Northwest National Laboratory","20201130_jl_lungmap_agarose_1","2020-12-01_22h59m24s","C11H14O8S","M+Na","","C11H14O8S+Na+","329.030159261","0.04642348","0.5","0.05018940651224966","0.9577473367879364","0.9657721872816213","4-Hydroxy-5-(dihydroxyphenyl)-valeric acid-O-sulphate, 4-hydroxy-5-[4-hydroxy-3-(sulfooxy)phenyl]pentanoic acid, 5-(3,4-dihydroxyphenyl)-4-(sulfooxy)pentanoic acid, {[3-(4,5-dihydroxy-2,3-dimethoxyphenyl)prop-2-en-1-yl]oxy}sulfonic acid","HMDB0059978, HMDB0127746, HMDB0127747, HMDB0128720","0","283052.53125","372214240","4","0","false","0.00002360564212722238",""
"Pacific Northwest National Laboratory","20201130_jl_lungmap_agarose_1","2020-12-01_22h59m24s","C10H15N5O10P2","M+H","","C10H15N5O10P2+H+","428.03669211500005","0.046436567","0.5","0.04857421928561159","0.9647980548877688","0.990872711792252","Adenosine 3',5'-diphosphate, dGDP, ADP","HMDB0000061, HMDB0000960, HMDB0001341","0","965385.75","870859712","3","2","false","0.00011156347318319604","C11H20NO12P+K+, C12H16N5O8P+K+"
"Pacific Northwest National Laboratory","20201130_jl_lungmap_agarose_1","2020-12-01_22h59m24s","C14H20O10S","M+H","","C14H20O10S+H+","381.084994445","0.046499174","0.5","0.04914525939406685","0.9475417900075174","0.9985394855887295","4-Methoxybenzyl O-(2-sulfoglucoside)","HMDB0034754","0","582216.625","2264331776","1","3","false","0.0001374948478769511","C18H18N2O5+K+, C11H23N2O7PS+Na+, C19H16O7+Na+"
"Pacific Northwest National Laboratory","20201130_jl_lungmap_agarose_1","2020-12-01_22h59m24s","C25H47NO5","M+H","","C25H47NO5+H+","442.352700039","0.046636593","0.5","0.052352319788924864","0.9214042041766166","0.9668089951608312","3-Hydroxy-11Z-octadecenoylcarnitine, 3-Hydroxy-9Z-octadecenoylcarnitine","HMDB0013339, HMDB0013340","0","396528.125","189108272","2","0","false","0.00009688258433016017",""
"Pacific Northwest National Laboratory","20201130_jl_lungmap_agarose_1","2020-12-01_22h59m24s","C12H22O11","M+K","","C12H22O11+K+","381.079369417","0.046736516","0.5","0.04926762229583803","0.9500438966312841","0.9985069025599785","D-Maltose, Melibiose, Cellobiose, Alpha-Lactose, Sucrose, Lactulose, Trehalose, Isomaltose, Galactinol, 3-b-Galactopyranosyl glucose, Epimelibiose, Kojibiose, Turanose, Neotrehalose, Sakebiose, Inulobiose, Galabiose, Maltulose, Mannobiose, DEAE-cellulose, Allolactose, Glucinol, Trehalulose, Fagopyritol A1, beta-Lactose, Glucose-1,3-mannose oligosaccharide, 2-{[3,4-dihydroxy-2,5-bis(hydroxymethyl)oxolan-2-yl]oxy}-6-(hydroxymethyl)oxane-3,4,5-triol, 6-({[3,4,5-trihydroxy-6-(hydroxymethyl)oxan-2-yl]oxy}methyl)oxane-2,3,4,5-tetrol","HMDB0000163, HMDB0000048, HMDB0000055, HMDB0000186, HMDB0000258, HMDB0000740, HMDB0000975, HMDB0002923, HMDB0005826, HMDB0006603, HMDB0006792, HMDB0011742, HMDB0011740, HMDB0029880, HMDB0029882, HMDB0029898, HMDB0029902, HMDB0029919, HMDB0029933, HMDB0033368, HMDB0038489, HMDB0039237, HMDB0039727, HMDB0039876, HMDB0041627, HMDB0060068, HMDB0125600, HMDB0133305","0","853311.125","4752192512","28","1","false","0.0000716320937499404","C15H18O10+Na+"
"Pacific Northwest National Laboratory","20201130_jl_lungmap_agarose_1","2020-12-01_22h59m24s","C14H14O8","M+K","","C14H14O8+K+","349.032025301","0.046928834","0.5","0.049733857262940884","0.9453939664571716","0.9981017395730412","Mono-trans-p-coumaroylmesotartaric acid, 6-(1-benzofuran-4-yloxy)-3,4,5-trihydroxyoxane-2-carboxylic acid","HMDB0029783, HMDB0129414","0","671781.3125","2663236352","2","1","false","0.00055536167928949","C17H10O7+Na+"
"Pacific Northwest National Laboratory","20201130_jl_lungmap_agarose_1","2020-12-01_22h59m24s","C12H18O13","M+K","","C12H18O13+K+","409.037898529","0.046932004","0.5","0.05072102947201495","0.9579571168424398","0.9659062103929024","4-O-alpha-D-Galactopyranuronosyl-D-galacturonic acid","HMDB0039721","0","294588.3125","44270212","1","0","false","0.0004318049468565732",""
"Pacific Northwest National Laboratory","20201130_jl_lungmap_agarose_1","2020-12-01_22h59m24s","C19H19NO4","M+K","","C19H19NO4+K+","364.094565981","0.046955463","0.5","0.04989108428969434","0.9776801623987988","0.9626455026455026","Nornantenine, Palaudine, Cassythicine, Isodomesticine, Romucosine A, Junosine","HMDB0030245, HMDB0032143, HMDB0033354, HMDB0033360, HMDB0036987, HMDB0038145","0","398197.71875","389318848","6","3","false","0.00006023490277584642","C12H20O11+Na+, C19H18O6+Na+, C16H22O7+K+"
"Pacific Northwest National Laboratory","20201130_jl_lungmap_agarose_1","2020-12-01_22h59m24s","C37H66O8","M+Na","","C37H66O8+Na+","661.464989755","0.047351602","0.5","0.055351507447885945","0.8693962722936831","0.983982683982684","Purpurenin, Annoglaucin, Muricatin C, Rollidecin A, Bullatetrocin, Rollitacin, Mucocin, Glabracin A, 12,15-cis-Squamostatin A, Rollimusin, 20,23-cis-Bullatalicinone, Bullatanocin, Annonin XIV, 27-Hydroxybullatacin, 9-Hydroxyasimicinone, Purpureacin 2","HMDB0032588, HMDB0029962, HMDB0029963, HMDB0030440, HMDB0030445, HMDB0031136, HMDB0031391, HMDB0032113, HMDB0033423, HMDB0034622, HMDB0034628, HMDB0034739, HMDB0034740, HMDB0034819, HMDB0036547, HMDB0040839","0","473782.90625","20341448","16","0","false","0.0018307866994291544",""
"Pacific Northwest National Laboratory","20201130_jl_lungmap_agarose_1","2020-12-01_22h59m24s","C54H88O23","M+Na","","C54H88O23+Na+","1127.5608597589999","0.047451567","0.5","0.05265944238170118","0.90373493512287","0.9970873786407767","Araliasaponin V, Medinoside E, Araloside G","HMDB0039412, HMDB0040826, HMDB0040850","0","257888.390625","37039160","3","0","false","0.00021349391317926347",""
"Pacific Northwest National Laboratory","20201130_jl_lungmap_agarose_1","2020-12-01_22h59m24s","C43H78NO8P","M+Na","","C43H78NO8P+Na+","790.535726139","0.04797867","0.5","0.05712051073963728","0.8437687737576264","0.9954803175117447","PC(15:0/20:4(5Z,8Z,11Z,14Z)), PC(15:0/20:4(8Z,11Z,14Z,17Z)), PC(20:4(5Z,8Z,11Z,14Z)/15:0), PC(20:4(8Z,11Z,14Z,17Z)/15:0), PE(16:0/22:4(7Z,10Z,13Z,16Z)), PE(16:1(9Z)/20:3(8Z,11Z,14Z)), PE(18:0/20:4(5Z,8Z,11Z,14Z)), PE(18:0/20:4(8Z,11Z,14Z,17Z)), PE(18:1(11Z)/20:3(5Z,8Z,11Z)), PE(18:1(11Z)/20:3(8Z,11Z,14Z)), PE(18:1(9Z)/20:3(5Z,8Z,11Z)), PE(18:1(9Z)/20:3(8Z,11Z,14Z)), PE(18:2(9Z,12Z)/20:2(11Z,14Z)), PE(18:3(6Z,9Z,12Z)/20:1(11Z)), PE(18:3(9Z,12Z,15Z)/20:1(11Z)), PE(18:4(6Z,9Z,12Z,15Z)/20:0), PE(20:0/18:4(6Z,9Z,12Z,15Z)), PE(20:1(11Z)/18:3(6Z,9Z,12Z)), PE(20:1(11Z)/18:3(9Z,12Z,15Z)), PE(20:2(11Z,14Z)/18:2(9Z,12Z)), PE(20:3(5Z,8Z,11Z)/18:1(11Z)), PE(20:3(5Z,8Z,11Z)/18:1(9Z)), PE(20:3(8Z,11Z,14Z)/18:1(11Z)), PE(20:3(8Z,11Z,14Z)/18:1(9Z)), PE(20:4(5Z,8Z,11Z,14Z)/18:0), PE(20:4(8Z,11Z,14Z,17Z)/18:0), PE(22:4(7Z,10Z,13Z,16Z)/16:0), PE-NMe(15:0/22:4(7Z,10Z,13Z,16Z)), PE-NMe(22:4(7Z,10Z,13Z,16Z)/15:0), PE-NMe2(14:0/22:4(7Z,10Z,13Z,16Z)), PE-NMe2(16:0/20:4(5Z,8Z,11Z,14Z)), PE-NMe2(16:1(9Z)/20:3(5Z,8Z,11Z)), PE-NMe2(16:1(9Z)/20:3(8Z,11Z,14Z)), PE-NMe2(18:0/18:4(6Z,9Z,12Z,15Z)), PE-NMe2(18:1(11Z)/18:3(6Z,9Z,12Z)), PE-NMe2(18:1(11Z)/18:3(9Z,12Z,15Z)), PE-NMe2(18:1(9Z)/18:3(6Z,9Z,12Z)), PE-NMe2(18:1(9Z)/18:3(9Z,12Z,15Z)), PE-NMe2(18:2(9Z,12Z)/18:2(9Z,12Z)), PE-NMe2(18:3(6Z,9Z,12Z)/18:1(11Z)), PE-NMe2(18:3(6Z,9Z,12Z)/18:1(9Z)), PE-NMe2(18:3(9Z,12Z,15Z)/18:1(11Z)), PE-NMe2(18:3(9Z,12Z,15Z)/18:1(9Z)), PE-NMe2(18:4(6Z,9Z,12Z,15Z)/18:0), PE-NMe2(20:3(5Z,8Z,11Z)/16:1(9Z)), PE-NMe2(20:3(8Z,11Z,14Z)/16:1(9Z)), PE-NMe2(20:4(5Z,8Z,11Z,14Z)/16:0), PE-NMe2(20:4(8Z,11Z,14Z,17Z)/16:0), PE-NMe2(22:4(7Z,10Z,13Z,16Z)/14:0), PE-NMe2(16:0/20:4(8Z,11Z,14Z,17Z))","HMDB0007949, HMDB0007950, HMDB0008428, HMDB0008461, HMDB0008943, HMDB0008969, HMDB0009003, HMDB0009004, HMDB0009034, HMDB0009035, HMDB0009067, HMDB0009068, HMDB0009099, HMDB0009131, HMDB0009164, HMDB0009196, HMDB0009228, HMDB0009259, HMDB0009260, HMDB0009291, HMDB0009322, HMDB0009323, HMDB0009355, HMDB0009356, HMDB0009387, HMDB0009420, HMDB0009583, HMDB0113034, HMDB0113594, HMDB0113893, HMDB0113951, HMDB0113971, HMDB0113972, HMDB0113993, HMDB0114018, HMDB0114019, HMDB0114045, HMDB0114046, HMDB0114073, HMDB0114100, HMDB0114101, HMDB0114129, HMDB0114130, HMDB0114157, HMDB0114272, HMDB0114300, HMDB0114327, HMDB0114355, HMDB0114495, HMDB0116711","0","1974884.75","4525596160","50","0","false","0.00003205148095730692",""
"Pacific Northwest National Laboratory","20201130_jl_lungmap_agarose_1","2020-12-01_22h59m24s","C11H23N2O7PS","M+Na","","C11H23N2O7PS+Na+","381.08557992900006","0.04805437","0.5","0.05023181752857272","0.9580512963911362","0.9985394855887295","Pantetheine 4'-phosphate","HMDB0001416","0","582216.625","2264331776","1","2","false","0.0001374948478769511","C18H18N2O5+K+, C14H20O10S+H+"
"Pacific Northwest National Laboratory","20201130_jl_lungmap_agarose_1","2020-12-01_22h59m24s","C17H14Cl2F2N2O4","M+H","","C17H14Cl2F2N2O4+H+","419.037145083","0.04822236","0.5","0.061568969570220684","0.784681588509702","0.9981438137962421","Roflumilast N-oxide","HMDB0060590","0","550814.1875","2379249920","1","1","false","0.00008442502439720556","C20H14O8+K+"
"Pacific Northwest National Laboratory","20201130_jl_lungmap_agarose_1","2020-12-01_22h59m24s","C43H84NO7P","M+Na","","C43H84NO7P+Na+","780.5877617109999","0.048941243","0.5","0.05833646276898565","0.8456812327412034","0.9920378151260504","PE(20:0/P-18:1(11Z)), PE(20:0/P-18:1(9Z)), PE(20:1(11Z)/P-18:0), PE(22:1(13Z)/P-16:0), PE(P-16:0/22:1(13Z)), PE(P-18:0/20:1(11Z)), PE(P-18:1(11Z)/20:0), PE(P-18:1(9Z)/20:0)","HMDB0009248, HMDB0009249, HMDB0009280, HMDB0009543, HMDB0011356, HMDB0011381, HMDB0011413, HMDB0011446","0","1964652.125","3357022208","8","1","false","0.000027955888072028756","C45H82NO7P+H+"
"Pacific Northwest National Laboratory","20201130_jl_lungmap_agarose_1","2020-12-01_22h59m24s","C10H15N2O8P","M+K","","C10H15N2O8P+K+","361.019760333","0.049095105","0.5","0.051887932474559986","0.969488501039897","0.9759535655058044","5-Thymidylic acid","HMDB0001227","0","402841.65625","69672392","1","0","false","0.00006886813207529485",""
"Pacific Northwest National Laboratory","20201130_jl_lungmap_agarose_1","2020-12-01_22h59m24s","C23H24O13","M+K","","C23H24O13+K+","547.084848721","0.04950243","0.5","0.05441386011863298","0.9162057982061852","0.9929420939754338","Limocitrin 3-glucoside, Spinacetin 3-glucoside, 4',8-Dimethylgossypetin 3-glucoside, 6-{3,5-dihydroxy-2-[3-(4-hydroxy-3,5-dimethoxyphenyl)prop-2-enoyl]phenoxy}-3,4,5-trihydroxyoxane-2-carboxylic acid, 6-{3,5-dihydroxy-4-[3-(4-hydroxy-3,5-dimethoxyphenyl)prop-2-enoyl]phenoxy}-3,4,5-trihydroxyoxane-2-carboxylic acid, 6-{2,6-dimethoxy-4-[3-oxo-3-(2,4,6-trihydroxyphenyl)prop-1-en-1-yl]phenoxy}-3,4,5-trihydroxyoxane-2-carboxylic acid, 6-{3,5-dihydroxy-2-[3-(3-hydroxy-4,5-dimethoxyphenyl)prop-2-enoyl]phenoxy}-3,4,5-trihydroxyoxane-2-carboxylic acid, 6-{3,5-dihydroxy-4-[3-(3-hydroxy-4,5-dimethoxyphenyl)prop-2-enoyl]phenoxy}-3,4,5-trihydroxyoxane-2-carboxylic acid, 6-{2,3-dimethoxy-5-[3-oxo-3-(2,4,6-trihydroxyphenyl)prop-1-en-1-yl]phenoxy}-3,4,5-trihydroxyoxane-2-carboxylic acid, 6-{3,5-dihydroxy-2-methoxy-6-[3-(3-methoxyphenyl)-2-oxopropanoyl]phenoxy}-3,4,5-trihydroxyoxane-2-carboxylic acid, 6-{3,5-dihydroxy-2-methoxy-4-[3-(3-methoxyphenyl)-2-oxopropanoyl]phenoxy}-3,4,5-trihydroxyoxane-2-carboxylic acid, 6-{3,5-dihydroxy-4-methoxy-2-[3-(3-methoxyphenyl)-2-oxopropanoyl]phenoxy}-3,4,5-trihydroxyoxane-2-carboxylic acid","HMDB0029517, HMDB0037468, HMDB0037753, HMDB0124888, HMDB0124889, HMDB0124890, HMDB0124904, HMDB0124905, HMDB0124906, HMDB0128788, HMDB0128789, HMDB0128790","0","473798.21875","1003216640","12","0","false","0.00003381484930287115",""
"Pacific Northwest National Laboratory","20201130_jl_lungmap_agarose_1","2020-12-01_22h59m24s","C24H22O12","M+K","","C24H22O12+K+","541.074284037","0.049925115","0.5","0.055358049034752416","0.9104691438265328","0.9905424200278165","6''-O-Malonyldaidzin, 3,4,5-trihydroxy-6-({11-methoxy-13-oxo-6,8,20-trioxapentacyclo[10.8.0.0²,⁹.0³,⁷.0¹⁴,¹⁹]icosa-1(12),2(9),10,14(19),15,17-hexaen-15-yl}oxy)oxane-2-carboxylic acid, 3,4,5-trihydroxy-6-({15-methoxy-13-oxo-6,8,20-trioxapentacyclo[10.8.0.0²,⁹.0³,⁷.0¹⁴,¹⁹]icosa-1,9,11,14,16,18-hexaen-11-yl}oxy)oxane-2-carboxylic acid, 3,4,5-trihydroxy-6-{2-hydroxy-5-[3-(4-methoxy-1-benzofuran-5-yl)-3-oxopropanoyl]phenoxy}oxane-2-carboxylic acid, 3,4,5-trihydroxy-6-{2-hydroxy-4-[3-(4-methoxy-1-benzofuran-5-yl)-3-oxopropanoyl]phenoxy}oxane-2-carboxylic acid, 6-[1-(3,4-dihydroxyphenyl)-3-(4-methoxy-1-benzofuran-5-yl)-1,3-dioxopropan-2-yl]-3,4,5-trihydroxyoxane-2-carboxylic acid","HMDB0041263, HMDB0128883, HMDB0128896, HMDB0129388, HMDB0129389, HMDB0129390","0","439850.875","856977664","6","0","false","0.00004282875306671485",""
"Pacific Northwest National Laboratory","20201130_jl_lungmap_agarose_1","2020-12-01_22h59m24s","C29H27F3N6O","M+K","","C29H27F3N6O+K+","571.183001857","0.05005683","0.5","0.057413539128690814","0.8923159555084144","0.9770805715127412","Ponatinib","HMDB0240214","0","632674.6875","480360896","1","0","false","0.00013599898375105113",""
"Pacific Northwest National Laboratory","20201130_jl_lungmap_agarose_1","2020-12-01_22h59m24s","C30H22O8","M+Na","","C30H22O8+Na+","533.1206883469999","0.05021092","0.5","0.05610486654179484","0.9000961494971358","0.9942800369029877","Palmidin A","HMDB0034038","0","585840.125","964483072","1","0","false","0.00004778442962560803",""
"Pacific Northwest National Laboratory","20201130_jl_lungmap_agarose_1","2020-12-01_22h59m24s","C14H14N8O4S3","M+H","","C14H14N8O4S3+H+","455.037290873","0.050238322","0.5","0.05429616269155696","0.9267675060208777","0.9983784147490243","Cefazolin","HMDB0015422","0","688932.125","2716866048","1","0","false","0.000009938098628481384",""
"Pacific Northwest National Laboratory","20201130_jl_lungmap_agarose_1","2020-12-01_22h59m24s","C45H78NO10P","M+Na","","C45H78NO10P+Na+","846.5255553789999","0.050283223","0.5","0.0618974737039885","0.8346689179657965","0.9732758620689655","PE(DiMe(11,3)/DiMe(11,3)), PE(DiMe(11,3)/DiMe(9,5)), PE(DiMe(11,5)/DiMe(9,3)), PE(DiMe(9,3)/DiMe(11,5)), PE(DiMe(9,5)/DiMe(11,3)), PE(DiMe(9,5)/DiMe(9,5)), PE(MonoMe(11,3)/MonoMe(11,5)), PE(MonoMe(11,5)/MonoMe(11,3)), PE(MonoMe(11,5)/MonoMe(9,5)), PE(MonoMe(9,5)/MonoMe(11,5)), PE-NMe(11D3/9M5), PE-NMe(11D3/11M3), PE-NMe(11M3/11D3), PE-NMe(11M3/9D5), PE-NMe(11M5/9D3), PE-NMe(9D3/11M5), PE-NMe(9D5/11M3), PE-NMe(9D5/9M5), PE-NMe(9M5/11D3), PE-NMe(9M5/9D5), PE-NMe2(11D3/9D3), PE-NMe2(11M3/11M3), PE-NMe2(11M3/9M5), PE-NMe2(9D3/11D3), PE-NMe2(9D3/9D5), PE-NMe2(9D5/9D3), PE-NMe2(9M5/11M3), PE-NMe2(9M5/9M5)","HMDB0061471, HMDB0061475, HMDB0061483, HMDB0061499, HMDB0061507, HMDB0061511, HMDB0061522, HMDB0061530, HMDB0061533, HMDB0061549, HMDB0113764, HMDB0113758, HMDB0113774, HMDB0113781, HMDB0113789, HMDB0113813, HMDB0113821, HMDB0113827, HMDB0113828, HMDB0113835, HMDB0114666, HMDB0114680, HMDB0114686, HMDB0114714, HMDB0114721, HMDB0114729, HMDB0114733, HMDB0114739","0","1108829.125","125546616","28","0","false","0.00042362965177744627",""
"Pacific Northwest National Laboratory","20201130_jl_lungmap_agarose_1","2020-12-01_22h59m24s","C18H22O4","M+K","","C18H22O4+K+","341.114967077","0.050929125","0.5","0.054890587955952176","0.9330835794171418","0.9943694909156323","6-Ketoestriol, Enterodiol, Nordihydroguaiaretate, Masoprocol, Verimol D, 4-(1-hydroxy-3-phenylpropyl)-5-methoxy-2,6-dimethylbenzene-1,3-diol","HMDB0000530, HMDB0005056, HMDB0012270, HMDB0014325, HMDB0036472, HMDB0126616","0","879028.75","402589344","6","0","false","0.00003074995765928179",""
"Pacific Northwest National Laboratory","20201130_jl_lungmap_agarose_1","2020-12-01_22h59m24s","C66H106O6","M+K","","C66H106O6+K+","1033.762099005","0.05131864","0.5","0.06939311990494534","0.7495904708171004","0.9865853658536585","TG(22:4(7Z,10Z,13Z,16Z)/18:2(9Z,12Z)/22:5(7Z,10Z,13Z,16Z,19Z))","HMDB0054781","0","884650.9375","24683716","1","0","false","0.0004715374670922756",""
"Pacific Northwest National Laboratory","20201130_jl_lungmap_agarose_1","2020-12-01_22h59m24s","C53H90NO12P","M+Na","","C53H90NO12P+Na+","986.6092850029999","0.05138479","0.5","0.06603271537880223","0.8099958081214339","0.9607108081791627","PS(DiMe(13,5)/MonoMe(13,5)), PS(MonoMe(13,5)/DiMe(13,5))","HMDB0061577, HMDB0061617","0","558276.125","533412032","2","0","false","0.000014168645066092722",""
"Pacific Northwest National Laboratory","20201130_jl_lungmap_agarose_1","2020-12-01_22h59m24s","C25H38O4","M+H","","C25H38O4+H+","403.28428613100004","0.05343135","0.5","0.058460014431738774","0.9169051231492588","0.9968110068259386","7b-Hydroxy-3-oxo-5b-cholanoic acid, MG(0:0/22:6(4Z,7Z,10Z,13Z,16Z,19Z)/0:0), MG(22:6(4Z,7Z,10Z,13Z,16Z,19Z)/0:0/0:0)","HMDB0000541, HMDB0011557, HMDB0011587","0","928745.25","2662648576","3","0","false","0.00003380259659024887",""
"Pacific Northwest National Laboratory","20201130_jl_lungmap_agarose_1","2020-12-01_22h59m24s","C43H32O19","M+K","","C43H32O19+K+","891.116936697","0.053441856","0.5","0.06481264133540085","0.8305158714639833","0.992827657378741","Theaflavate A","HMDB0033070","0","576347.5625","225143360","1","0","false","0.024268509820103645",""
"Pacific Northwest National Laboratory","20201130_jl_lungmap_agarose_1","2020-12-01_22h59m24s","C16H18O8","M+K","","C16H18O8+K+","377.063325429","0.054033346","0.5","0.05779703274206171","0.9372780051397436","0.9974425558703179","3-O-p-Coumaroylquinic acid, alpha-Hydrojuglone 4-O-b-D-glucoside, Hydrojuglone glucoside, 3,4,5-trihydroxy-6-{[(2E)-2-methyl-3-phenylprop-2-enoyl]oxy}oxane-2-carboxylic acid, 3,4,5-trihydroxy-6-[(2Z)-3-oxo-2-(phenylmethylidene)propoxy]oxane-2-carboxylic acid, 3,4,5-trihydroxy-6-{3-[(1Z)-2-methyl-3-oxoprop-1-en-1-yl]phenoxy}oxane-2-carboxylic acid, 3,4,5-trihydroxy-6-{4-[(1Z)-2-methyl-3-oxoprop-1-en-1-yl]phenoxy}oxane-2-carboxylic acid, 3,4,5-trihydroxy-6-{2-[(1Z)-2-methyl-3-oxoprop-1-en-1-yl]phenoxy}oxane-2-carboxylic acid, 3,4,5-trihydroxy-6-{[(3E)-2-oxo-4-phenylbut-3-en-1-yl]oxy}oxane-2-carboxylic acid, 3,4,5-trihydroxy-6-{3-[(1E)-3-oxobut-1-en-1-yl]phenoxy}oxane-2-carboxylic acid, 3,4,5-trihydroxy-6-{4-[(1E)-3-oxobut-1-en-1-yl]phenoxy}oxane-2-carboxylic acid, 3,4,5-trihydroxy-6-{2-[(1E)-3-oxobut-1-en-1-yl]phenoxy}oxane-2-carboxylic acid","HMDB0029681, HMDB0034242, HMDB0041191, HMDB0133621, HMDB0133622, HMDB0133625, HMDB0133628, HMDB0133633, HMDB0133756, HMDB0133758, HMDB0133760, HMDB0133764","0","530497.25","1797638912","12","1","false","0.00003333769927849062","C19H14O7+Na+"
"Pacific Northwest National Laboratory","20201130_jl_lungmap_agarose_1","2020-12-01_22h59m24s","C27H42N7O19P3S","M+K","","C27H42N7O19P3S+K+","932.110062187","0.054066263","0.5","0.06273803645458428","0.8948513740259465","0.9630404463040446","3-Methylglutaconyl-CoA, 5-Carboxy-2-pentenoyl-CoA","HMDB0001057, HMDB0060392","0","416328.125","62205128","2","0","false","0.030731642618775368",""
"Pacific Northwest National Laboratory","20201130_jl_lungmap_agarose_1","2020-12-01_22h59m24s","C14H20N6O5Se","M+K","","C14H20N6O5Se+K+","465.035151533","0.054391503","0.5","0.07055234717374446","0.7996434055023222","0.9641025641025641","Se-Adenosylselenohomocysteine, Se-Adenosyl-L-selenohomocysteine","HMDB0011117, HMDB0062526","0","253229.59375","22776552","2","0","false","0.006844014395028353",""
"Pacific Northwest National Laboratory","20201130_jl_lungmap_agarose_1","2020-12-01_22h59m24s","C16H20O9","M+K","","C16H20O9+K+","395.073890113","0.054460157","0.5","0.058286018459689067","0.9364591311711826","0.9977590138235714","1-O-Feruloylglucose, Veranisatin B, 1-O-2'-Hydroxy-4'-methoxycinnamoyl-b-D-glucose, (3,4,5,6-tetrahydroxyoxan-2-yl)methyl 3-(4-hydroxy-3-methoxyphenyl)prop-2-enoate, (3,4,5,6-tetrahydroxyoxan-2-yl)methyl (2E)-3-(4-hydroxy-3-methoxyphenyl)prop-2-enoate, 3,4,5-trihydroxy-6-{[3-(3-methoxyphenyl)propanoyl]oxy}oxane-2-carboxylic acid, 3,4,5-trihydroxy-6-{[2-(4-methoxyphenyl)propanoyl]oxy}oxane-2-carboxylic acid, 3,4,5-trihydroxy-6-[2-hydroxy-3-methoxy-5-(prop-2-en-1-yl)phenoxy]oxane-2-carboxylic acid, 3,4,5-trihydroxy-6-[2-hydroxy-6-methoxy-4-(prop-2-en-1-yl)phenoxy]oxane-2-carboxylic acid, 3,4,5-trihydroxy-6-{2-methoxy-4-[(oxiran-2-yl)methyl]phenoxy}oxane-2-carboxylic acid, 3,4,5-trihydroxy-6-[3-hydroxy-2-methoxy-4-(prop-2-en-1-yl)phenoxy]oxane-2-carboxylic acid, 3,4,5-trihydroxy-6-[3-hydroxy-2-methoxy-6-(prop-2-en-1-yl)phenoxy]oxane-2-carboxylic acid, 3,4,5-trihydroxy-6-[5-hydroxy-2-methoxy-4-(prop-2-en-1-yl)phenoxy]oxane-2-carboxylic acid, 3,4,5-trihydroxy-6-[5-hydroxy-4-methoxy-2-(prop-2-en-1-yl)phenoxy]oxane-2-carboxylic acid, 3,4,5-trihydroxy-6-[2-(3-hydroxyprop-1-en-1-yl)-5-methoxyphenoxy]oxane-2-carboxylic acid, 3,4,5-trihydroxy-6-{[3-(4-methoxyphenyl)oxiran-2-yl]methoxy}oxane-2-carboxylic acid, 3,4,5-trihydroxy-6-[2-hydroxy-4-(3-oxobutyl)phenoxy]oxane-2-carboxylic acid, 3,4,5-trihydroxy-6-[2-hydroxy-5-(3-oxobutyl)phenoxy]oxane-2-carboxylic acid, 3,4,5-trihydroxy-6-{[1-(4-methoxyphenyl)-3-oxopropan-2-yl]oxy}oxane-2-carboxylic acid, 3,4,5-trihydroxy-6-[1-(4-methoxyphenyl)-3-oxopropoxy]oxane-2-carboxylic acid","HMDB0036938, HMDB0040664, HMDB0040866, HMDB0125101, HMDB0125187, HMDB0127986, HMDB0129982, HMDB0135259, HMDB0135260, HMDB0135262, HMDB0135265, HMDB0135266, HMDB0135267, HMDB0135268, HMDB0135658, HMDB0135660, HMDB0135703, HMDB0135704, HMDB0135743, HMDB0135745","0","507813.53125","2010088064","20","0","false","0.00004181600525043905",""
"Pacific Northwest National Laboratory","20201130_jl_lungmap_agarose_1","2020-12-01_22h59m24s","C13H25NO4","M+H","","C13H25NO4+H+","260.185634715","0.05466595","0.5","0.05697514169829486","0.9613572283713787","0.9980371192806426","L-Hexanoylcarnitine, Hexanoylcarnitine","HMDB0000756, HMDB0000705","0","2038220.125","7181029888","2","0","false","0.00008102718129521236",""
"Pacific Northwest National Laboratory","20201130_jl_lungmap_agarose_1","2020-12-01_22h59m24s","C20H32N6O12S2","M+K","","C20H32N6O12S2+K+","651.115120697","0.05519678","0.5","0.06172558872056759","0.9020272838364576","0.9913541666666666","Oxidized glutathione","HMDB0003337","0","835142.5625","1473593088","1","2","false","0.00003628805643529631","C20H29N4O17P+Na+, C30H28O13S+Na+"
"Pacific Northwest National Laboratory","20201130_jl_lungmap_agarose_1","2020-12-01_22h59m24s","C47H74O5","M+K","","C47H74O5+K+","757.5167833610001","0.05519767","0.5","0.06787418839456662","0.8184052008492708","0.9936826585006238","DG(22:4(7Z,10Z,13Z,16Z)/22:5(4Z,7Z,10Z,13Z,16Z)/0:0), DG(22:4(7Z,10Z,13Z,16Z)/22:5(7Z,10Z,13Z,16Z,19Z)/0:0), DG(22:5(4Z,7Z,10Z,13Z,16Z)/22:4(7Z,10Z,13Z,16Z)/0:0), DG(22:5(7Z,10Z,13Z,16Z,19Z)/22:4(7Z,10Z,13Z,16Z)/0:0), DG(22:4n6/0:0/22:5n6), DG(22:4n6/0:0/22:5n3)","HMDB0007699, HMDB0007700, HMDB0007727, HMDB0007756, HMDB0056352, HMDB0056357","0","2771404.25","5813769216","6","0","false","0.00003890809966833331",""
"Pacific Northwest National Laboratory","20201130_jl_lungmap_agarose_1","2020-12-01_22h59m24s","C34H26O22","M+Na","","C34H26O22+Na+","809.080793155","0.055345345","0.5","0.06467999658813797","0.8821437587919099","0.97","Tercatain, Heterophylliin A, Sanguiin H1, 3,4,5,13,21,22,23-heptahydroxy-8,18-dioxo-12-(3,4,5-trihydroxybenzoyloxy)-9,14,17-trioxatetracyclo[17.4.0.0²,⁷.0¹⁰,¹⁵]tricosa-1(23),2,4,6,19,21-hexaen-11-yl 3,4,5-trihydroxybenzoate","HMDB0039263, HMDB0039264, HMDB0039272, HMDB0136068","0","425144.875","21322218","4","0","false","0.20103760063648224",""
"Pacific Northwest National Laboratory","20201130_jl_lungmap_agarose_1","2020-12-01_22h59m24s","C14H14N2OS2","M+Na","","C14H14N2OS2+Na+","313.04397609100005","0.055893935","0.5","0.079448789487177","0.7126535310647925","0.9871859488354334","1-[4,9-Dihydro-2-(methylthio)-1,3-thiazino[6,5-b]indol-4-yl]-2-propanone","HMDB0038641","0","370471.9375","709088000","1","0","false","0.000023523976778960787",""
"Pacific Northwest National Laboratory","20201130_jl_lungmap_agarose_1","2020-12-01_22h59m24s","C21H16O10","M+K","","C21H16O10+K+","467.037504605","0.056253806","0.5","0.09119638897978657","0.6236527597062772","0.9890800236107598","Theaflavic acid","HMDB0040609","0","432991.53125","844296832","1","0","false","0.000019701446944964118",""
"Pacific Northwest National Laboratory","20201130_jl_lungmap_agarose_1","2020-12-01_22h59m24s","C23H27ClO6","M+Na","","C23H27ClO6+Na+","457.1388369670001","0.056528646","0.5","0.06825501702642882","0.8425840275074441","0.982925925925926","Melleolide K","HMDB0035001","0","588150.9375","176786928","1","1","false","0.000016733371012378484","C18H24N4O8S+H+"
"Pacific Northwest National Laboratory","20201130_jl_lungmap_agarose_1","2020-12-01_22h59m24s","C20H29N4O17P","M+Na","","C20H29N4O17P+Na+","651.1157531509999","0.056636218","0.5","0.061590201913955936","0.9275851315382289","0.9913541666666666","CMP-N-glycoloyl-beta-neuraminate(2-)","HMDB0062569","0","835142.5625","1473593088","1","2","false","0.00003628805643529631","C20H32N6O12S2+K+, C30H28O13S+Na+"
"Pacific Northwest National Laboratory","20201130_jl_lungmap_agarose_1","2020-12-01_22h59m24s","C20H14N2O10S3","M+K","","C20H14N2O10S3+K+","576.944216051","0.05695974","0.5","0.06438711101990245","0.8944717915188289","0.9890139335476956","Cochineal Red A, Amaranth","HMDB0029855, HMDB0032885","0","1391074.25","215193824","2","0","false","0.0006487048813141882",""
"Pacific Northwest National Laboratory","20201130_jl_lungmap_agarose_1","2020-12-01_22h59m24s","C10H15NO7","M+K","","C10H15NO7+K+","300.048009713","0.057048306","0.5","0.05982746993216829","0.9564917832568783","0.9969212827988339","Dihydromaleimide beta-D-glucoside, Pisatoside","HMDB0030277, HMDB0039127","0","2604061.75","9019459584","2","0","false","0.0002907002635765821",""
"Pacific Northwest National Laboratory","20201130_jl_lungmap_agarose_1","2020-12-01_22h59m24s","C37H66O4","M+Na","","C37H66O4+Na+","597.485331275","0.057529412","0.5","0.06853180470988625","0.8754006092182747","0.9589388696655132","Montecristin","HMDB0029795","0","389160.6875","269293472","1","0","false","0.000011329057997500058",""
"Pacific Northwest National Laboratory","20201130_jl_lungmap_agarose_1","2020-12-01_22h59m24s","C16H20N2O9S2","M+H","","C16H20N2O9S2+H+","449.068298995","0.05758609","0.5","0.10971711265918874","0.5410780570495467","0.9700258397932816","Glucobrassicin","HMDB0030243","0","288213.625","189700176","1","1","false","0.00016273485380224884","C22H18O8+K+"
"Pacific Northwest National Laboratory","20201130_jl_lungmap_agarose_1","2020-12-01_22h59m24s","C41H82NO7P","M+Na","","C41H82NO7P+Na+","754.5721116469999","0.058391158","0.5","0.06689485474101421","0.8773579292106006","0.9948957360722067","PC(15:0/P-18:0), PE(18:0/P-18:0), PE(20:0/P-16:0), PC(P-18:0/15:0), PE(P-16:0/20:0), PE(P-18:0/18:0)","HMDB0007962, HMDB0009016, HMDB0009246, HMDB0011238, HMDB0011347, HMDB0011373","0","1548147.5","3558615296","6","0","false","0.000049797807150753215",""
"Pacific Northwest National Laboratory","20201130_jl_lungmap_agarose_1","2020-12-01_22h59m24s","C17H10O7","M+Na","","C17H10O7+Na+","349.03187334300003","0.05844675","0.5","0.06160171450833675","0.9505889651825624","0.9981017395730412","13,14-dihydroxy-9-oxo-8,17-dioxatetracyclo[8.7.0.0²,⁷.0¹¹,¹⁶]heptadeca-1(10),2(7),3,5,11(16),12,14-heptaen-5-yl acetate, 5,14-dihydroxy-9-oxo-8,17-dioxatetracyclo[8.7.0.0²,⁷.0¹¹,¹⁶]heptadeca-1(10),2(7),3,5,11,13,15-heptaen-13-yl acetate, 5,13-dihydroxy-9-oxo-8,17-dioxatetracyclo[8.7.0.0²,⁷.0¹¹,¹⁶]heptadeca-1(10),2(7),3,5,11,13,15-heptaen-14-yl acetate, 11,15,17-trihydroxy-6,8,20-trioxapentacyclo[10.8.0.0²,⁹.0³,⁷.0¹⁴,¹⁹]icosa-1(12),2(9),4,10,14,16,18-heptaen-13-one, 11,15,16-trihydroxy-6,8,20-trioxapentacyclo[10.8.0.0²,⁹.0³,⁷.0¹⁴,¹⁹]icosa-1(12),2(9),4,10,14(19),15,17-heptaen-13-one, 12,16-dihydroxy-5,7,9,21-tetraoxahexacyclo[11.8.0.0²,¹⁰.0³,⁸.0⁴,⁶.0¹⁵,²⁰]henicosa-1(13),2(10),11,15,17,19-hexaen-14-one","HMDB0128433, HMDB0128434, HMDB0128436, HMDB0140672, HMDB0140673, HMDB0140674","0","671781.3125","2663236352","6","1","false","0.00055536167928949","C14H14O8+K+"
"Pacific Northwest National Laboratory","20201130_jl_lungmap_agarose_1","2020-12-01_22h59m24s","C10H16N2O4S3","M+Na","","C10H16N2O4S3+Na+","347.016441185","0.058929008","0.5","0.06280090386202987","0.939567076598309","0.9987009079969369","Dorzolamide","HMDB0015007","0","809944.25","4305005568","1","0","false","0.00020688294898718596",""
"Pacific Northwest National Laboratory","20201130_jl_lungmap_agarose_1","2020-12-01_22h59m24s","C24H50S2","M+K","","C24H50S2+K+","441.298551833","0.059532486","0.5","0.06771457964683118","0.8974581348510277","0.9796199701937407","Bis(2-methylundecan-2-yl) Disulfide","HMDB0062674","0","454670.15625","490110464","1","1","false","0.000049385333113605157","C26H42O4+Na+"
"Pacific Northwest National Laboratory","20201130_jl_lungmap_agarose_1","2020-12-01_22h59m24s","C21H14O9","M+H","","C21H14O9+H+","411.07105846300004","0.059559587","0.5","0.1183051986497469","0.5138737304666636","0.9796962430055955","7,11,12-Triacetoxycoumestan","HMDB0030560","0","532702.5625","162390064","1","0","false","0.000013352558198675979",""
"Pacific Northwest National Laboratory","20201130_jl_lungmap_agarose_1","2020-12-01_22h59m24s","C18H30O16","M+Na","","C18H30O16+Na+","525.142605563","0.060063314","0.5","0.12742789725815873","0.47538720444155735","0.9915104166666666","6-({4,5-dihydroxy-2-methyl-6-[(3,4,5,6-tetrahydroxyoxan-2-yl)methoxy]oxan-3-yl}oxy)-3,4,5-trihydroxyoxane-2-carboxylic acid, 6-({3,5-dihydroxy-2-methyl-6-[(3,4,5,6-tetrahydroxyoxan-2-yl)methoxy]oxan-4-yl}oxy)-3,4,5-trihydroxyoxane-2-carboxylic acid, 6-({4,5-dihydroxy-6-methyl-2-[(3,4,5,6-tetrahydroxyoxan-2-yl)methoxy]oxan-3-yl}oxy)-3,4,5-trihydroxyoxane-2-carboxylic acid, 3,4,5-trihydroxy-6-[(4,5,6-trihydroxy-2-{[(3,4,5-trihydroxy-6-methyloxan-2-yl)oxy]methyl}oxan-3-yl)oxy]oxane-2-carboxylic acid, 3,4,5-trihydroxy-6-[(2,3,5-trihydroxy-6-{[(3,4,5-trihydroxy-6-methyloxan-2-yl)oxy]methyl}oxan-4-yl)oxy]oxane-2-carboxylic acid, 3,4,5-trihydroxy-6-[(2,4,5-trihydroxy-6-{[(3,4,5-trihydroxy-6-methyloxan-2-yl)oxy]methyl}oxan-3-yl)oxy]oxane-2-carboxylic acid","HMDB0124742, HMDB0124743, HMDB0124744, HMDB0124745, HMDB0124746, HMDB0124747","0","444258.4375","978268032","6","0","false","0.00008542351861251518",""
"Pacific Northwest National Laboratory","20201130_jl_lungmap_agarose_1","2020-12-01_22h59m24s","C18H18N6O5S2","M+Na","","C18H18N6O5S2+Na+","485.067230699","0.060722005","0.5","0.06530044093406959","0.9340795658903721","0.995511134490619","Cefamandole","HMDB0015421","0","1321639.5","1982730752","1","2","false","0.0000367322500096634","C21H18O12+Na+, C22H21Cl3N4O+Na+"
"Pacific Northwest National Laboratory","20201130_jl_lungmap_agarose_1","2020-12-01_22h59m24s","C12H20O11","M+K","","C12H20O11+K+","379.063719353","0.061743915","0.5","0.06506791767271605","0.9513890566224377","0.9973994240335108","3'-Ketolactose, 2-O-(4-O-Methyl-a-D-glucopyranuronosyl)-D-xylose, 4-O-(4-O-Methyl-alpha-D-glucopyranuronosyl)-L-arabinose, 3-O-(4-O-Methyl-a-D-glucopyranuronosyl)-L-arabinose, 4-O-beta-D-Glucopyranuronosyl-L-fucose, 2-O-a-D-Galactopyranuronosyl-L-rhamnose, 3,4,5-trihydroxy-6-[(2,3,5-trihydroxy-6-methyloxan-4-yl)oxy]oxane-2-carboxylic acid","HMDB0001030, HMDB0029917, HMDB0039725, HMDB0039888, HMDB0039889, HMDB0040159, HMDB0124752","0","751935.75","3225799680","7","3","false","0.000023024836991680786","C15H16O10+Na+, C9H17N4O9P+Na+, C19H16ClNO4+Na+"
"Pacific Northwest National Laboratory","20201130_jl_lungmap_agarose_1","2020-12-01_22h59m24s","C43H78NO8P","M+K","","C43H78NO8P+K+","806.509663349","0.062215675","0.5","0.07620521650993667","0.8319886228224594","0.981290780141844","PC(15:0/20:4(5Z,8Z,11Z,14Z)), PC(15:0/20:4(8Z,11Z,14Z,17Z)), PC(20:4(5Z,8Z,11Z,14Z)/15:0), PC(20:4(8Z,11Z,14Z,17Z)/15:0), PE(16:0/22:4(7Z,10Z,13Z,16Z)), PE(16:1(9Z)/20:3(8Z,11Z,14Z)), PE(18:0/20:4(5Z,8Z,11Z,14Z)), PE(18:0/20:4(8Z,11Z,14Z,17Z)), PE(18:1(11Z)/20:3(5Z,8Z,11Z)), PE(18:1(11Z)/20:3(8Z,11Z,14Z)), PE(18:1(9Z)/20:3(5Z,8Z,11Z)), PE(18:1(9Z)/20:3(8Z,11Z,14Z)), PE(18:2(9Z,12Z)/20:2(11Z,14Z)), PE(18:3(6Z,9Z,12Z)/20:1(11Z)), PE(18:3(9Z,12Z,15Z)/20:1(11Z)), PE(18:4(6Z,9Z,12Z,15Z)/20:0), PE(20:0/18:4(6Z,9Z,12Z,15Z)), PE(20:1(11Z)/18:3(6Z,9Z,12Z)), PE(20:1(11Z)/18:3(9Z,12Z,15Z)), PE(20:2(11Z,14Z)/18:2(9Z,12Z)), PE(20:3(5Z,8Z,11Z)/18:1(11Z)), PE(20:3(5Z,8Z,11Z)/18:1(9Z)), PE(20:3(8Z,11Z,14Z)/18:1(11Z)), PE(20:3(8Z,11Z,14Z)/18:1(9Z)), PE(20:4(5Z,8Z,11Z,14Z)/18:0), PE(20:4(8Z,11Z,14Z,17Z)/18:0), PE(22:4(7Z,10Z,13Z,16Z)/16:0), PE-NMe(15:0/22:4(7Z,10Z,13Z,16Z)), PE-NMe(22:4(7Z,10Z,13Z,16Z)/15:0), PE-NMe2(14:0/22:4(7Z,10Z,13Z,16Z)), PE-NMe2(16:0/20:4(5Z,8Z,11Z,14Z)), PE-NMe2(16:1(9Z)/20:3(5Z,8Z,11Z)), PE-NMe2(16:1(9Z)/20:3(8Z,11Z,14Z)), PE-NMe2(18:0/18:4(6Z,9Z,12Z,15Z)), PE-NMe2(18:1(11Z)/18:3(6Z,9Z,12Z)), PE-NMe2(18:1(11Z)/18:3(9Z,12Z,15Z)), PE-NMe2(18:1(9Z)/18:3(6Z,9Z,12Z)), PE-NMe2(18:1(9Z)/18:3(9Z,12Z,15Z)), PE-NMe2(18:2(9Z,12Z)/18:2(9Z,12Z)), PE-NMe2(18:3(6Z,9Z,12Z)/18:1(11Z)), PE-NMe2(18:3(6Z,9Z,12Z)/18:1(9Z)), PE-NMe2(18:3(9Z,12Z,15Z)/18:1(11Z)), PE-NMe2(18:3(9Z,12Z,15Z)/18:1(9Z)), PE-NMe2(18:4(6Z,9Z,12Z,15Z)/18:0), PE-NMe2(20:3(5Z,8Z,11Z)/16:1(9Z)), PE-NMe2(20:3(8Z,11Z,14Z)/16:1(9Z)), PE-NMe2(20:4(5Z,8Z,11Z,14Z)/16:0), PE-NMe2(20:4(8Z,11Z,14Z,17Z)/16:0), PE-NMe2(22:4(7Z,10Z,13Z,16Z)/14:0), PE-NMe2(16:0/20:4(8Z,11Z,14Z,17Z))","HMDB0007949, HMDB0007950, HMDB0008428, HMDB0008461, HMDB0008943, HMDB0008969, HMDB0009003, HMDB0009004, HMDB0009034, HMDB0009035, HMDB0009067, HMDB0009068, HMDB0009099, HMDB0009131, HMDB0009164, HMDB0009196, HMDB0009228, HMDB0009259, HMDB0009260, HMDB0009291, HMDB0009322, HMDB0009323, HMDB0009355, HMDB0009356, HMDB0009387, HMDB0009420, HMDB0009583, HMDB0113034, HMDB0113594, HMDB0113893, HMDB0113951, HMDB0113971, HMDB0113972, HMDB0113993, HMDB0114018, HMDB0114019, HMDB0114045, HMDB0114046, HMDB0114073, HMDB0114100, HMDB0114101, HMDB0114129, HMDB0114130, HMDB0114157, HMDB0114272, HMDB0114300, HMDB0114327, HMDB0114355, HMDB0114495, HMDB0116711","0","1574554.25","1511455232","50","0","false","0.0000232110596698476",""
"Pacific Northwest National Laboratory","20201130_jl_lungmap_agarose_1","2020-12-01_22h59m24s","C15H22N6O5S","M+H","","C15H22N6O5S+H+","399.144515409","0.06276277","0.5","0.06664393823255484","0.9462677470231008","0.9952390425038128","S-adenosyl-L-methioninate","HMDB0062709","0","976892.25","1003850816","1","1","false","0.000059577425417955965","C22H22O7+H+"
"Pacific Northwest National Laboratory","20201130_jl_lungmap_agarose_1","2020-12-01_22h59m24s","C8H16N2O4S2","M+K","","C8H16N2O4S2+K+","307.018307225","0.06353489","0.5","0.06707448913036529","0.9481653407783899","0.999012325524447","DL-Homocystine, L-Homocystine","HMDB0000575, HMDB0000676","0","952922.8125","4405237248","2","0","false","0.0002971406211145222",""
"Pacific Northwest National Laboratory","20201130_jl_lungmap_agarose_1","2020-12-01_22h59m24s","C43H63NO7","M+Na","","C43H63NO7+Na+","728.4496740389999","0.063728414","0.5","0.07662371577978423","0.8441823685295808","0.985220954053263","Spirolide C","HMDB0038344","0","1321531.875","1088583552","1","2","false","0.00002365937143622432","C36H68NO10P+Na+, C38H66NO10P+H+"
"Pacific Northwest National Laboratory","20201130_jl_lungmap_agarose_1","2020-12-01_22h59m24s","C20H16O9","M+K","","C20H16O9+K+","439.042589985","0.06413604","0.5","0.0692138314545286","0.9283989914151561","0.9981013065585377","Theaflagallin, 15,16-dihydroxy-11,17,18-trimethoxy-6,8,20-trioxapentacyclo[10.8.0.0²,⁹.0³,⁷.0¹⁴,¹⁹]icosa-1(12),2(9),4,10,14,16,18-heptaen-13-one","HMDB0033287, HMDB0128899","0","560356.4375","2504664320","2","0","false","0.00004812333281734027",""
"Pacific Northwest National Laboratory","20201130_jl_lungmap_agarose_1","2020-12-01_22h59m24s","C36H68NO10P","M+Na","","C36H68NO10P+Na+","728.4473050589999","0.06433576","0.5","0.07476952172768943","0.8704927406353725","0.9884681881051176","PS(14:0/16:1(9Z)), PS(14:1(9Z)/16:0), PS(16:0/14:1(9Z)), PS(16:1(9Z)/14:0)","HMDB0012333, HMDB0012343, HMDB0012353, HMDB0012363","0","1321531.875","939688448","4","2","false","0.000020683455659309402","C38H66NO10P+H+, C43H63NO7+Na+"
"Pacific Northwest National Laboratory","20201130_jl_lungmap_agarose_1","2020-12-01_22h59m24s","C38H66NO10P","M+H","","C38H66NO10P+H+","728.4497107469999","0.06569822","0.5","0.07728703410826931","0.8628063148974752","0.985220954053263","PS(14:1(9Z)/18:3(9Z,12Z,15Z)), PS(18:3(9Z,12Z,15Z)/14:1(9Z)), PS(14:0/18:4(6Z,9Z,12Z,15Z)), PS(14:1(9Z)/18:3(6Z,9Z,12Z)), PS(18:3(6Z,9Z,12Z)/14:1(9Z)), PS(18:4(6Z,9Z,12Z,15Z)/14:0)","HMDB0012348, HMDB0012408, HMDB0112293, HMDB0112308, HMDB0112444, HMDB0112485","0","1321531.875","1088583552","6","2","false","0.00002365937143622432","C36H68NO10P+Na+, C43H63NO7+Na+"
"Pacific Northwest National Laboratory","20201130_jl_lungmap_agarose_1","2020-12-01_22h59m24s","C22H22O7","M+H","","C22H22O7+H+","399.14382947900003","0.06605293","0.5","0.07147239836628372","0.9307115511907976","0.9929757343550447","Dulxanthone E, 5'-Methoxycurcumin","HMDB0034030, HMDB0038921","0","976892.25","841009152","2","1","false","0.00009986515942728147","C15H22N6O5S+H+"
"Pacific Northwest National Laboratory","20201130_jl_lungmap_agarose_1","2020-12-01_22h59m24s","C35H64O9","M+Na","","C35H64O9+Na+","651.4442543109999","0.066672154","0.5","0.07642762157552538","0.8750180463525098","0.996958578739017","Muricoreacin, Annohexocin","HMDB0032086, HMDB0041362","0","2593033.5","6191553024","2","0","false","0.00043066299986094236",""
"Pacific Northwest National Laboratory","20201130_jl_lungmap_agarose_1","2020-12-01_22h59m24s","C43H82NO10P","M+H","","C43H82NO10P+H+","804.5749112589999","0.066905804","0.5","0.08040427846684092","0.8426037855163011","0.9875548670281435","PS(15:0/22:1(13Z)), PS(22:1(13Z)/15:0)","HMDB0112335, HMDB0112738","0","2117646.5","3284820480","2","0","false","0.000004434942184161628",""
"Pacific Northwest National Laboratory","20201130_jl_lungmap_agarose_1","2020-12-01_22h59m24s","C41H67O8P","M+H","","C41H67O8P+H+","719.4646325389999","0.06823912","0.5","0.08049989564960013","0.8612038801564099","0.984310593961518","PA(16:1(9Z)/22:6(4Z,7Z,10Z,13Z,16Z,19Z)), PA(18:2(9Z,12Z)/20:5(5Z,8Z,11Z,14Z,17Z)), PA(18:3(6Z,9Z,12Z)/20:4(5Z,8Z,11Z,14Z)), PA(18:3(6Z,9Z,12Z)/20:4(8Z,11Z,14Z,17Z)), PA(18:3(9Z,12Z,15Z)/20:4(5Z,8Z,11Z,14Z)), PA(18:3(9Z,12Z,15Z)/20:4(8Z,11Z,14Z,17Z)), PA(18:4(6Z,9Z,12Z,15Z)/20:3(5Z,8Z,11Z)), PA(20:3(5Z,8Z,11Z)/18:4(6Z,9Z,12Z,15Z)), PA(20:4(5Z,8Z,11Z,14Z)/18:3(6Z,9Z,12Z)), PA(20:4(5Z,8Z,11Z,14Z)/18:3(9Z,12Z,15Z)), PA(20:4(8Z,11Z,14Z,17Z)/18:3(6Z,9Z,12Z)), PA(20:4(8Z,11Z,14Z,17Z)/18:3(9Z,12Z,15Z)), PA(20:5(5Z,8Z,11Z,14Z,17Z)/18:2(9Z,12Z)), PA(22:6(4Z,7Z,10Z,13Z,16Z,19Z)/16:1(9Z)), PA(18:4(6Z,9Z,12Z,15Z)/20:3(8Z,11Z,14Z)), PA(20:3(8Z,11Z,14Z)/18:4(6Z,9Z,12Z,15Z))","HMDB0114870, HMDB0114963, HMDB0114988, HMDB0114989, HMDB0115015, HMDB0115016, HMDB0115041, HMDB0115129, HMDB0115153, HMDB0115154, HMDB0115180, HMDB0115181, HMDB0115205, HMDB0115405, HMDB0115527, HMDB0115571","0","2368618.25","3453210624","16","1","false","0.00005671596227330156","C39H69O8P+Na+"
"Pacific Northwest National Laboratory","20201130_jl_lungmap_agarose_1","2020-12-01_22h59m24s","C10H12N4O4","M+K","","C10H12N4O4+K+","291.049012757","0.068359755","0.5","0.07254922662198207","0.9581655284154884","0.9833931777378815","Deoxyinosine, Nebularine","HMDB0000071, HMDB0029956","0","932878.8125","540637184","2","0","false","0.000008618683750682976",""
"Pacific Northwest National Laboratory","20201130_jl_lungmap_agarose_1","2020-12-01_22h59m24s","C20H16O8","M+Na","","C20H16O8+Na+","407.07373815500006","0.06922117","0.5","0.07377775996739418","0.9403084021251713","0.9977991594779916","5,6-Dimethoxysterigmatocystin","HMDB0030592","0","529637.75","1940038144","1","1","false","0.00008049364987527952","C17H20O9+K+"
"Pacific Northwest National Laboratory","20201130_jl_lungmap_agarose_1","2020-12-01_22h59m24s","C11H20O10","M+Na","","C11H20O10+Na+","335.094867523","0.06947177","0.5","0.07181771476802708","0.9687255616758228","0.9985642946317104","Galactose-beta-1,4-xylose, Sambubiose, Serotinose, 3-O-beta-D-Galactopyranosyl-L-arabinose, 2-O-b-D-Galactopyranosyl-D-xylose, 4-O-beta-D-Galactopyranosyl-D-xylose, 6-({[3,4-dihydroxy-4-(hydroxymethyl)oxolan-2-yl]oxy}methyl)oxane-2,3,4,5-tetrol","HMDB0011677, HMDB0029883, HMDB0029897, HMDB0038854, HMDB0038863, HMDB0038864, HMDB0140855","0","701165.125","3729116160","7","2","false","0.00028767844196408987","C18H17FN2O+K+, C17H16ClFN2O2+H+"
"Pacific Northwest National Laboratory","20201130_jl_lungmap_agarose_1","2020-12-01_22h59m24s","C20H31N4O17P","M+Na","","C20H31N4O17P+Na+","653.131403215","0.06966339","0.5","0.08322315384941108","0.8437408381959915","0.9920906801007556","CMP-N-glycoloylneuraminate","HMDB0012206","0","841623.75","1334503680","1","2","false","0.000007996826752787456","C27H34O14S+K+, C28H28O18+H+"
"Pacific Northwest National Laboratory","20201130_jl_lungmap_agarose_1","2020-12-01_22h59m24s","C23H40O4","M+K","","C23H40O4+K+","419.255817653","0.07020075","0.5","0.07696687707214525","0.9145860847075902","0.9972711811997527","MG(0:0/20:3(11Z,14Z,17Z)/0:0), MG(0:0/20:3(5Z,8Z,11Z)/0:0), MG(0:0/20:3(8Z,11Z,14Z)/0:0), MG(20:3(11Z,14Z,17Z)/0:0/0:0), MG(20:3(5Z,8Z,11Z)/0:0/0:0), MG(20:3(8Z,11Z,14Z)/0:0/0:0), Isopersin, 2-Hydroxy-4-oxo-5,12-heneicosadien-1-yl acetate, Persin","HMDB0011545, HMDB0011546, HMDB0011547, HMDB0011575, HMDB0011576, HMDB0011577, HMDB0032735, HMDB0039403, HMDB0041103","0","630235.0625","1811975168","9","1","false","0.00010165997809963301","C21H39O6P+H+"
"Pacific Northwest National Laboratory","20201130_jl_lungmap_agarose_1","2020-12-01_22h59m24s","C35H66NO10P","M+Na","","C35H66NO10P+Na+","714.431654995","0.070286036","0.5","0.08096717265940186","0.8749265360467691","0.9921754862053369","PS(14:1(9Z)/15:0), PS(15:0/14:1(9Z))","HMDB0112275, HMDB0112321","0","982113.8125","358751648","2","0","false","0.0014197931159287691",""
"Pacific Northwest National Laboratory","20201130_jl_lungmap_agarose_1","2020-12-01_22h59m24s","C49H82NO12P","M+K","","C49H82NO12P+K+","946.5206219569999","0.0710549","0.5","0.0885428611783897","0.8247025743879075","0.9730678881841672","PS(DiMe(11,3)/MonoMe(13,5)), PS(DiMe(11,5)/MonoMe(11,5)), PS(DiMe(13,5)/MonoMe(11,3)), PS(DiMe(13,5)/MonoMe(9,5)), PS(DiMe(9,5)/MonoMe(13,5)), PS(MonoMe(11,3)/DiMe(13,5)), PS(MonoMe(11,5)/DiMe(11,5)), PS(MonoMe(13,5)/DiMe(11,3)), PS(MonoMe(13,5)/DiMe(9,5)), PS(MonoMe(9,5)/DiMe(13,5))","HMDB0061559, HMDB0061567, HMDB0061575, HMDB0061578, HMDB0061595, HMDB0061599, HMDB0061607, HMDB0061615, HMDB0061619, HMDB0061626","0","858444.25","1052240896","10","0","false","0.00000382206371796201",""
"Pacific Northwest National Laboratory","20201130_jl_lungmap_agarose_1","2020-12-01_22h59m24s","C27H34O14S","M+K","","C27H34O14S+K+","653.1300848310001","0.071102425","0.5","0.0800772934125471","0.8950012885328861","0.9920906801007556","(3-hydroxy-16,17-dimethoxy-9-oxo-15-{[3,4,5-trihydroxy-6-(hydroxymethyl)oxan-2-yl]oxy}tricyclo[12.3.1.1²,⁶]nonadeca-1(17),2,4,6(19),14(18),15-hexaen-8-yl)oxidanesulfonic acid","HMDB0133713","0","841623.75","1334503680","1","1","false","0.000007996826752787456","C20H31N4O17P+Na+"
"Pacific Northwest National Laboratory","20201130_jl_lungmap_agarose_1","2020-12-01_22h59m24s","C15H13FO3","M+K","","C15H13FO3+K+","299.048030329","0.07253273","0.5","0.07773527963285104","0.9451727881248922","0.9871988795518207","4'-Hydroxyflurbiprofen","HMDB0060917","0","1869127.625","3730545920","1","0","false","0.00008023040572879836",""
"Pacific Northwest National Laboratory","20201130_jl_lungmap_agarose_1","2020-12-01_22h59m24s","C20H26N10O13P2","M+H","","C20H26N10O13P2+H+","677.122881327","0.07511317","0.5","0.08263081502851177","0.9298840439611564","0.9775641025641025","Diadenosine diphosphate","HMDB0001312","0","315647.4375","10383044","1","0","false","0.004510118160396814",""
"Pacific Northwest National Laboratory","20201130_jl_lungmap_agarose_1","2020-12-01_22h59m24s","C22H36N6O12S2","M+K","","C22H36N6O12S2+K+","679.146420825","0.075162","0.5","0.08370194603096197","0.9012969907790932","0.9963108162444713","Bis-gamma-glutamylcysteinylbis-beta-alanine","HMDB0029413","0","1207450.375","3420399616","1","1","false","0.000025109806301770732","C28H32O18+Na+"
"Pacific Northwest National Laboratory","20201130_jl_lungmap_agarose_1","2020-12-01_22h59m24s","C26H42O4","M+Na","","C26H42O4+Na+","441.29753050700003","0.07588621","0.5","0.08396562889630536","0.9194575534878818","0.9829459766553043","11'-Carboxy-alpha-chromanol, Hexadecyl ferulate","HMDB0012515, HMDB0039317","0","454670.15625","588860480","2","1","false","0.00001952081947820261","C24H50S2+K+"
"Pacific Northwest National Laboratory","20201130_jl_lungmap_agarose_1","2020-12-01_22h59m24s","C22H36N6O12S2","M+Na","","C22H36N6O12S2+Na+","663.1724836149999","0.07612889","0.5","0.08295116790770041","0.9189279933060559","0.9987241389400989","Bis-gamma-glutamylcysteinylbis-beta-alanine","HMDB0029413","0","5426684","22671177728","1","0","false","0.000008224306839110795",""
"Pacific Northwest National Laboratory","20201130_jl_lungmap_agarose_1","2020-12-01_22h59m24s","C19H14O7","M+Na","","C19H14O7+Na+","377.063173471","0.077216975","0.5","0.0819412671239589","0.9444887460378026","0.9977306382348586","17-hydroxy-11,15-dimethoxy-6,8,20-trioxapentacyclo[10.8.0.0²,⁹.0³,⁷.0¹⁴,¹⁹]icosa-1(12),2(9),4,10,14,16,18-heptaen-13-one, 16-hydroxy-11,15-dimethoxy-6,8,20-trioxapentacyclo[10.8.0.0²,⁹.0³,⁷.0¹⁴,¹⁹]icosa-1(12),2(9),4,10,14(19),15,17-heptaen-13-one, 12,16-dimethoxy-5,7,9,21-tetraoxahexacyclo[11.8.0.0²,¹⁰.0³,⁸.0⁴,⁶.0¹⁵,²⁰]henicosa-1(13),2(10),11,15,17,19-hexaen-14-one, 1-(6-hydroxy-2H-1,3-benzodioxol-5-yl)-3-(4-methoxy-1-benzofuran-5-yl)propane-1,3-dione, 1-(2H-1,3-benzodioxol-5-yl)-3-(6-hydroxy-4-methoxy-1-benzofuran-5-yl)propane-1,3-dione","HMDB0128873, HMDB0128874, HMDB0128876, HMDB0129362, HMDB0129363","0","530497.25","1891787136","5","1","false","0.00004046714457217604","C16H18O8+K+"
"Pacific Northwest National Laboratory","20201130_jl_lungmap_agarose_1","2020-12-01_22h59m24s","C30H30O14","M+H","","C30H30O14+H+","615.1708320749999","0.0780161","0.5","0.13575649812162716","0.5838849850443583","0.9842293906810036","Safflomin C, Cinchonain Id 7-glucoside","HMDB0034052, HMDB0035435","0","298716.46875","53329936","2","0","false","0.00023247858916874975",""
"Pacific Northwest National Laboratory","20201130_jl_lungmap_agarose_1","2020-12-01_22h59m24s","C27H30Cl2O7","M+K","","C27H30Cl2O7+K+","575.100016593","0.07811318","0.5","0.09787449909699178","0.80198010554383","0.99515608875129","6-beta-Hydroxy-mometasone furoate","HMDB0060783","0","1304814","1739460480","1","1","false","0.000014044529052625876","C24H26O14+K+"
"Pacific Northwest National Laboratory","20201130_jl_lungmap_agarose_1","2020-12-01_22h59m24s","C15H15ClN2S","M+K","","C15H15ClN2S+K+","329.027605243","0.07885642","0.5","0.09064982739719589","0.870971698189865","0.9987712690653632","Dedimethylchlorpromazine","HMDB0061134","0","2846778","14659548160","1","3","false","0.000007828390153008513","C14H10O8+Na+, C12H18O4S2+K+, C5H15N3O8P2+Na+"
"Pacific Northwest National Laboratory","20201130_jl_lungmap_agarose_1","2020-12-01_22h59m24s","C40H80N2O6P","M+K","","C40H80N2O6P+K+","754.538558173","0.07935921","0.5","0.09438988196805513","0.8419934862829731","0.9985347399829497","SM C16:1","HMDB0029216","0","56544560","183846600704","1","2","false","0.0003296768700238317","C40H78NO8P+Na+, C42H76NO8P+H+"
"Pacific Northwest National Laboratory","20201130_jl_lungmap_agarose_1","2020-12-01_22h59m24s","C12H20O12P2","M+H","","C12H20O12P2+H+","419.05027651499995","0.08025558","0.5","0.10790173793063909","0.7576045843121557","0.9817574786324786","Alginic acid","HMDB0029940","0","1089045.75","596428096","1","0","false","0.00004911424548481591",""
"Pacific Northwest National Laboratory","20201130_jl_lungmap_agarose_1","2020-12-01_22h59m24s","C18H16O11","M+K","","C18H16O11+K+","447.032419225","0.08029535","0.5","0.12994302853250544","0.6213271356158601","0.9945281569461679","3,4,5-trihydroxy-6-({8-methoxy-2-oxo-2H-furo[2,3-h]chromen-4-yl}oxy)oxane-2-carboxylic acid","HMDB0135849","0","488362.46875","1077224064","1","0","false","0.000017086980733438395",""
"Pacific Northwest National Laboratory","20201130_jl_lungmap_agarose_1","2020-12-01_22h59m24s","C43H82NO8P","M+Na","","C43H82NO8P+Na+","794.567026267","0.0804107","0.5","0.09670088432348728","0.8440360796010525","0.9851953842119067","PC(15:0/20:2(11Z,14Z)), PC(20:2(11Z,14Z)/15:0), PE(14:1(9Z)/24:1(15Z)), PE(16:0/22:2(13Z,16Z)), PE(16:1(9Z)/22:1(13Z)), PE(18:0/20:2(11Z,14Z)), PE(18:1(11Z)/20:1(11Z)), PE(18:1(9Z)/20:1(11Z)), PE(18:2(9Z,12Z)/20:0), PE(20:0/18:2(9Z,12Z)), PE(20:1(11Z)/18:1(11Z)), PE(20:1(11Z)/18:1(9Z)), PE(20:2(11Z,14Z)/18:0), PE(22:1(13Z)/16:1(9Z)), PE(22:2(13Z,16Z)/16:0), PE(24:1(15Z)/14:1(9Z)), PE-NMe2(18:1(9Z)/18:1(9Z)), PE-NMe(15:0/22:2(13Z,16Z)), PE-NMe(22:2(13Z,16Z)/15:0), PE-NMe2(16:1(9Z)/20:1(11Z)), PE-NMe2(18:1(9Z)/18:1(11Z)), PE-NMe2(18:1(11Z)/18:1(9Z)), PE-NMe2(18:1(11Z)/18:1(11Z)), PE-NMe2(14:0/22:2(13Z,16Z)), PE-NMe2(14:1(9Z)/22:1(13Z)), PE-NMe2(16:0/20:2(11Z,14Z)), PE-NMe2(18:0/18:2(9Z,12Z)), PE-NMe2(18:2(9Z,12Z)/18:0), PE-NMe2(20:1(11Z)/16:1(9Z)), PE-NMe2(20:2(11Z,14Z)/16:0), PE-NMe2(22:1(13Z)/14:1(9Z)), PE-NMe2(22:2(13Z,16Z)/14:0)","HMDB0007946, HMDB0008330, HMDB0008882, HMDB0008942, HMDB0008974, HMDB0009000, HMDB0009032, HMDB0009065, HMDB0009097, HMDB0009225, HMDB0009256, HMDB0009257, HMDB0009288, HMDB0009518, HMDB0009550, HMDB0009746, HMDB0010564, HMDB0113033, HMDB0113565, HMDB0113867, HMDB0113868, HMDB0113869, HMDB0113870, HMDB0113892, HMDB0113910, HMDB0113948, HMDB0113990, HMDB0114070, HMDB0114214, HMDB0114242, HMDB0114438, HMDB0114466","0","2123786.25","2055440512","32","0","false","0.000007407450539176352",""
"Pacific Northwest National Laboratory","20201130_jl_lungmap_agarose_1","2020-12-01_22h59m24s","C47H81O13P","M+Na","","C47H81O13P+Na+","907.5307003349999","0.08071308","0.5","0.09816221999422704","0.8297427661155503","0.9909598603839441","PI(16:0/22:5(4Z,7Z,10Z,13Z,16Z)), PI(16:0/22:5(7Z,10Z,13Z,16Z,19Z)), PI(16:2(9Z,12Z)/22:3(10Z,13Z,16Z)), PI(18:1(11Z)/20:4(5Z,8Z,11Z,14Z)), PI(18:1(11Z)/20:4(8Z,11Z,14Z,17Z)), PI(18:1(9Z)/20:4(5Z,8Z,11Z,14Z)), PI(18:1(9Z)/20:4(8Z,11Z,14Z,17Z)), PI(18:2(9Z,12Z)/20:3(5Z,8Z,11Z)), PI(18:2(9Z,12Z)/20:3(8Z,11Z,14Z)), PI(20:3(5Z,8Z,11Z)/18:2(9Z,12Z)), PI(20:3(8Z,11Z,14Z)/18:2(9Z,12Z)), PI(20:4(5Z,8Z,11Z,14Z)/18:1(11Z)), PI(20:4(5Z,8Z,11Z,14Z)/18:1(9Z)), PI(20:4(8Z,11Z,14Z,17Z)/18:1(11Z)), PI(20:4(8Z,11Z,14Z,17Z)/18:1(9Z)), PI(22:3(10Z,13Z,16Z)/16:2(9Z,12Z)), PI(22:5(4Z,7Z,10Z,13Z,16Z)/16:0), PI(22:5(7Z,10Z,13Z,16Z,19Z)/16:0), 1-oleoyl-2-arachidonoyl-sn-glycero-3-phospho-1D-myo-inositol","HMDB0009795, HMDB0009796, HMDB0009804, HMDB0009832, HMDB0009833, HMDB0009844, HMDB0009845, HMDB0009854, HMDB0009855, HMDB0009883, HMDB0009890, HMDB0009895, HMDB0009896, HMDB0009901, HMDB0009902, HMDB0009908, HMDB0009916, HMDB0009918, HMDB0062586","0","1559204.75","2122954240","19","0","false","0.00003374237348907627",""
"Pacific Northwest National Laboratory","20201130_jl_lungmap_agarose_1","2020-12-01_22h59m24s","C28H50NO7P","M+Na","","C28H50NO7P+Na+","566.321710623","0.081741124","0.5","0.09264281716888066","0.910091678461129","0.9694908266336838","LysoPC(20:4(5Z,8Z,11Z,14Z)), LysoPC(20:4(8Z,11Z,14Z,17Z))","HMDB0010395, HMDB0010396","0","503144.28125","309466848","2","1","false","0.000010195449249295052","C32H49NO5+K+"
"Pacific Northwest National Laboratory","20201130_jl_lungmap_agarose_1","2020-12-01_22h59m24s","C14H14O5S","M+K","","C14H14O5S+K+","333.019352611","0.08181916","0.5","0.135432888946947","0.6113438675137178","0.9882010582010582","(2-hydroxy-1,2-diphenylethoxy)sulfonic acid","HMDB0135202","0","1528538","369528448","1","0","false","0.000011914826245629229",""
"Pacific Northwest National Laboratory","20201130_jl_lungmap_agarose_1","2020-12-01_22h59m24s","C13H25O7P","M+H","","C13H25O7P+H+","325.141066575","0.08204438","0.5","0.08556500019726584","0.963223844492033","0.9954637096774194","DHAP(10:0)","HMDB0011675","0","809545.875","464624864","1","3","false","0.00012837329995818436","C16H22N4O+K+, C12H23NO9+H+, C18H22O4+Na+"
"Pacific Northwest National Laboratory","20201130_jl_lungmap_agarose_1","2020-12-01_22h59m24s","C15H18O10","M+Na","","C15H18O10+Na+","381.07921745900006","0.08250146","0.5","0.0865612514308068","0.9545244805584026","0.9985069025599785","Dihydrocaffeic acid 3-O-glucuronide, 6-[4-(2-carboxyethyl)-2-hydroxyphenoxy]-3,4,5-trihydroxyoxane-2-carboxylic acid, 6-[5-(2-carboxyethyl)-2-hydroxyphenoxy]-3,4,5-trihydroxyoxane-2-carboxylic acid, 6-{[3-(3,4-dihydroxyphenyl)propanoyl]oxy}-3,4,5-trihydroxyoxane-2-carboxylic acid, 6-[2-(2-carboxyethyl)-5-hydroxyphenoxy]-3,4,5-trihydroxyoxane-2-carboxylic acid, 6-{[3-(2,4-dihydroxyphenyl)propanoyl]oxy}-3,4,5-trihydroxyoxane-2-carboxylic acid, 6-[4-(2-carboxyethyl)-3-hydroxyphenoxy]-3,4,5-trihydroxyoxane-2-carboxylic acid, 6-[3-(2-carboxyethyl)-5-hydroxyphenoxy]-3,4,5-trihydroxyoxane-2-carboxylic acid, 6-{[3-(3,5-dihydroxyphenyl)propanoyl]oxy}-3,4,5-trihydroxyoxane-2-carboxylic acid, 6-[2-(1-carboxyethyl)-5-hydroxyphenoxy]-3,4,5-trihydroxyoxane-2-carboxylic acid, 6-[4-(1-carboxyethyl)-3-hydroxyphenoxy]-3,4,5-trihydroxyoxane-2-carboxylic acid, 6-{[2-(2,4-dihydroxyphenyl)propanoyl]oxy}-3,4,5-trihydroxyoxane-2-carboxylic acid, 6-[3-(2-carboxyethyl)-2-hydroxyphenoxy]-3,4,5-trihydroxyoxane-2-carboxylic acid, 6-[2-(2-carboxyethyl)-6-hydroxyphenoxy]-3,4,5-trihydroxyoxane-2-carboxylic acid, 6-{[3-(2,3-dihydroxyphenyl)propanoyl]oxy}-3,4,5-trihydroxyoxane-2-carboxylic acid, 6-[3-(2-carboxyethyl)-4-hydroxyphenoxy]-3,4,5-trihydroxyoxane-2-carboxylic acid, 6-[2-(2-carboxyethyl)-4-hydroxyphenoxy]-3,4,5-trihydroxyoxane-2-carboxylic acid, 6-{[3-(2,5-dihydroxyphenyl)propanoyl]oxy}-3,4,5-trihydroxyoxane-2-carboxylic acid","HMDB0041720, HMDB0124979, HMDB0124980, HMDB0124981, HMDB0126432, HMDB0126433, HMDB0126431, HMDB0128026, HMDB0128027, HMDB0133881, HMDB0133882, HMDB0133883, HMDB0134096, HMDB0134097, HMDB0134098, HMDB0134106, HMDB0134107, HMDB0134108","0","853311.125","4752192512","18","4","false","0.0000716320937499404","C18H19ClN4O+K+, C17H14F3N3O2S+H+, C17H17N3O4S+Na+, C12H22O11+K+"
"Pacific Northwest National Laboratory","20201130_jl_lungmap_agarose_1","2020-12-01_22h59m24s","C18H22O4","M+Na","","C18H22O4+Na+","325.14102986700004","0.08343284","0.5","0.08844580130567076","0.9476203063913793","0.9954637096774194","6-Ketoestriol, Enterodiol, Nordihydroguaiaretate, Masoprocol, Verimol D, 4-(1-hydroxy-3-phenylpropyl)-5-methoxy-2,6-dimethylbenzene-1,3-diol","HMDB0000530, HMDB0005056, HMDB0012270, HMDB0014325, HMDB0036472, HMDB0126616","0","809545.875","464624864","6","3","false","0.00012837329995818436","C13H25O7P+H+, C16H22N4O+K+, C12H23NO9+H+"
"Pacific Northwest National Laboratory","20201130_jl_lungmap_agarose_1","2020-12-01_22h59m24s","C17H20O9","M+K","","C17H20O9+K+","407.073890113","0.08461964","0.5","0.09017798394444454","0.9404322928743624","0.9977991594779916","3-O-Feruloylquinic acid, 3-O-Caffeoyl-1-O-methylquinic acid, 3-O-Caffeoyl-4-O-methylquinic acid, 3,4,5-trihydroxy-6-[(5-hydroxy-2,2-dimethyl-2H-chromen-7-yl)oxy]oxane-2-carboxylic acid, 3,4,5-trihydroxy-6-[(7-hydroxy-2,2-dimethyl-2H-chromen-5-yl)oxy]oxane-2-carboxylic acid, 3,4,5-trihydroxy-6-[(5-hydroxy-2,2-dimethyl-2H-chromen-6-yl)oxy]oxane-2-carboxylic acid, 3,4,5-trihydroxy-6-[(6-hydroxy-2,2-dimethyl-2H-chromen-5-yl)oxy]oxane-2-carboxylic acid, 6-({5,5-dimethyl-3,6-dioxatricyclo[5.4.0.0²,⁴]undeca-1(11),7,9-trien-11-yl}oxy)-3,4,5-trihydroxyoxane-2-carboxylic acid, 3,4,5-trihydroxy-6-{[2-(hydroxymethyl)-2-methyl-2H-chromen-5-yl]oxy}oxane-2-carboxylic acid, 3,4,5-trihydroxy-6-{3-[(5-oxooxolan-2-yl)methyl]phenoxy}oxane-2-carboxylic acid, 3,4,5-trihydroxy-6-[1-(4-methoxy-1-benzofuran-5-yl)ethoxy]oxane-2-carboxylic acid, 3,4,5-trihydroxy-6-[2-methoxy-4-(3-oxobut-1-en-1-yl)phenoxy]oxane-2-carboxylic acid","HMDB0030669, HMDB0039959, HMDB0039960, HMDB0126418, HMDB0126419, HMDB0126420, HMDB0126421, HMDB0126422, HMDB0126423, HMDB0127742, HMDB0129399, HMDB0135673","0","529637.75","1940038144","12","1","false","0.00008049364987527952","C20H16O8+Na+"
"Pacific Northwest National Laboratory","20201130_jl_lungmap_agarose_1","2020-12-01_22h59m24s","C55H30O33","M+Na","","C55H30O33+Na+","1241.0561541030002","0.0847597","0.5","0.10808871641098639","0.8038858459324805","0.9754716981132076","Castacrenin F","HMDB0031894","0","404850.25","55166224","1","0","false","0.0001206680535688065",""
"Pacific Northwest National Laboratory","20201130_jl_lungmap_agarose_1","2020-12-01_22h59m24s","C38H41O17","M+Na","","C38H41O17+Na+","792.223595535","0.085186645","0.5","0.09919061977572387","0.8754936327478868","0.9809523809523809","Peonidin 3-(6''-p-coumaroyl-glucoside) 5-glucoside","HMDB0038092","0","627789.4375","7979396","1","0","false","0.0011632585665211082",""
"Pacific Northwest National Laboratory","20201130_jl_lungmap_agarose_1","2020-12-01_22h59m24s","C20H27NO3","M+H","","C20H27NO3+H+","330.206370159","0.08578727","0.5","0.0927416062426889","0.9451350089188278","0.9787107718405428","Trilostane, Retrofractamide C, (8E)-Piperamide-C9:1, Pipertipine, N-desethyloxybutynin","HMDB0015240, HMDB0033448, HMDB0038646, HMDB0039808, HMDB0061042","0","438490.46875","212976336","5","0","false","0.000021948255380266346",""
"Pacific Northwest National Laboratory","20201130_jl_lungmap_agarose_1","2020-12-01_22h59m24s","C22H22N6O7S2","M+K","","C22H22N6O7S2+K+","585.062297277","0.08596694","0.5","0.09405747080637782","0.9148269458619566","0.9990776108423167","Ceftazidime","HMDB0014582","0","2788879","9881875456","1","1","false","0.0000029162677037675167","C25H22O14+K+"
"Pacific Northwest National Laboratory","20201130_jl_lungmap_agarose_1","2020-12-01_22h59m24s","C21H39O6P","M+H","","C21H39O6P+H+","419.255702403","0.086272486","0.5","0.09233125292491628","0.9369368595693862","0.9972711811997527","CPA(18:1(11Z)/0:0), CPA(18:1(9Z)/0:0)","HMDB0007005, HMDB0007006","0","630235.0625","1811975168","2","2","false","0.00010165997809963301","C23H40O4+K+, C19H41O6P+Na+"
"Pacific Northwest National Laboratory","20201130_jl_lungmap_agarose_1","2020-12-01_22h59m24s","C27H32O15","M+Na","","C27H32O15+Na+","619.163341007","0.08686448","0.5","0.09881553404005852","0.90613690933243","0.9701149425287356","Eriocitrin, Isorubrofusarin 10-gentiobioside, (2R)-6,8-Diglucopyranosyl-4',5,7-trihydroxyflavanone, Pinobanksin 5-[galactosyl-(1->4)-glucoside], Rubrofusarin 6-gentiobioside, Cassiaside C, 2-[3,4-bis(2-hydroxyethoxy)phenyl]-5-hydroxy-7-(2-hydroxyethoxy)-3-{[3,4,5-trihydroxy-6-(hydroxymethyl)oxan-2-yl]oxy}-4H-chromen-4-one","HMDB0005811, HMDB0034609, HMDB0037407, HMDB0037506, HMDB0038478, HMDB0038550, HMDB0141965","0","503214.84375","181563856","7","0","false","0.0000035339826354174875",""
"Pacific Northwest National Laboratory","20201130_jl_lungmap_agarose_1","2020-12-01_22h59m24s","C42H76NO8P","M+H","","C42H76NO8P+H+","754.5381318269999","0.08738783","0.5","0.1033435729122471","0.8468457678963454","0.9985347399829497","PC(14:0/20:4(5Z,8Z,11Z,14Z)), PC(14:0/20:4(8Z,11Z,14Z,17Z)), PC(14:1(9Z)/20:3(5Z,8Z,11Z)), PC(14:1(9Z)/20:3(8Z,11Z,14Z)), PC(16:0/18:4(6Z,9Z,12Z,15Z)), PC(16:1(9Z)/18:3(6Z,9Z,12Z)), PC(16:1(9Z)/18:3(9Z,12Z,15Z)), PC(18:3(6Z,9Z,12Z)/16:1(9Z)), PC(18:3(9Z,12Z,15Z)/16:1(9Z)), PC(18:4(6Z,9Z,12Z,15Z)/16:0), PC(20:3(5Z,8Z,11Z)/14:1(9Z)), PC(20:3(8Z,11Z,14Z)/14:1(9Z)), PC(20:4(5Z,8Z,11Z,14Z)/14:0), PC(20:4(8Z,11Z,14Z,17Z)/14:0), PE(15:0/22:4(7Z,10Z,13Z,16Z)), PE(22:4(7Z,10Z,13Z,16Z)/15:0), PE-NMe(14:0/22:4(7Z,10Z,13Z,16Z)), PE-NMe(16:0/20:4(5Z,8Z,11Z,14Z)), PE-NMe(16:1(9Z)/20:3(5Z,8Z,11Z)), PE-NMe(16:1(9Z)/20:3(8Z,11Z,14Z)), PE-NMe(18:0/18:4(6Z,9Z,12Z,15Z)), PE-NMe(18:1(11Z)/18:3(6Z,9Z,12Z)), PE-NMe(18:1(11Z)/18:3(9Z,12Z,15Z)), PE-NMe(18:1(9Z)/18:3(6Z,9Z,12Z)), PE-NMe(18:1(9Z)/18:3(9Z,12Z,15Z)), PE-NMe(18:2(9Z,12Z)/18:2(9Z,12Z)), PE-NMe(18:3(6Z,9Z,12Z)/18:1(11Z)), PE-NMe(18:3(6Z,9Z,12Z)/18:1(9Z)), PE-NMe(18:3(9Z,12Z,15Z)/18:1(11Z)), PE-NMe(18:3(9Z,12Z,15Z)/18:1(9Z)), PE-NMe(18:4(6Z,9Z,12Z,15Z)/18:0), PE-NMe(20:3(5Z,8Z,11Z)/16:1(9Z)), PE-NMe(20:3(8Z,11Z,14Z)/16:1(9Z)), PE-NMe(20:4(5Z,8Z,11Z,14Z)/16:0), PE-NMe(20:4(8Z,11Z,14Z,17Z)/16:0), PE-NMe(22:4(7Z,10Z,13Z,16Z)/14:0), PE-NMe2(15:0/20:4(5Z,8Z,11Z,14Z)), PE-NMe2(15:0/20:4(8Z,11Z,14Z,17Z)), PE-NMe2(20:4(5Z,8Z,11Z,14Z)/15:0), PE-NMe2(20:4(8Z,11Z,14Z,17Z)/15:0), PE-NMe(16:0/20:4(8Z,11Z,14Z,17Z))","HMDB0007883, HMDB0007884, HMDB0007914, HMDB0007915, HMDB0007976, HMDB0008007, HMDB0008008, HMDB0008167, HMDB0008200, HMDB0008232, HMDB0008362, HMDB0008395, HMDB0008426, HMDB0008459, HMDB0008910, HMDB0009582, HMDB0112993, HMDB0113050, HMDB0113070, HMDB0113071, HMDB0113092, HMDB0113117, HMDB0113118, HMDB0113144, HMDB0113145, HMDB0113172, HMDB0113199, HMDB0113200, HMDB0113227, HMDB0113228, HMDB0113255, HMDB0113370, HMDB0113398, HMDB0113425, HMDB0113453, HMDB0113592, HMDB0113928, HMDB0113929, HMDB0114326, HMDB0114354, HMDB0116725","0","56544560","183846600704","41","2","false","0.0003296768700238317","C40H78NO8P+Na+, C40H80N2O6P+K+"
"Pacific Northwest National Laboratory","20201130_jl_lungmap_agarose_1","2020-12-01_22h59m24s","C41H45O23","M+K","","C41H45O23+K+","944.1983205930001","0.087697804","0.5","0.10636320697984662","0.8453159271969889","0.9753898635477583","Cyanidin 3-O-(2""-xylosyl-6""-(6""'-caffeoyl-glucosyl)-galactoside)","HMDB0029244","0","581832.25","198296832","1","0","false","0.000088597706053406",""
"Pacific Northwest National Laboratory","20201130_jl_lungmap_agarose_1","2020-12-01_22h59m24s","C12H23O14P","M+K","","C12H23O14P+K+","461.045700309","0.088095754","0.5","0.09311340588663872","0.9477062533137598","0.9983182323954856","Trehalose 6-phosphate, Lactose 6-phosphate","HMDB0001124, HMDB0006789","0","705509.1875","2819919616","2","0","false","0.00010999207734130323",""
"Pacific Northwest National Laboratory","20201130_jl_lungmap_agarose_1","2020-12-01_22h59m24s","C18H37NO2","M+H","","C18H37NO2+H+","300.28970585900004","0.088549666","0.5","0.09376382855888636","0.9523840823559399","0.9916067146282974","Palmitoylethanolamide, Sphingosine, 3-Dehydrosphinganine","HMDB0002100, HMDB0000252, HMDB0001480","0","684730.5625","42407880","3","0","false","0.0002301228669239208",""
"Pacific Northwest National Laboratory","20201130_jl_lungmap_agarose_1","2020-12-01_22h59m24s","C47H83O13P","M+Na","","C47H83O13P+Na+","909.546350399","0.08882361","0.5","0.10748590093864573","0.829199800243561","0.9965927870127346","PI(16:0/22:4(10Z,13Z,16Z,19Z)), PI(16:0/22:4(7Z,10Z,13Z,16Z)), PI(18:0/20:4(5Z,8Z,11Z,14Z)), PI(18:0/20:4(8Z,11Z,14Z,17Z)), PI(18:1(11Z)/20:3(5Z,8Z,11Z)), PI(18:1(11Z)/20:3(8Z,11Z,14Z)), PI(18:1(9Z)/20:3(5Z,8Z,11Z)), PI(18:1(9Z)/20:3(8Z,11Z,14Z)), PI(18:2(9Z,12Z)/20:2(11Z,14Z)), PI(20:2(11Z,14Z)/18:2(9Z,12Z)), PI(20:3(5Z,8Z,11Z)/18:1(11Z)), PI(20:3(5Z,8Z,11Z)/18:1(9Z)), PI(20:3(8Z,11Z,14Z)/18:1(11Z)), PI(20:3(8Z,11Z,14Z)/18:1(9Z)), PI(20:4(5Z,8Z,11Z,14Z)/18:0), PI(20:4(8Z,11Z,14Z,17Z)/18:0), PI(22:4(10Z,13Z,16Z,19Z)/16:0), PI(22:4(7Z,10Z,13Z,16Z)/16:0)","HMDB0009793, HMDB0009794, HMDB0009815, HMDB0009816, HMDB0009830, HMDB0009831, HMDB0009842, HMDB0009843, HMDB0009853, HMDB0009877, HMDB0009881, HMDB0009882, HMDB0009888, HMDB0009889, HMDB0009894, HMDB0009900, HMDB0009912, HMDB0009914","0","2167737.75","4206057472","18","0","false","0.000006317007773759542",""
"Pacific Northwest National Laboratory","20201130_jl_lungmap_agarose_1","2020-12-01_22h59m24s","C52H89N3O15P2","M+Na","","C52H89N3O15P2+Na+","1080.566113831","0.08973179","0.5","0.10908372851410472","0.8284334914362542","0.9929530201342281","CDP-DG(18:1(11Z)/22:3(10Z,13Z,16Z)), CDP-DG(18:1(9Z)/22:3(10Z,13Z,16Z))","HMDB0006993, HMDB0007001","0","484521.46875","58668200","2","0","false","0.000037175290344748646",""
"Pacific Northwest National Laboratory","20201130_jl_lungmap_agarose_1","2020-12-01_22h59m24s","C23H22O13","M+K","","C23H22O13+K+","545.069198657","0.08984433","0.5","0.09837158448069779","0.9168952415038832","0.9960962007668177","Quercetin 3-O-(6''-acetyl-glucoside), Tricin 7-glucuronoside, Quercetin 3-(6''-acetylglucoside), Glyphoside, 4''-O-Acetylmyricitrin, Isobiflorin 6''-gallate","HMDB0029271, HMDB0033894, HMDB0037366, HMDB0038465, HMDB0039923, HMDB0040633","0","1296818.75","1451344000","6","0","false","0.000019831626559607685",""
"Pacific Northwest National Laboratory","20201130_jl_lungmap_agarose_1","2020-12-01_22h59m24s","C12H16O9S","M+K","","C12H16O9S+K+","375.014661155","0.08986182","0.5","0.09691130221140697","0.9350994048116289","0.9916147580258745","4-Hydroxy-5-(dihydroxyphenyl)-valeric acid-O-methyl-O-sulphate","HMDB0059977","0","525622.25","402758016","1","1","false","0.00023552692437078804","C15H12O8S+Na+"
"Pacific Northwest National Laboratory","20201130_jl_lungmap_agarose_1","2020-12-01_22h59m24s","C42H80NO10P","M+Na","","C42H80NO10P+Na+","812.5412054429999","0.09012668","0.5","0.10933388263405584","0.8487985174239611","0.9711671612265084","PS(18:0/18:1(9Z)), PS(18:1(9Z)/18:0), PS(14:1(9Z)/22:0), PS(16:0/20:1(11Z)), PS(16:1(9Z)/20:0), PS(18:0/18:1(11Z)), PS(14:0/22:1(13Z)), PS(18:1(11Z)/18:0), PS(20:0/16:1(9Z)), PS(20:1(11Z)/16:0), PS(22:0/14:1(9Z)), PS(22:1(13Z)/14:0)","HMDB0010163, HMDB0012389, HMDB0112279, HMDB0112286, HMDB0112287, HMDB0112289, HMDB0112301, HMDB0112388, HMDB0112515, HMDB0112543, HMDB0112708, HMDB0112736","0","2058874.875","1124437120","12","0","false","0.000013026916349190287",""
"Pacific Northwest National Laboratory","20201130_jl_lungmap_agarose_1","2020-12-01_22h59m24s","C12H22NO10S3","M+Na","","C12H22NO10S3+Na+","459.02980509700006","0.09063993","0.5","0.10064328543292256","0.9023039715835095","0.9981179469875905","Glucoraphanin","HMDB0038404","0","641256.6875","2063421056","1","2","false","0.00006611686694668606","C20H14N2O7S2+H+, C18H16N2O7S2+Na+"
"Pacific Northwest National Laboratory","20201130_jl_lungmap_agarose_1","2020-12-01_22h59m24s","C54H86O23","M+Na","","C54H86O23+Na+","1125.545209695","0.09095753","0.5","0.10826228451041443","0.8591555420698576","0.9778892232252312","Lablaboside A, Protoprimulagenin A 3-[glucosyl-(1->3)-galactosyl-(1->4)-[rhamnosyl-(1->2)]-glucuronide]","HMDB0032892, HMDB0033157","0","559421.125","666606528","2","0","false","0.000004339075076131849",""
"Pacific Northwest National Laboratory","20201130_jl_lungmap_agarose_1","2020-12-01_22h59m24s","C18H16N2O7S2","M+Na","","C18H16N2O7S2+Na+","459.029113875","0.09163949","0.5","0.11024414869701077","0.8328087109329022","0.9981179469875905","C.I. Food Red 1","HMDB0033383","0","641256.6875","2063421056","1","2","false","0.00006611686694668606","C20H14N2O7S2+H+, C12H22NO10S3+Na+"
"Pacific Northwest National Laboratory","20201130_jl_lungmap_agarose_1","2020-12-01_22h59m24s","C15H16O10","M+Na","","C15H16O10+Na+","379.063567395","0.09180583","0.5","0.09608712315223986","0.9579348236730216","0.9973994240335108","Caffeic acid 3-O-glucuronide, Caffeic acid 4-O-glucuronide, Caffeoyl C1-glucuronide, 6-{4-[(1E)-2-carboxyeth-1-en-1-yl]-2-hydroxyphenoxy}-3,4,5-trihydroxyoxane-2-carboxylic acid, 6-{5-[(1E)-2-carboxyeth-1-en-1-yl]-2-hydroxyphenoxy}-3,4,5-trihydroxyoxane-2-carboxylic acid, 6-{[(2E)-3-(3,4-dihydroxyphenyl)prop-2-enoyl]oxy}-3,4,5-trihydroxyoxane-2-carboxylic acid, 6-[4-(2-carboxy-2-oxoethyl)phenoxy]-3,4,5-trihydroxyoxane-2-carboxylic acid, 3,4,5-trihydroxy-6-{[3-(4-hydroxyphenyl)-2-oxopropanoyl]oxy}oxane-2-carboxylic acid, 6-[4-(3-carboxyoxiran-2-yl)phenoxy]-3,4,5-trihydroxyoxane-2-carboxylic acid, 3,4,5-trihydroxy-6-[3-(4-hydroxyphenyl)oxirane-2-carbonyloxy]oxane-2-carboxylic acid, 6-{4-[(1E)-2-carboxyeth-1-en-1-yl]-3-hydroxyphenoxy}-3,4,5-trihydroxyoxane-2-carboxylic acid, 6-{2-[(1E)-2-carboxyeth-1-en-1-yl]-5-hydroxyphenoxy}-3,4,5-trihydroxyoxane-2-carboxylic acid, 6-{[(2E)-3-(2,4-dihydroxyphenyl)prop-2-enoyl]oxy}-3,4,5-trihydroxyoxane-2-carboxylic acid, 6-[4-(2-carboxyeth-1-en-1-yl)-2-hydroxyphenoxy]-3,4,5-trihydroxyoxane-2-carboxylic acid, 6-[5-(2-carboxyeth-1-en-1-yl)-2-hydroxyphenoxy]-3,4,5-trihydroxyoxane-2-carboxylic acid, 6-{[3-(3,4-dihydroxyphenyl)prop-2-enoyl]oxy}-3,4,5-trihydroxyoxane-2-carboxylic acid, 6-[3-(2-carboxyeth-1-en-1-yl)-5-hydroxyphenoxy]-3,4,5-trihydroxyoxane-2-carboxylic acid, 6-{[3-(3,5-dihydroxyphenyl)prop-2-enoyl]oxy}-3,4,5-trihydroxyoxane-2-carboxylic acid, 6-[3-(2-carboxyeth-1-en-1-yl)-2-hydroxyphenoxy]-3,4,5-trihydroxyoxane-2-carboxylic acid, 6-[2-(2-carboxyeth-1-en-1-yl)-6-hydroxyphenoxy]-3,4,5-trihydroxyoxane-2-carboxylic acid, 6-[2-(3-carboxyoxiran-2-yl)phenoxy]-3,4,5-trihydroxyoxane-2-carboxylic acid, 3,4,5-trihydroxy-6-[3-(2-hydroxyphenyl)oxirane-2-carbonyloxy]oxane-2-carboxylic acid, 6-[3-(2-carboxyeth-1-en-1-yl)-4-hydroxyphenoxy]-3,4,5-trihydroxyoxane-2-carboxylic acid, 6-[2-(2-carboxyeth-1-en-1-yl)-4-hydroxyphenoxy]-3,4,5-trihydroxyoxane-2-carboxylic acid, 6-{[3-(2,5-dihydroxyphenyl)prop-2-enoyl]oxy}-3,4,5-trihydroxyoxane-2-carboxylic acid, 6-{3-[(1E)-2-carboxyeth-1-en-1-yl]-2-hydroxyphenoxy}-3,4,5-trihydroxyoxane-2-carboxylic acid, 6-{2-[(1E)-2-carboxyeth-1-en-1-yl]-6-hydroxyphenoxy}-3,4,5-trihydroxyoxane-2-carboxylic acid, 6-{[(2E)-3-(2,3-dihydroxyphenyl)prop-2-enoyl]oxy}-3,4,5-trihydroxyoxane-2-carboxylic acid, 6-{3-[(1E)-2-carboxyeth-1-en-1-yl]-5-hydroxyphenoxy}-3,4,5-trihydroxyoxane-2-carboxylic acid, 6-{[(2E)-3-(3,5-dihydroxyphenyl)prop-2-enoyl]oxy}-3,4,5-trihydroxyoxane-2-carboxylic acid","HMDB0041705, HMDB0041707, HMDB0041709, HMDB0124957, HMDB0124958, HMDB0124959, HMDB0125407, HMDB0125408, HMDB0125827, HMDB0125828, HMDB0126407, HMDB0126408, HMDB0126409, HMDB0127959, HMDB0127960, HMDB0127961, HMDB0128006, HMDB0128007, HMDB0134084, HMDB0134085, HMDB0134089, HMDB0134090, HMDB0134093, HMDB0134094, HMDB0134095, HMDB0135269, HMDB0135270, HMDB0135271, HMDB0135463, HMDB0135464","0","751935.75","3225799680","30","3","false","0.000023024836991680786","C12H20O11+K+, C9H17N4O9P+Na+, C19H16ClNO4+Na+"
"Pacific Northwest National Laboratory","20201130_jl_lungmap_agarose_1","2020-12-01_22h59m24s","C16H18O9","M+K","","C16H18O9+K+","393.058240049","0.0922286","0.5","0.09810936930285061","0.9415960058981002","0.9983676975945017","Biflorin, trans-Chlorogenic acid, Chlorogenic acid, Cis-5-Caffeoylquinic acid, 1-O-Caffeoylquinic acid, Cryptochlorogenic acid, Isobiflorin, 5Z-Caffeoylquinic acid, 3,4,5-trihydroxy-6-{[3-(3-methoxyphenyl)prop-2-enoyl]oxy}oxane-2-carboxylic acid, 3,4,5-trihydroxy-6-{[(2E)-3-(3-methoxyphenyl)prop-2-enoyl]oxy}oxane-2-carboxylic acid, 6-[(2Z)-2-carboxy-2-(phenylmethylidene)ethoxy]-3,4,5-trihydroxyoxane-2-carboxylic acid, 3,4,5-trihydroxy-6-{[(2E)-2-(hydroxymethyl)-3-phenylprop-2-enoyl]oxy}oxane-2-carboxylic acid, 6-{3-[(1E)-2-carboxy-2-methyleth-1-en-1-yl]phenoxy}-3,4,5-trihydroxyoxane-2-carboxylic acid, 3,4,5-trihydroxy-6-{[(2E)-3-(3-hydroxyphenyl)-2-methylprop-2-enoyl]oxy}oxane-2-carboxylic acid, 6-{4-[(1E)-2-carboxy-2-methyleth-1-en-1-yl]phenoxy}-3,4,5-trihydroxyoxane-2-carboxylic acid, 3,4,5-trihydroxy-6-{[(2E)-3-(4-hydroxyphenyl)-2-methylprop-2-enoyl]oxy}oxane-2-carboxylic acid, 3,4,5-trihydroxy-6-(2-methyl-3-phenyloxirane-2-carbonyloxy)oxane-2-carboxylic acid, 3,4,5-trihydroxy-6-{[(2E)-3-(2-hydroxyphenyl)-2-methylprop-2-enoyl]oxy}oxane-2-carboxylic acid, 3,4,5-trihydroxy-6-[5-methoxy-2-(3-oxoprop-1-en-1-yl)phenoxy]oxane-2-carboxylic acid, 3,4,5-trihydroxy-6-{[3-(4-methoxyphenyl)prop-2-enoyl]oxy}oxane-2-carboxylic acid, 3,4,5-trihydroxy-6-[2-hydroxy-4-(3-oxobut-1-en-1-yl)phenoxy]oxane-2-carboxylic acid, 3,4,5-trihydroxy-6-[2-hydroxy-5-(3-oxobut-1-en-1-yl)phenoxy]oxane-2-carboxylic acid","HMDB0002336, HMDB0032849, HMDB0003164, HMDB0029278, HMDB0030652, HMDB0030653, HMDB0040632, HMDB0040690, HMDB0127978, HMDB0133309, HMDB0133659, HMDB0133660, HMDB0133662, HMDB0133663, HMDB0133665, HMDB0133666, HMDB0133668, HMDB0133672, HMDB0135667, HMDB0135670, HMDB0135679, HMDB0135680","0","706906","2582350848","22","1","false","0.000050300619477638975","C19H14O8+Na+"
"Pacific Northwest National Laboratory","20201130_jl_lungmap_agarose_1","2020-12-01_22h59m24s","C35H68NO10P","M+Na","","C35H68NO10P+Na+","716.447305059","0.092899784","0.5","0.10780621736120627","0.8764833295667664","0.9831668837747866","PS(14:0/15:0), PS(15:0/14:0)","HMDB0112273, HMDB0112320","0","1255992","1161744384","2","1","false","0.000050032238505082205","C42H63NO7+Na+"
"Pacific Northwest National Laboratory","20201130_jl_lungmap_agarose_1","2020-12-01_22h59m24s","C14H14O5S","M+Na","","C14H14O5S+Na+","317.045415401","0.09319378","0.5","0.09810607093800813","0.9588403363170281","0.9907058528008038","(2-hydroxy-1,2-diphenylethoxy)sulfonic acid","HMDB0135202","0","3260172.75","387118272","1","2","false","0.00032233569072559476","C12H14N4O2S+K+, C15H13ClFNO2+Na+"
"Pacific Northwest National Laboratory","20201130_jl_lungmap_agarose_1","2020-12-01_22h59m24s","C15H8N2O3","M+K","","C15H8N2O3+K+","303.016650009","0.09367602","0.5","0.10044710745931223","0.9436280701085458","0.9883030826851051","Necatorine","HMDB0039035","0","1301105.25","271660096","1","0","false","0.00010329085489502177",""
"Pacific Northwest National Laboratory","20201130_jl_lungmap_agarose_1","2020-12-01_22h59m24s","C38H75O10P","M+Na","","C38H75O10P+Na+","745.499006283","0.09380165","0.5","0.10922626598795297","0.8625898034212397","0.9955866297136139","PG(16:0/16:0), PG(a-13:0/i-19:0), PG(i-12:0/i-20:0), PG(i-13:0/i-19:0)","HMDB0010570, HMDB0116649, HMDB0116668, HMDB0116685","0","4796953","13186583552","4","2","false","0.0001570774329593405","C38H76NO8P+K+, C41H72NO7P+Na+"
"Pacific Northwest National Laboratory","20201130_jl_lungmap_agarose_1","2020-12-01_22h59m24s","C25H24O16","M+K","","C25H24O16+K+","619.069592581","0.094025895","0.5","0.10441492103861404","0.9046433828722336","0.9954226190476191","Urolithin A 3,8-O-diglucuronide","HMDB0041786","0","656700.9375","1432054656","1","0","false","0.00001176392561319517",""
"Pacific Northwest National Laboratory","20201130_jl_lungmap_agarose_1","2020-12-01_22h59m24s","C16H22N4O","M+K","","C16H22N4O+K+","325.142519217","0.09564727","0.5","0.10197363686414858","0.9407652211820253","0.9970189701897019","Thonzylamine","HMDB0240222","0","809545.875","627883072","1","2","false","0.000025155848561553285","C13H25O7P+H+, C18H22O4+Na+"
"Pacific Northwest National Laboratory","20201130_jl_lungmap_agarose_1","2020-12-01_22h59m24s","C21H14O10","M+H","","C21H14O10+H+","427.0659730830001","0.09568694","0.5","0.10377244204187407","0.9352240615100421","0.9859501403334985","5,14-bis(acetyloxy)-4-hydroxy-9-oxo-8,17-dioxatetracyclo[8.7.0.0²,⁷.0¹¹,¹⁶]heptadeca-1(10),2,4,6,11,13,15-heptaen-13-yl acetate, 5,14-bis(acetyloxy)-15-hydroxy-9-oxo-8,17-dioxatetracyclo[8.7.0.0²,⁷.0¹¹,¹⁶]heptadeca-1(10),2(7),3,5,11,13,15-heptaen-13-yl acetate, 5,14-bis(acetyloxy)-6-hydroxy-9-oxo-8,17-dioxatetracyclo[8.7.0.0²,⁷.0¹¹,¹⁶]heptadeca-1(10),2(7),3,5,11,13,15-heptaen-13-yl acetate, 5,13-bis(acetyloxy)-12-hydroxy-9-oxo-8,17-dioxatetracyclo[8.7.0.0²,⁷.0¹¹,¹⁶]heptadeca-1(10),2(7),3,5,11,13,15-heptaen-14-yl acetate, 5,14-bis(acetyloxy)-3-hydroxy-9-oxo-8,17-dioxatetracyclo[8.7.0.0²,⁷.0¹¹,¹⁶]heptadeca-1(10),2,4,6,11,13,15-heptaen-13-yl acetate, 5,13-bis(acetyloxy)-9-oxo-8,17-dioxatetracyclo[8.7.0.0²,⁷.0¹¹,¹⁶]heptadeca-1(10),2(7),3,5,11,13,15-heptaen-14-yl 2-hydroxyacetate, 5,14-bis(acetyloxy)-9-oxo-8,17-dioxatetracyclo[8.7.0.0²,⁷.0¹¹,¹⁶]heptadeca-1(10),2(7),3,5,11,13,15-heptaen-13-yl 2-hydroxyacetate, 13,14-bis(acetyloxy)-9-oxo-8,17-dioxatetracyclo[8.7.0.0²,⁷.0¹¹,¹⁶]heptadeca-1(10),2(7),3,5,11,13,15-heptaen-5-yl 2-hydroxyacetate","HMDB0128404, HMDB0128405, HMDB0128406, HMDB0128407, HMDB0128408, HMDB0128409, HMDB0128410, HMDB0128411","0","775354.3125","426642240","8","0","false","0.000021803536583320238",""
"Pacific Northwest National Laboratory","20201130_jl_lungmap_agarose_1","2020-12-01_22h59m24s","C42H80NO7P","M+K","","C42H80NO7P+K+","780.5303987929999","0.09803637","0.5","0.13345528927388184","0.7358199674071356","0.9983432364434452","PC(16:1(9Z)/P-18:1(11Z)), PC(16:1(9Z)/P-18:1(9Z)), PC(18:2(9Z,12Z)/P-16:0), PC(P-16:0/18:2(9Z,12Z)), PC(P-18:1(11Z)/16:1(9Z)), PC(P-18:1(9Z)/16:1(9Z)), PC(o-16:1(9Z)/18:2(9Z,12Z))","HMDB0008029, HMDB0008030, HMDB0008159, HMDB0011211, HMDB0011273, HMDB0011306, HMDB0013413","0","4722227.5","18498170880","7","1","false","0.00023113394854590297","C40H77NO11S+H+"
"Pacific Northwest National Laboratory","20201130_jl_lungmap_agarose_1","2020-12-01_22h59m24s","C24H24O13","M+K","","C24H24O13+K+","559.084848721","0.098073676","0.5","0.10757339630720969","0.9137647611383866","0.9977303070761014","Eujambolin, 3,4,5-trihydroxy-6-{[4-oxo-1-(5,6,7-trimethoxy-4-oxo-4H-chromen-2-yl)cyclohexa-2,5-dien-1-yl]oxy}oxane-2-carboxylic acid","HMDB0037970, HMDB0128593","0","661179.6875","1941217280","2","1","false","0.00007430957339238375","C27H20O12+Na+"
"Pacific Northwest National Laboratory","20201130_jl_lungmap_agarose_1","2020-12-01_22h59m24s","C46H82NO7P","M+K","","C46H82NO7P+K+","830.546048857","0.09842134","0.5","0.12401926524118573","0.8236216476783047","0.9635458548726785","PC(20:4(5Z,8Z,11Z,14Z)/P-18:1(11Z)), PC(20:4(5Z,8Z,11Z,14Z)/P-18:1(9Z)), PC(20:4(8Z,11Z,14Z,17Z)/P-18:1(11Z)), PC(20:4(8Z,11Z,14Z,17Z)/P-18:1(9Z)), PC(20:5(5Z,8Z,11Z,14Z,17Z)/P-18:0), PC(22:5(4Z,7Z,10Z,13Z,16Z)/P-16:0), PC(22:5(7Z,10Z,13Z,16Z,19Z)/P-16:0), PC(P-16:0/22:5(4Z,7Z,10Z,13Z,16Z)), PC(P-16:0/22:5(7Z,10Z,13Z,16Z,19Z)), PC(P-18:0/20:5(5Z,8Z,11Z,14Z,17Z)), PC(P-18:1(11Z)/20:4(5Z,8Z,11Z,14Z)), PC(P-18:1(11Z)/20:4(8Z,11Z,14Z,17Z)), PC(P-18:1(9Z)/20:4(5Z,8Z,11Z,14Z)), PC(P-18:1(9Z)/20:4(8Z,11Z,14Z,17Z)), PC(o-16:0/22:6(4Z,7Z,10Z,13Z,16Z,19Z)), 2-O-(4,7,10,13,16,19-Docosahexaenoyl)-1-O-hexadecylglycero-3-phosphocholine","HMDB0008457, HMDB0008458, HMDB0008490, HMDB0008491, HMDB0008522, HMDB0008685, HMDB0008718, HMDB0011227, HMDB0011228, HMDB0011255, HMDB0011286, HMDB0011287, HMDB0011319, HMDB0011320, HMDB0013409, HMDB0039529","0","1704021.125","1474682880","16","0","false","0.00003971244586864486",""
"Pacific Northwest National Laboratory","20201130_jl_lungmap_agarose_1","2020-12-01_22h59m24s","C50H92N2O18","M+K","","C50H92N2O18+K+","1047.597671997","0.09850552","0.5","0.1213912257431012","0.8159087358402536","0.9945615982241953","Ganglioside GA2 (d18:1/12:0)","HMDB0004888","0","1140015.625","1799945728","1","0","false","0.000004878634172200691",""
"Pacific Northwest National Laboratory","20201130_jl_lungmap_agarose_1","2020-12-01_22h59m24s","C27H43NO4","M+Na","","C27H43NO4+Na+","468.3084295390001","0.10022823","0.5","0.11040547594069948","0.915003239874879","0.9921487861199526","N-Oleoyl tyrosine","HMDB0062337","0","651575.125","1113051392","1","2","false","0.000013031589332967997","C29H41NO4+H+, C22H46NO7P+H+"
"Pacific Northwest National Laboratory","20201130_jl_lungmap_agarose_1","2020-12-01_22h59m24s","C15H12O8S","M+Na","","C15H12O8S+Na+","375.01450919700005","0.10052238","0.5","0.10817306733698438","0.9371316615045178","0.9916147580258745","(5,7-dihydroxy-4-oxo-2-phenyl-3,4-dihydro-2H-1-benzopyran-3-yl)oxidanesulfonic acid, [4-(5,7-dihydroxy-4-oxo-3,4-dihydro-2H-1-benzopyran-2-yl)phenyl]oxidanesulfonic acid, {4-[3-oxo-3-(2,4,6-trihydroxyphenyl)prop-1-en-1-yl]phenyl}oxidanesulfonic acid, {4-[(1E)-3-oxo-3-(2,4,6-trihydroxyphenyl)prop-1-en-1-yl]phenyl}oxidanesulfonic acid, [4-(5,7-dihydroxy-4-oxo-3,4-dihydro-2H-1-benzopyran-3-yl)phenyl]oxidanesulfonic acid, [3-(5,7-dihydroxy-4-oxo-3,4-dihydro-2H-1-benzopyran-2-yl)phenyl]oxidanesulfonic acid, [4-(5,8-dihydroxy-4-oxo-3,4-dihydro-2H-1-benzopyran-2-yl)phenyl]oxidanesulfonic acid, {4-[(2S)-5,7-dihydroxy-4-oxo-3,4-dihydro-2H-1-benzopyran-2-yl]phenyl}oxidanesulfonic acid","HMDB0125406, HMDB0128084, HMDB0128088, HMDB0128106, HMDB0129980, HMDB0133387, HMDB0134578, HMDB0141341","0","525622.25","402758016","8","1","false","0.00023552692437078804","C12H16O9S+K+"
"Pacific Northwest National Laboratory","20201130_jl_lungmap_agarose_1","2020-12-01_22h59m24s","C12H22N2O10S4","M+Na","","C12H22N2O10S4+Na+","505.00495026699997","0.100592636","0.5","0.11036721966129318","0.9246630755681164","0.9856950067476383","Lentinic acid","HMDB0038385","0","1218438","203343072","1","0","false","0.00010580391244729981",""
"Pacific Northwest National Laboratory","20201130_jl_lungmap_agarose_1","2020-12-01_22h59m24s","C38H74NO8P","M+Na","","C38H74NO8P+Na+","726.504426011","0.101266295","0.5","0.11861188881010261","0.8692741224772668","0.982154779969651","PC(14:0/16:1(9Z)), PC(14:1(9Z)/16:0), PC(16:0/14:1(9Z)), PC(16:1(9Z)/14:0), PE(15:0/18:1(11Z)), PE(15:0/18:1(9Z)), PE(18:1(11Z)/15:0), PE(18:1(9Z)/15:0), PE-NMe(16:0/16:1(9Z)), PE-NMe(14:0/18:1(9Z)), PE-NMe(14:0/18:1(11Z)), PE-NMe(14:1(9Z)/18:0), PE-NMe(16:1(9Z)/16:0), PE-NMe(18:0/14:1(9Z)), PE-NMe(18:1(11Z)/14:0), PE-NMe(18:1(9Z)/14:0), PE-NMe2(15:0/16:1(9Z)), PE-NMe2(16:1(9Z)/15:0)","HMDB0007870, HMDB0007902, HMDB0007966, HMDB0007998, HMDB0008893, HMDB0008894, HMDB0009021, HMDB0009054, HMDB0112949, HMDB0112950, HMDB0112951, HMDB0112952, HMDB0113064, HMDB0113085, HMDB0113110, HMDB0113137, HMDB0113846, HMDB0113964","0","1954276.25","1873356800","18","0","false","0.000023593624064233154",""
"Pacific Northwest National Laboratory","20201130_jl_lungmap_agarose_1","2020-12-01_22h59m24s","C22H46NO7P","M+H","","C22H46NO7P+H+","468.30846624700007","0.101563856","0.5","0.10984855382398868","0.9318972866516754","0.9921487861199526","LysoPC(14:0), 1-Heptadecanoylglycerophosphoethanolamine","HMDB0010379, HMDB0061691","0","651575.125","1113051392","2","2","false","0.000013031589332967997","C29H41NO4+H+, C27H43NO4+Na+"
"Pacific Northwest National Laboratory","20201130_jl_lungmap_agarose_1","2020-12-01_22h59m24s","C10H14N5O7P","M+H","","C10H14N5O7P+H+","348.070361223","0.10245983","0.5","0.10592057571418553","0.970668768915263","0.9965572769170971","Adenosine monophosphate, 2'-Deoxyguanosine 5'-monophosphate, 3'-AMP, Adenosine 2'-phosphate, 2-hydroxy-dAMP","HMDB0000045, HMDB0001044, HMDB0003540, HMDB0011617, HMDB0059594","0","1486981.875","1437991680","5","1","false","0.00013706105528399348","C14H15NO8+Na+"
"Pacific Northwest National Laboratory","20201130_jl_lungmap_agarose_1","2020-12-01_22h59m24s","C14H12FNO3","M+K","","C14H12FNO3+K+","300.043279297","0.10282171","0.5","0.11133533794433684","0.9504077839769535","0.9717214912280702","Flumequine","HMDB0041895","0","359606.8125","563071872","1","0","false","0.00001816935218812432",""
"Pacific Northwest National Laboratory","20201130_jl_lungmap_agarose_1","2020-12-01_22h59m24s","C23H43NO4","M+H","","C23H43NO4+H+","398.32648529100004","0.10343854","0.5","0.11196589353656348","0.9342676470438104","0.9888384166125892","9-Hexadecenoylcarnitine, trans-Hexadec-2-enoyl carnitine","HMDB0013207, HMDB0006317","0","469593.25","884189376","2","0","false","0.000007931507752800826",""
"Pacific Northwest National Laboratory","20201130_jl_lungmap_agarose_1","2020-12-01_22h59m24s","C45H89N2O6P","M+Na","","C45H89N2O6P+Na+","807.635046251","0.10399832","0.5","0.12552282312635782","0.8374289314981599","0.9893629953805009","SM(d18:1/22:1(13Z))","HMDB0012104","0","2138652.75","4697022464","1","0","false","0.00007228183676488698",""
"Pacific Northwest National Laboratory","20201130_jl_lungmap_agarose_1","2020-12-01_22h59m24s","C81H158O17P2","M+Na","","C81H158O17P2+Na+","1488.0866482789997","0.1072673","0.5","0.15447789488836458","0.6998202584784797","0.9922348484848484","CL(18:0/18:0/18:0/18:0), CL(a-13:0/a-21:0/a-17:0/a-21:0)[rac], CL(i-13:0/a-21:0/i-17:0/a-21:0)[rac], CL(i-13:0/i-21:0/i-17:0/i-21:0), CL(a-13:0/a-21:0/a-17:0/i-21:0)[rac], CL(a-13:0/i-21:0/a-17:0/i-21:0)[rac], CL(i-13:0/i-21:0/a-17:0/i-21:0)[rac], CL(a-13:0/a-21:0/i-17:0/i-21:0)[rac], CL(i-13:0/a-21:0/a-17:0/a-21:0)[rac], CL(a-13:0/i-21:0/i-17:0/i-21:0)[rac], CL(a-13:0/a-21:0/i-17:0/a-21:0)[rac], CL(i-13:0/i-21:0/a-17:0/a-21:0)[rac], CL(i-13:0/a-21:0/a-17:0/i-21:0)[rac], CL(a-13:0/i-21:0/a-17:0/a-21:0)[rac], CL(i-13:0/a-21:0/i-17:0/i-21:0)[rac], CL(i-13:0/i-21:0/i-17:0/a-21:0)[rac], CL(a-13:0/i-21:0/i-17:0/a-21:0)[rac], CL(i-13:0/i-21:0/i-18:0/i-20:0), CL(a-13:0/a-21:0/i-18:0/i-20:0)[rac], CL(a-13:0/i-21:0/i-18:0/i-20:0)[rac], CL(i-13:0/a-21:0/i-18:0/i-20:0)[rac], CL(i-13:0/i-21:0/i-19:0/i-19:0), CL(a-13:0/a-21:0/i-19:0/i-19:0)[rac], CL(a-13:0/i-21:0/i-19:0/i-19:0)[rac], CL(i-13:0/a-21:0/i-19:0/i-19:0)[rac], CL(i-13:0/i-21:0/i-20:0/i-18:0), CL(a-13:0/a-21:0/i-20:0/i-18:0)[rac], CL(a-13:0/i-21:0/i-20:0/i-18:0)[rac], CL(i-13:0/a-21:0/i-20:0/i-18:0)[rac], CL(a-13:0/a-21:0/a-21:0/a-17:0)[rac], CL(i-13:0/a-21:0/i-21:0/a-17:0)[rac], CL(i-13:0/i-21:0/i-21:0/i-17:0), CL(a-13:0/a-21:0/a-21:0/i-17:0)[rac], CL(a-13:0/i-21:0/a-21:0/i-17:0)[rac], CL(i-13:0/i-21:0/a-21:0/i-17:0)[rac], CL(a-13:0/a-21:0/i-21:0/i-17:0)[rac], CL(i-13:0/a-21:0/a-21:0/a-17:0)[rac], CL(a-13:0/i-21:0/i-21:0/i-17:0)[rac], CL(a-13:0/a-21:0/i-21:0/a-17:0)[rac], CL(i-13:0/i-21:0/a-21:0/a-17:0)[rac], CL(i-13:0/a-21:0/a-21:0/i-17:0)[rac], CL(a-13:0/i-21:0/a-21:0/a-17:0)[rac], CL(i-13:0/a-21:0/i-21:0/i-17:0)[rac], CL(i-13:0/i-21:0/i-21:0/a-17:0)[rac], CL(a-13:0/i-21:0/i-21:0/a-17:0)[rac], CL(i-13:0/i-21:0/i-22:0/i-16:0), CL(a-13:0/a-21:0/i-22:0/i-16:0)[rac], CL(a-13:0/i-21:0/i-22:0/i-16:0)[rac], CL(i-13:0/a-21:0/i-22:0/i-16:0)[rac], CL(i-13:0/i-21:0/i-24:0/i-14:0)","HMDB0056960, HMDB0072965, HMDB0072966, HMDB0072967, HMDB0072968, HMDB0072969, HMDB0072970, HMDB0072971, HMDB0072972, HMDB0072973, HMDB0072974, HMDB0072975, HMDB0072976, HMDB0072977, HMDB0072978, HMDB0072979, HMDB0072980, HMDB0073102, HMDB0073103, HMDB0073104, HMDB0073107, HMDB0073192, HMDB0073193, HMDB0073194, HMDB0073195, HMDB0073258, HMDB0073260, HMDB0073261, HMDB0073263, HMDB0073347, HMDB0073348, HMDB0073349, HMDB0073350, HMDB0073351, HMDB0073352, HMDB0073353, HMDB0073354, HMDB0073355, HMDB0073356, HMDB0073357, HMDB0073358, HMDB0073359, HMDB0073360, HMDB0073361, HMDB0073362, HMDB0073459, HMDB0073460, HMDB0073461, HMDB0073462, HMDB0073518","0","844896.1875","109475296","50","0","false","0.0000320059152727481",""
"Pacific Northwest National Laboratory","20201130_jl_lungmap_agarose_1","2020-12-01_22h59m24s","C38H72NO10P","M+Na","","C38H72NO10P+Na+","756.4786051869999","0.108355284","0.5","0.1253490855379056","0.869870394460845","0.9937436878754053","PS(14:0/18:1(9Z)), PS(14:1(9Z)/18:0), PS(16:0/16:1(9Z)), PS(16:1(9Z)/16:0), PS(18:0/14:1(9Z)), PS(18:1(9Z)/14:0), PS(14:0/18:1(11Z)), PS(18:1(11Z)/14:0)","HMDB0012335, HMDB0012345, HMDB0012355, HMDB0012365, HMDB0012375, HMDB0012385, HMDB0112266, HMDB0112269","0","1846265.25","3901152768","8","1","false","0.0007847407832741737","C40H70NO10P+H+"
"Pacific Northwest National Laboratory","20201130_jl_lungmap_agarose_1","2020-12-01_22h59m24s","C45H72O5","M+K","","C45H72O5+K+","731.501133297","0.10837491","0.5","0.1307265978781201","0.8361356057389253","0.9914893617021276","DG(20:2(11Z,14Z)/22:6(4Z,7Z,10Z,13Z,16Z,19Z)/0:0), DG(20:3(5Z,8Z,11Z)/22:5(4Z,7Z,10Z,13Z,16Z)/0:0), DG(20:3(5Z,8Z,11Z)/22:5(7Z,10Z,13Z,16Z,19Z)/0:0), DG(20:3(8Z,11Z,14Z)/22:5(4Z,7Z,10Z,13Z,16Z)/0:0), DG(20:3(8Z,11Z,14Z)/22:5(7Z,10Z,13Z,16Z,19Z)/0:0), DG(20:4(5Z,8Z,11Z,14Z)/22:4(7Z,10Z,13Z,16Z)/0:0), DG(20:4(8Z,11Z,14Z,17Z)/22:4(7Z,10Z,13Z,16Z)/0:0), DG(22:4(7Z,10Z,13Z,16Z)/20:4(5Z,8Z,11Z,14Z)/0:0), DG(22:4(7Z,10Z,13Z,16Z)/20:4(8Z,11Z,14Z,17Z)/0:0), DG(22:5(4Z,7Z,10Z,13Z,16Z)/20:3(5Z,8Z,11Z)/0:0), DG(22:5(4Z,7Z,10Z,13Z,16Z)/20:3(8Z,11Z,14Z)/0:0), DG(22:5(7Z,10Z,13Z,16Z,19Z)/20:3(5Z,8Z,11Z)/0:0), DG(22:5(7Z,10Z,13Z,16Z,19Z)/20:3(8Z,11Z,14Z)/0:0), DG(22:6(4Z,7Z,10Z,13Z,16Z,19Z)/20:2(11Z,14Z)/0:0), DG(20:3n9/0:0/22:5n6), DG(20:3n9/0:0/22:5n3), DG(20:2n6/0:0/22:6n3), DG(20:3n6/0:0/22:5n6), DG(20:3n6/0:0/22:5n3), DG(20:4n6/0:0/22:4n6), DG(22:4n6/0:0/20:4n3)","HMDB0007440, HMDB0007467, HMDB0007468, HMDB0007496, HMDB0007497, HMDB0007524, HMDB0007553, HMDB0007692, HMDB0007693, HMDB0007719, HMDB0007720, HMDB0007748, HMDB0007749, HMDB0007776, HMDB0056244, HMDB0056249, HMDB0056320, HMDB0056325, HMDB0056330, HMDB0056334, HMDB0056355","0","1332352.125","23046848","21","0","false","0.005058599170297384",""
"Pacific Northwest National Laboratory","20201130_jl_lungmap_agarose_1","2020-12-01_22h59m24s","C22H22N8O8PS4","M+H","","C22H22N8O8PS4+H+","686.0253827789999","0.10848568","0.5","0.19670189499766916","0.5698395479065108","0.9678571428571429","Ceftaroline","HMDB0060581","0","524383.375","97144664","1","0","false","0.0009420377318747342",""
"Pacific Northwest National Laboratory","20201130_jl_lungmap_agarose_1","2020-12-01_22h59m24s","C17H22O11","M+K","","C17H22O11+K+","441.079369417","0.10895447","0.5","0.11631541556323967","0.9380594524542699","0.9985674353598882","4-Hydroxy-5-(3',5'-dihydroxyphenyl)-valeric acid-O-glucuronide, 4-Hydroxy-5-(3',4'-dihydroxyphenyl)-valeric acid-O-glucuronide, 6-[4-(4-carboxy-2-hydroxybutyl)-2-hydroxyphenoxy]-3,4,5-trihydroxyoxane-2-carboxylic acid, 6-[5-(4-carboxy-2-hydroxybutyl)-2-hydroxyphenoxy]-3,4,5-trihydroxyoxane-2-carboxylic acid, 6-{[5-(3,4-dihydroxyphenyl)-4-hydroxypentanoyl]oxy}-3,4,5-trihydroxyoxane-2-carboxylic acid, 3,4,5-trihydroxy-6-[2-hydroxy-3,4-dimethoxy-5-(3-oxopropyl)phenoxy]oxane-2-carboxylic acid, 3,4,5-trihydroxy-6-[6-hydroxy-2,3-dimethoxy-4-(3-oxopropyl)phenoxy]oxane-2-carboxylic acid, 3,4,5-trihydroxy-6-[2-hydroxy-5-(3-hydroxyprop-1-en-1-yl)-3,4-dimethoxyphenoxy]oxane-2-carboxylic acid, 3,4,5-trihydroxy-6-[6-hydroxy-4-(3-hydroxyprop-1-en-1-yl)-2,3-dimethoxyphenoxy]oxane-2-carboxylic acid","HMDB0059973, HMDB0059971, HMDB0127743, HMDB0127744, HMDB0127745, HMDB0128703, HMDB0128704, HMDB0128718, HMDB0128719","0","783760.9375","3277372160","9","1","false","0.000016498728655278683","C20H18O10+Na+"
"Pacific Northwest National Laboratory","20201130_jl_lungmap_agarose_1","2020-12-01_22h59m24s","C25H40N7O17P3S","M+H","","C25H40N7O17P3S+H+","836.148701425","0.109147176","0.5","0.12245188804111633","0.910924322927102","0.9785087719298246","Methacrylyl-CoA, Crotonoyl-CoA, (E)-but-2-enoyl-CoA","HMDB0001011, HMDB0002009, HMDB0059627","0","855364.375","70342480","3","0","false","0.0008458133670501411",""
"Pacific Northwest National Laboratory","20201130_jl_lungmap_agarose_1","2020-12-01_22h59m24s","C44H80NO7P","M+H","","C44H80NO7P+H+","766.5745173349999","0.10998077","0.5","0.1295557793348579","0.8523716118082567","0.9959349593495935","PC(18:3(6Z,9Z,12Z)/P-18:1(11Z)), PC(18:3(6Z,9Z,12Z)/P-18:1(9Z)), PC(18:3(9Z,12Z,15Z)/P-18:1(11Z)), PC(18:3(9Z,12Z,15Z)/P-18:1(9Z)), PC(18:4(6Z,9Z,12Z,15Z)/P-18:0), PC(20:4(5Z,8Z,11Z,14Z)/P-16:0), PC(20:4(8Z,11Z,14Z,17Z)/P-16:0), PC(P-16:0/20:4(5Z,8Z,11Z,14Z)), PC(P-16:0/20:4(8Z,11Z,14Z,17Z)), PC(P-18:0/18:4(6Z,9Z,12Z,15Z)), PC(P-18:1(11Z)/18:3(6Z,9Z,12Z)), PC(P-18:1(11Z)/18:3(9Z,12Z,15Z)), PC(P-18:1(9Z)/18:3(6Z,9Z,12Z)), PC(P-18:1(9Z)/18:3(9Z,12Z,15Z)), PC(o-16:1(9Z)/20:4(8Z,11Z,14Z,17Z)), 2-O-(5,8,11,14,17-Eicosapentaenoyl)-1-O-hexadecylglycero-3-phosphocholine","HMDB0008194, HMDB0008195, HMDB0008227, HMDB0008228, HMDB0008259, HMDB0008455, HMDB0008488, HMDB0011220, HMDB0011221, HMDB0011247, HMDB0011278, HMDB0011279, HMDB0011311, HMDB0011312, HMDB0013415, HMDB0039528","0","2744501.75","141741568","16","1","false","0.00023964869615156204","C42H82NO7P+Na+"
"Pacific Northwest National Laboratory","20201130_jl_lungmap_agarose_1","2020-12-01_22h59m24s","C28H50NO7P","M+H","","C28H50NO7P+H+","544.339766375","0.110611536","0.5","0.12187400122930567","0.9125695314225518","0.9945425616547335","LysoPC(20:4(5Z,8Z,11Z,14Z)), LysoPC(20:4(8Z,11Z,14Z,17Z))","HMDB0010395, HMDB0010396","0","773773.75","1810547968","2","1","false","0.000023814998712623492","C26H52NO7P+Na+"
"Pacific Northwest National Laboratory","20201130_jl_lungmap_agarose_1","2020-12-01_22h59m24s","C32H40O20","M+K","","C32H40O20+K+","783.1744515729999","0.11114105","0.5","0.1286691239617319","0.8744629742890324","0.9877765687341313","3,4,5-trihydroxy-6-{3-[(E)-2-(2-hydroxy-4-{[3,4,5-trihydroxy-6-(hydroxymethyl)oxan-2-yl]oxy}phenyl)ethenyl]-5-{[3,4,5-trihydroxy-6-(hydroxymethyl)oxan-2-yl]oxy}phenoxy}oxane-2-carboxylic acid, 3,4,5-trihydroxy-6-{2-[(E)-2-(3-hydroxy-5-{[3,4,5-trihydroxy-6-(hydroxymethyl)oxan-2-yl]oxy}phenyl)ethenyl]-5-{[3,4,5-trihydroxy-6-(hydroxymethyl)oxan-2-yl]oxy}phenoxy}oxane-2-carboxylic acid","HMDB0134114, HMDB0134115","0","1056677.5","478655904","2","0","false","0.00013567904534284025",""
"Pacific Northwest National Laboratory","20201130_jl_lungmap_agarose_1","2020-12-01_22h59m24s","C60H111NO18","M+Na","","C60H111NO18+Na+","1156.769336395","0.11114858","0.5","0.13673664563539212","0.8258468665160883","0.9842818428184282","Trihexosylceramide (d18:1/24:1(15Z))","HMDB0004883","0","483892.875","24044918","1","0","false","0.0014439414953812957",""
"Pacific Northwest National Laboratory","20201130_jl_lungmap_agarose_1","2020-12-01_22h59m24s","C60H98O","M+Na","","C60H98O+Na+","857.750988439","0.11321622","0.5","0.1544301957307554","0.7739707551378698","0.9472222222222222","Arachisprenol 12","HMDB0031940","0","4989967","55695448","1","1","false","0.2464301586151123","C53H100O6+Na+"
"Pacific Northwest National Laboratory","20201130_jl_lungmap_agarose_1","2020-12-01_22h59m24s","C17H20N2O6S","M+H","","C17H20N2O6S+H+","381.111483965","0.11406611","0.5","0.12139563075048951","0.9406598813847247","0.998897546897547","Meticillin","HMDB0015541","0","970540.9375","3931869440","1","1","false","0.00032481743255630136","C20H22O5+K+"
"Pacific Northwest National Laboratory","20201130_jl_lungmap_agarose_1","2020-12-01_22h59m24s","C24H42O21","M+Na","","C24H42O21+Na+","689.2110790469999","0.114092425","0.5","0.12551018598875607","0.9116515638834656","0.9971234954032793","Glycogen, Maltotetraose, Stachyose, Mannan, Fagopyritol B3, Bifurcose, Neobifurcose, Sesamose, 3-beta-Glucosylcellotriose, 3-beta-Cellobiosylcellobiose, Nystose, Fagopyritol A3","HMDB0000757, HMDB0001296, HMDB0003553, HMDB0029931, HMDB0035323, HMDB0038490, HMDB0038870, HMDB0038871, HMDB0039173, HMDB0039174, HMDB0039176, HMDB0040182","0","1233048.625","2821833216","12","0","false","0.00011450575402704999",""
"Pacific Northwest National Laboratory","20201130_jl_lungmap_agarose_1","2020-12-01_22h59m24s","C19H18O7","M+K","","C19H18O7+K+","397.068410809","0.11527042","0.5","0.12452111122956984","0.927437421232219","0.998137262796253","Chrysoobtusin, 12alpha-Hydroxymunduserone, 5,8-Dihydroxy-3-(4-hydroxybenzyl)-7-methoxy-4-chromanone 8-acetate, 5-Hydroxy-3',4',7,8-tetramethoxyflavone, Aflatoxin ExB2, 7-Hydroxy-3',4',5,6-tetramethoxyflavone, 3'-Hydroxy-4',5',7,8-tetramethoxyflavone, 4'-Hydroxy-5,6,7,8-tetramethoxyflavone, 5-hydroxy-3,6,7,8-tetramethoxy-2-phenyl-4H-chromen-4-one","HMDB0034218, HMDB0035070, HMDB0037252, HMDB0037598, HMDB0038805, HMDB0038845, HMDB0040322, HMDB0040724, HMDB0137996","0","947265.0625","5490262016","9","1","false","0.00006201660289661959","C22H14O6+Na+"
"Pacific Northwest National Laboratory","20201130_jl_lungmap_agarose_1","2020-12-01_22h59m24s","C42H80NO7P","M+H","","C42H80NO7P+H+","742.5745173349999","0.115864724","0.5","0.1373563043203826","0.8562283920926499","0.9851741293532338","PC(16:1(9Z)/P-18:1(11Z)), PC(16:1(9Z)/P-18:1(9Z)), PC(18:2(9Z,12Z)/P-16:0), PC(P-16:0/18:2(9Z,12Z)), PC(P-18:1(11Z)/16:1(9Z)), PC(P-18:1(9Z)/16:1(9Z)), PC(o-16:1(9Z)/18:2(9Z,12Z))","HMDB0008029, HMDB0008030, HMDB0008159, HMDB0011211, HMDB0011273, HMDB0011306, HMDB0013413","0","2382497.25","551061824","7","0","false","0.00004125773557461798",""
"Pacific Northwest National Laboratory","20201130_jl_lungmap_agarose_1","2020-12-01_22h59m24s","C22H14O6","M+Na","","C22H14O6+Na+","397.06825885100005","0.11633267","0.5","0.1689296971588781","0.6899306384891268","0.998137262796253","Neodiospyrin","HMDB0029538","0","947265.0625","5490262016","1","1","false","0.00006201660289661959","C19H18O7+K+"
"Pacific Northwest National Laboratory","20201130_jl_lungmap_agarose_1","2020-12-01_22h59m24s","C57H102O6","M+H","","C57H102O6+H+","883.774917419","0.11656225","0.5","0.13545462078430412","0.8714188970630586","0.9875","TG(16:0/18:0/20:4(5Z,8Z,11Z,14Z)), TG(18:0/18:2(9Z,12Z)/18:2(9Z,12Z)), TG(16:1(9Z)/18:2(9Z,12Z)/20:1(11Z)), TG(18:1(9Z)/18:1(9Z)/18:2(9Z,12Z)), TG(18:1(9Z)/18:0/18:3(9Z,12Z,15Z)), TG(18:1(9Z)/18:1(11Z)/18:2(9Z,12Z)), TG(18:2(9Z,12Z)/16:0/20:2(11Z,14Z)), Glycerol 1,2-di-(9Z,12Z-octadecadienoate) 3-octadecanoate, Glycerol 1,3-di-(9Z-octadecenoate) 2-(9Z,12Z-octadecadienoate), Glycerol 1,3-di-(9Z,12Z-octadecadienoate) 2-octadecanoate, TG(14:0/18:0/22:4(7Z,10Z,13Z,16Z)), TG(14:0/20:0/20:4(5Z,8Z,11Z,14Z)), TG(14:0/20:0/20:4(8Z,11Z,14Z,17Z)), TG(14:0/22:0/18:4(6Z,9Z,12Z,15Z)), TG(14:0/20:1(11Z)/20:3(5Z,8Z,11Z)), TG(14:0/20:1(11Z)/20:3n6), TG(14:0/20:3(5Z,8Z,11Z)/20:1(11Z)), TG(14:0/22:1(13Z)/18:3(6Z,9Z,12Z)), TG(14:0/22:1(13Z)/18:3(9Z,12Z,15Z)), TG(14:0/18:2(9Z,12Z)/22:2(13Z,16Z)), TG(14:0/18:3(6Z,9Z,12Z)/22:1(13Z)), TG(14:0/20:2n6/20:2n6), TG(14:0/20:3n6/20:1(11Z)), TG(14:0/20:4(5Z,8Z,11Z,14Z)/20:0), TG(14:0/22:2(13Z,16Z)/18:2(9Z,12Z)), TG(14:0/22:4(7Z,10Z,13Z,16Z)/18:0), TG(14:0/18:3(9Z,12Z,15Z)/22:1(13Z)), TG(14:0/18:4(6Z,9Z,12Z,15Z)/22:0), TG(14:0/20:4(8Z,11Z,14Z,17Z)/20:0), TG(16:0/16:0/22:4(7Z,10Z,13Z,16Z)), TG(16:0/18:0/20:4(8Z,11Z,14Z,17Z)), TG(16:0/20:0/18:4(6Z,9Z,12Z,15Z)), TG(16:0/18:1(11Z)/20:3(5Z,8Z,11Z)), TG(16:0/18:1(11Z)/20:3n6), TG(16:0/18:1(9Z)/20:3(5Z,8Z,11Z)), TG(16:0/18:1(9Z)/20:3n6), TG(16:0/20:1(11Z)/18:3(6Z,9Z,12Z)), TG(16:0/20:1(11Z)/18:3(9Z,12Z,15Z)), TG(16:0/20:3(5Z,8Z,11Z)/18:1(11Z)), TG(16:0/20:3(5Z,8Z,11Z)/18:1(9Z)), TG(16:0/18:2(9Z,12Z)/20:2n6), TG(16:0/18:3(6Z,9Z,12Z)/20:1(11Z)), TG(16:0/20:2n6/18:2(9Z,12Z)), TG(16:0/20:3n6/18:1(11Z)), TG(16:0/20:3n6/18:1(9Z)), TG(16:0/20:4(5Z,8Z,11Z,14Z)/18:0), TG(16:0/22:4(7Z,10Z,13Z,16Z)/16:0), TG(16:0/18:3(9Z,12Z,15Z)/20:1(11Z)), TG(16:0/18:4(6Z,9Z,12Z,15Z)/20:0), TG(16:0/20:4(8Z,11Z,14Z,17Z)/18:0)","HMDB0005370, HMDB0005411, HMDB0005445, HMDB0005455, HMDB0010456, HMDB0010458, HMDB0010474, HMDB0029554, HMDB0031113, HMDB0031114, HMDB0042172, HMDB0042200, HMDB0042206, HMDB0042235, HMDB0042403, HMDB0042409, HMDB0042432, HMDB0042467, HMDB0042474, HMDB0042531, HMDB0042554, HMDB0042588, HMDB0042612, HMDB0042635, HMDB0042676, HMDB0042694, HMDB0042764, HMDB0042786, HMDB0042815, HMDB0043904, HMDB0043936, HMDB0043963, HMDB0044091, HMDB0044097, HMDB0044119, HMDB0044125, HMDB0044151, HMDB0044158, HMDB0044172, HMDB0044173, HMDB0044264, HMDB0044286, HMDB0044318, HMDB0044340, HMDB0044341, HMDB0044362, HMDB0044417, HMDB0044482, HMDB0044503, HMDB0044530","0","6920879.5","39153276","50","1","false","0.002785890828818083","C55H104O6+Na+"
"Pacific Northwest National Laboratory","20201130_jl_lungmap_agarose_1","2020-12-01_22h59m24s","C40H80NO7P","M+K","","C40H80NO7P+K+","756.5303987929999","0.1168488","0.5","0.13861094361400803","0.8444786030962022","0.9982471562907909","PC(14:0/P-18:0), PC(16:0/P-16:0), PC(P-16:0/16:0), PC(P-18:0/14:0), PC(o-16:0/16:1(9Z))","HMDB0007896, HMDB0007994, HMDB0011206, HMDB0011236, HMDB0013404","0","18645796","72925052928","5","0","false","0.00029974093195050955",""
"Pacific Northwest National Laboratory","20201130_jl_lungmap_agarose_1","2020-12-01_22h59m24s","C26H24O13","M+H","","C26H24O13+H+","545.1289672629999","0.11725411","0.5","0.1283511168022237","0.9153084030772807","0.9980699188390835","Maclurin 3-C-(6''-p-hydroxybenzoyl-glucoside), 6-(5-{3,5-dihydroxy-8,8-dimethyl-4-oxo-4H,8H-pyrano[2,3-f]chromen-2-yl}-2-hydroxyphenoxy)-3,4,5-trihydroxyoxane-2-carboxylic acid, 6-(4-{3,5-dihydroxy-8,8-dimethyl-4-oxo-4H,8H-pyrano[2,3-f]chromen-2-yl}-2-hydroxyphenoxy)-3,4,5-trihydroxyoxane-2-carboxylic acid, 6-{[2-(3,4-dihydroxyphenyl)-5-hydroxy-8,8-dimethyl-4-oxo-4H,8H-pyrano[2,3-f]chromen-3-yl]oxy}-3,4,5-trihydroxyoxane-2-carboxylic acid, 6-{[2-(3,4-dihydroxyphenyl)-3-hydroxy-8,8-dimethyl-4-oxo-4H,8H-pyrano[2,3-f]chromen-5-yl]oxy}-3,4,5-trihydroxyoxane-2-carboxylic acid, 6-(4-{5,8-dihydroxy-12,12-dimethyl-6-oxo-3,11,14-trioxatetracyclo[8.5.0.0²,⁷.0¹³,¹⁵]pentadeca-1(10),2(7),4,8-tetraen-4-yl}phenoxy)-3,4,5-trihydroxyoxane-2-carboxylic acid, 3,4,5-trihydroxy-6-{[8-hydroxy-4-(4-hydroxyphenyl)-12,12-dimethyl-6-oxo-3,11,14-trioxatetracyclo[8.5.0.0²,⁷.0¹³,¹⁵]pentadeca-1(10),2(7),4,8-tetraen-5-yl]oxy}oxane-2-carboxylic acid, 3,4,5-trihydroxy-6-{[5-hydroxy-4-(4-hydroxyphenyl)-12,12-dimethyl-6-oxo-3,11,14-trioxatetracyclo[8.5.0.0²,⁷.0¹³,¹⁵]pentadeca-1(10),2(7),4,8-tetraen-8-yl]oxy}oxane-2-carboxylic acid, 6-{4-[3,5-dihydroxy-8-(hydroxymethyl)-8-methyl-4-oxo-4H,8H-pyrano[2,3-f]chromen-2-yl]phenoxy}-3,4,5-trihydroxyoxane-2-carboxylic acid, 3,4,5-trihydroxy-6-{[5-hydroxy-8-(hydroxymethyl)-2-(4-hydroxyphenyl)-8-methyl-4-oxo-4H,8H-pyrano[2,3-f]chromen-3-yl]oxy}oxane-2-carboxylic acid, 3,4,5-trihydroxy-6-{[3-hydroxy-8-(hydroxymethyl)-2-(4-hydroxyphenyl)-8-methyl-4-oxo-4H,8H-pyrano[2,3-f]chromen-5-yl]oxy}oxane-2-carboxylic acid, 3,4,5-trihydroxy-6-{3-hydroxy-4-[5-hydroxy-8-(hydroxymethyl)-8-methyl-4-oxo-4H,8H-pyrano[3,2-g]chromen-2-yl]phenoxy}oxane-2-carboxylic acid, 3,4,5-trihydroxy-6-{5-hydroxy-2-[5-hydroxy-8-(hydroxymethyl)-8-methyl-4-oxo-4H,8H-pyrano[3,2-g]chromen-2-yl]phenoxy}oxane-2-carboxylic acid, 6-{[8-(2,4-dihydroxyphenyl)-2-(hydroxymethyl)-2-methyl-6-oxo-2H,6H-pyrano[3,2-g]chromen-5-yl]oxy}-3,4,5-trihydroxyoxane-2-carboxylic acid, 6-(2,4-dihydroxy-5-{5-hydroxy-8,8-dimethyl-4-oxo-4H,8H-pyrano[3,2-g]chromen-2-yl}phenoxy)-3,4,5-trihydroxyoxane-2-carboxylic acid, 6-(2,5-dihydroxy-4-{5-hydroxy-8,8-dimethyl-4-oxo-4H,8H-pyrano[3,2-g]chromen-2-yl}phenoxy)-3,4,5-trihydroxyoxane-2-carboxylic acid, 6-(4,5-dihydroxy-2-{5-hydroxy-8,8-dimethyl-4-oxo-4H,8H-pyrano[3,2-g]chromen-2-yl}phenoxy)-3,4,5-trihydroxyoxane-2-carboxylic acid, 6-{[2,2-dimethyl-6-oxo-8-(2,4,5-trihydroxyphenyl)-2H,6H-pyrano[3,2-g]chromen-5-yl]oxy}-3,4,5-trihydroxyoxane-2-carboxylic acid, 6-(2,6-dihydroxy-3-{5-hydroxy-8,8-dimethyl-4-oxo-4H,8H-pyrano[3,2-g]chromen-2-yl}phenoxy)-3,4,5-trihydroxyoxane-2-carboxylic acid, 6-(2,3-dihydroxy-4-{5-hydroxy-8,8-dimethyl-4-oxo-4H,8H-pyrano[3,2-g]chromen-2-yl}phenoxy)-3,4,5-trihydroxyoxane-2-carboxylic acid, 6-(2,3-dihydroxy-6-{5-hydroxy-8,8-dimethyl-4-oxo-4H,8H-pyrano[3,2-g]chromen-2-yl}phenoxy)-3,4,5-trihydroxyoxane-2-carboxylic acid, 6-{[2,2-dimethyl-6-oxo-8-(2,3,4-trihydroxyphenyl)-2H,6H-pyrano[3,2-g]chromen-5-yl]oxy}-3,4,5-trihydroxyoxane-2-carboxylic acid, 3,4,5-trihydroxy-6-(3-hydroxy-4-{9-hydroxy-14,14-dimethyl-7-oxo-4,12,15-trioxatetracyclo[8.5.0.0³,⁸.0¹¹,¹³]pentadeca-1(10),2,5,8-tetraen-5-yl}phenoxy)oxane-2-carboxylic acid, 3,4,5-trihydroxy-6-(5-hydroxy-2-{9-hydroxy-14,14-dimethyl-7-oxo-4,12,15-trioxatetracyclo[8.5.0.0³,⁸.0¹¹,¹³]pentadeca-1(10),2,5,8-tetraen-5-yl}phenoxy)oxane-2-carboxylic acid, 6-{[5-(2,4-dihydroxyphenyl)-14,14-dimethyl-7-oxo-4,12,15-trioxatetracyclo[8.5.0.0³,⁸.0¹¹,¹³]pentadeca-1(10),2,5,8-tetraen-9-yl]oxy}-3,4,5-trihydroxyoxane-2-carboxylic acid","HMDB0032646, HMDB0127400, HMDB0127401, HMDB0127402, HMDB0127403, HMDB0127406, HMDB0127407, HMDB0127408, HMDB0127410, HMDB0127411, HMDB0127412, HMDB0127433, HMDB0127434, HMDB0127435, HMDB0127437, HMDB0127438, HMDB0127439, HMDB0127440, HMDB0127442, HMDB0127443, HMDB0127444, HMDB0127445, HMDB0127447, HMDB0127448, HMDB0127449","0","833511.3125","3769436160","25","0","false","0.00004356387580628507",""
"Pacific Northwest National Laboratory","20201130_jl_lungmap_agarose_1","2020-12-01_22h59m24s","C21H14O15","M+K","","C21H14O15+K+","544.996427641","0.11729818","0.5","0.127339677549087","0.9290439318061077","0.9914966963516231","4-(6-carboxy-2,3,4-trihydroxyphenoxy)-4',5,5',6,6'-pentahydroxy-[1,1'-biphenyl]-2,2'-dicarboxylic acid","HMDB0136072","0","3655534.5","1464519168","1","0","false","0.0002100080018863082",""
"Pacific Northwest National Laboratory","20201130_jl_lungmap_agarose_1","2020-12-01_22h59m24s","C24H38O4","M+K","","C24H38O4+K+","429.240167589","0.11744841","0.5","0.12927269385983894","0.9167794528437323","0.9910041841004185","12-Ketodeoxycholic acid, 7-Hydroxy-3-oxocholanoic acid, Nutriacholic acid, 7a-Hydroxy-3-oxo-5b-cholanoic acid, 9'-Carboxy-alpha-chromanol, D8'-Merulinic acid A, 12alpha-hydroxy-3-oxo-5beta-cholan-24-oic Acid","HMDB0000328, HMDB0000460, HMDB0000467, HMDB0000503, HMDB0012866, HMDB0041454, HMDB0062742","0","482904.90625","951384448","7","2","false","0.00003925788769265637","C25H28N6O+H+, C27H34O3+Na+"
"Pacific Northwest National Laboratory","20201130_jl_lungmap_agarose_1","2020-12-01_22h59m24s","C19H14O8","M+Na","","C19H14O8+Na+","393.058088091","0.117656626","0.5","0.12463603858851276","0.9455450769570682","0.9983676975945017","Suillusin, 15,17-dihydroxy-11,18-dimethoxy-6,8,20-trioxapentacyclo[10.8.0.0²,⁹.0³,⁷.0¹⁴,¹⁹]icosa-1(12),2(9),4,10,14(19),15,17-heptaen-13-one, 15,18-dihydroxy-11,17-dimethoxy-6,8,20-trioxapentacyclo[10.8.0.0²,⁹.0³,⁷.0¹⁴,¹⁹]icosa-1(12),2(9),4,10,14(19),15,17-heptaen-13-one, 11,15-dihydroxy-17,18-dimethoxy-6,8,20-trioxapentacyclo[10.8.0.0²,⁹.0³,⁷.0¹⁴,¹⁹]icosa-1(12),2(9),4,10,14(19),15,17-heptaen-13-one","HMDB0037371, HMDB0128900, HMDB0128901, HMDB0128902","0","706906","2582350848","4","1","false","0.000050300619477638975","C16H18O9+K+"
"Pacific Northwest National Laboratory","20201130_jl_lungmap_agarose_1","2020-12-01_22h59m24s","C37H65O8P","M+H","","C37H65O8P+H+","669.448982475","0.11879368","0.5","0.13275696560126823","0.900683266071954","0.9934910086004691","PA(14:0/20:4(5Z,8Z,11Z,14Z)), PA(14:0/20:4(8Z,11Z,14Z,17Z)), PA(14:1(9Z)/20:3(5Z,8Z,11Z)), PA(16:0/18:4(6Z,9Z,12Z,15Z)), PA(16:1(9Z)/18:3(6Z,9Z,12Z)), PA(16:1(9Z)/18:3(9Z,12Z,15Z)), PA(18:3(6Z,9Z,12Z)/16:1(9Z)), PA(18:3(9Z,12Z,15Z)/16:1(9Z)), PA(18:4(6Z,9Z,12Z,15Z)/16:0), PA(20:3(5Z,8Z,11Z)/14:1(9Z)), PA(20:4(5Z,8Z,11Z,14Z)/14:0), PA(20:4(8Z,11Z,14Z,17Z)/14:0), PA(14:1(9Z)/20:3(8Z,11Z,14Z)), PA(20:3(8Z,11Z,14Z)/14:1(9Z))","HMDB0114785, HMDB0114786, HMDB0114800, HMDB0114838, HMDB0114857, HMDB0114858, HMDB0114977, HMDB0115004, HMDB0115030, HMDB0115119, HMDB0115144, HMDB0115171, HMDB0115507, HMDB0115562","0","1592901","2954360576","14","1","false","0.00028147638658992946","C35H67O8P+Na+"
"Pacific Northwest National Laboratory","20201130_jl_lungmap_agarose_1","2020-12-01_22h59m24s","C20H18O14S","M+Na","","C20H18O14S+Na+","537.030947109","0.120001346","0.5","0.12963816382704718","0.9377564734986465","0.9871046228710463","[5-(3-{[3,4-dihydroxy-5-(hydroxymethyl)oxolan-2-yl]oxy}-5,7-dihydroxy-4-oxo-4H-chromen-2-yl)-2-hydroxyphenyl]oxidanesulfonic acid, [(5-{[2-(3,4-dihydroxyphenyl)-5,7-dihydroxy-4-oxo-4H-chromen-3-yl]oxy}-3,4-dihydroxyoxolan-2-yl)methoxy]sulfonic acid, (5-{[2-(3,4-dihydroxyphenyl)-5,7-dihydroxy-4-oxo-4H-chromen-3-yl]oxy}-4-hydroxy-2-(hydroxymethyl)oxolan-3-yl)oxidanesulfonic acid, (2-{[2-(3,4-dihydroxyphenyl)-5,7-dihydroxy-4-oxo-4H-chromen-3-yl]oxy}-4-hydroxy-5-(hydroxymethyl)oxolan-3-yl)oxidanesulfonic acid","HMDB0132728, HMDB0132729, HMDB0132730, HMDB0132731","0","607661.8125","206177120","4","0","false","0.00001465139303036267",""
"Pacific Northwest National Laboratory","20201130_jl_lungmap_agarose_1","2020-12-01_22h59m24s","C9H14O7","M+K","","C9H14O7+K+","273.037110681","0.12008938","0.5","0.12606804474520097","0.9600335743104732","0.992231884057971","1-Isopropyl citrate, 2-Isopropyl citrate","HMDB0032438, HMDB0038083","0","1443517.625","1376487552","2","0","false","0.00005781489016953856",""
"Pacific Northwest National Laboratory","20201130_jl_lungmap_agarose_1","2020-12-01_22h59m24s","C20H38O2","M+H","","C20H38O2+H+","311.29445689100004","0.120859","0.5","0.1291188801421062","0.946421820089384","0.9890186915887851","6,8-Icosanedione, 5,7-Icosanedione, 4,6-Icosanedione, Eicosenoic acid, 11-Eicosenoic acid, Ethyl oleate, Paullinic acid, Oleyl acetate, 9Z-eicosenoic acid","HMDB0035572, HMDB0035573, HMDB0035574, HMDB0002231, HMDB0034296, HMDB0034451, HMDB0035159, HMDB0037127, HMDB0062436","0","898080.1875","68615296","9","0","false","0.00037946595693938434",""
"Pacific Northwest National Laboratory","20201130_jl_lungmap_agarose_1","2020-12-01_22h59m24s","C41H83N2O6P","M+K","","C41H83N2O6P+K+","769.562033269","0.121049486","0.5","0.18319893881597138","0.6666275436135538","0.9911896061713358","SM(d18:0/18:1(11Z)), SM(d18:0/18:1(9Z)), stearoyl sphingomyelin","HMDB0012088, HMDB0012089, HMDB0062559","0","2677038.5","2746517504","3","3","false","0.000006536060027428903","C41H82NO8P+Na+, C41H84N2O6P+K+, C43H80NO8P+H+"
"Pacific Northwest National Laboratory","20201130_jl_lungmap_agarose_1","2020-12-01_22h59m24s","C44H82NO7P","M+K","","C44H82NO7P+K+","806.546048857","0.1219814","0.5","0.14931038403245703","0.8308748791455336","0.9832590507467355","PC(18:2(9Z,12Z)/P-18:1(11Z)), PC(18:2(9Z,12Z)/P-18:1(9Z)), PC(18:3(6Z,9Z,12Z)/P-18:0), PC(18:3(9Z,12Z,15Z)/P-18:0), PC(20:3(5Z,8Z,11Z)/P-16:0), PC(20:3(8Z,11Z,14Z)/P-16:0), PC(P-16:0/20:3(5Z,8Z,11Z)), PC(P-16:0/20:3(8Z,11Z,14Z)), PC(P-18:0/18:3(6Z,9Z,12Z)), PC(P-18:0/18:3(9Z,12Z,15Z)), PC(P-18:1(11Z)/18:2(9Z,12Z)), PC(P-18:1(9Z)/18:2(9Z,12Z)), PC(o-16:0/20:4(8Z,11Z,14Z,17Z)), PC(o-18:2(9Z,12Z)/18:2(9Z,12Z))","HMDB0008161, HMDB0008162, HMDB0008193, HMDB0008226, HMDB0008390, HMDB0008422, HMDB0011218, HMDB0011219, HMDB0011245, HMDB0011246, HMDB0011277, HMDB0011310, HMDB0013407, HMDB0013435","0","2190458.25","3595556864","14","1","false","0.00003225631371606141","C42H79NO11S+H+"
"Pacific Northwest National Laboratory","20201130_jl_lungmap_agarose_1","2020-12-01_22h59m24s","C42H86NO7P","M+K","","C42H86NO7P+K+","786.577348985","0.12480317","0.5","0.14930139450906846","0.8384643638052576","0.9969586501406104","PC(o-16:0/18:0)","HMDB0013405","0","2098461.5","8208138240","1","0","false","0.00008675994467921555",""
"Pacific Northwest National Laboratory","20201130_jl_lungmap_agarose_1","2020-12-01_22h59m24s","C56H85N3O15P2","M+Na","","C56H85N3O15P2+Na+","1124.5348137029998","0.12536088","0.5","0.14936266274954002","0.8460257167190728","0.9920565487511094","CDP-DG(22:5(4Z,7Z,10Z,13Z,16Z)/22:5(4Z,7Z,10Z,13Z,16Z)), CDP-DG(22:5(4Z,7Z,10Z,13Z,16Z)/22:5(7Z,10Z,13Z,16Z,19Z)), CDP-DG(22:5(7Z,10Z,13Z,16Z,19Z)/22:5(4Z,7Z,10Z,13Z,16Z)), CDP-DG(22:5(7Z,10Z,13Z,16Z,19Z)/22:5(7Z,10Z,13Z,16Z,19Z))","HMDB0116017, HMDB0116018, HMDB0116027, HMDB0116028","0","751540.8125","1561406976","4","0","false","0.00004437783718458377",""
"Pacific Northwest National Laboratory","20201130_jl_lungmap_agarose_1","2020-12-01_22h59m24s","C51H94O6","M+K","","C51H94O6+K+","841.668198621","0.12592931","0.5","0.17743990423772338","0.8149679139837346","0.8708333333333333","TG(16:0/16:1(9Z)/16:1(9Z)), TG(16:0/14:0/18:2(9Z,12Z)), TG(16:1(9Z)/14:0/18:1(11Z)), TG(16:1(9Z)/14:0/18:1(9Z)), 15-Palmitoylsolamin, TG(14:0/14:0/20:2n6), TG(14:0/16:0/18:2(9Z,12Z)), TG(14:0/14:1(9Z)/20:1(11Z)), TG(14:0/16:1(9Z)/18:1(11Z)), TG(14:0/16:1(9Z)/18:1(9Z)), TG(14:0/18:1(11Z)/16:1(9Z)), TG(14:0/18:1(9Z)/16:1(9Z)), TG(14:0/20:1(11Z)/14:1(9Z)), TG(14:0/18:2(9Z,12Z)/16:0), TG(14:0/20:2n6/14:0), TG(15:0/15:0/18:2(9Z,12Z)), TG(15:0/18:2(9Z,12Z)/15:0), TG(16:0/14:1(9Z)/18:1(11Z)), TG(16:0/14:1(9Z)/18:1(9Z)), TG(16:0/18:1(11Z)/14:1(9Z)), TG(16:0/18:1(9Z)/14:1(9Z)), TG(18:0/14:1(9Z)/16:1(9Z)), TG(18:0/16:1(9Z)/14:1(9Z)), TG(20:0/14:1(9Z)/14:1(9Z)), TG(14:1(9Z)/14:0/20:1(11Z)), TG(14:1(9Z)/16:0/18:1(11Z)), TG(14:1(9Z)/16:0/18:1(9Z)), TG(14:1(9Z)/18:0/16:1(9Z)), TG(14:1(9Z)/20:0/14:1(9Z)), TG(16:1(9Z)/16:0/16:1(9Z))","HMDB0005376, HMDB0010415, HMDB0010420, HMDB0010421, HMDB0036341, HMDB0042078, HMDB0042136, HMDB0042282, HMDB0042310, HMDB0042311, HMDB0042339, HMDB0042369, HMDB0042398, HMDB0042513, HMDB0042571, HMDB0043003, HMDB0043395, HMDB0044032, HMDB0044033, HMDB0044086, HMDB0044114, HMDB0044862, HMDB0044888, HMDB0045662, HMDB0047728, HMDB0047772, HMDB0047773, HMDB0047794, HMDB0047816, HMDB0048457","0","1742723.125","9735495","30","1","false","0.2525155544281006","C49H93O8P+H+"
"Pacific Northwest National Laboratory","20201130_jl_lungmap_agarose_1","2020-12-01_22h59m24s","C60H113NO18","M+Na","","C60H113NO18+Na+","1158.7849864589998","0.12654404","0.5","0.1608396279732764","0.7980854074306682","0.985823754789272","Trihexosylceramide (d18:1/24:0)","HMDB0004886","0","514122.9375","34277780","1","0","false","0.0003574614820536226",""
"Pacific Northwest National Laboratory","20201130_jl_lungmap_agarose_1","2020-12-01_22h59m24s","C20H14N2O10S3","M+Na","","C20H14N2O10S3+Na+","560.970278841","0.12667777","0.5","0.13947391090151143","0.9088165337225698","0.9993812838360402","Cochineal Red A, Amaranth","HMDB0029855, HMDB0032885","0","3753925.5","2446179840","2","0","false","0.00008048582094488665",""
"Pacific Northwest National Laboratory","20201130_jl_lungmap_agarose_1","2020-12-01_22h59m24s","C27H20O12","M+Na","","C27H20O12+Na+","559.084696763","0.12811512","0.5","0.14011523464592535","0.9164353531801811","0.9977303070761014","Sagecoumarin","HMDB0034035","0","661179.6875","1941217280","1","1","false","0.00007430957339238375","C24H24O13+K+"
"Pacific Northwest National Laboratory","20201130_jl_lungmap_agarose_1","2020-12-01_22h59m24s","C34H38O16","M+Na","","C34H38O16+Na+","725.205205819","0.12841314","0.5","0.1499506316264361","0.8793192409064017","0.9739005343197699","Ramontoside","HMDB0038929","0","1018356.8125","308011200","1","0","false","0.000016884789147297852",""
"Pacific Northwest National Laboratory","20201130_jl_lungmap_agarose_1","2020-12-01_22h59m24s","C55H104O6","M+Na","","C55H104O6+Na+","883.7725117309999","0.12890564","0.5","0.14755854818815858","0.8846478666851658","0.9875","TG(16:0/16:0/20:1(11Z)), TG(16:0/18:0/18:1(9Z)), TG(16:0/16:1(9Z)/20:0), TG(16:1(9Z)/18:0/18:0), TG(18:0/16:0/18:1(11Z)), Glycerol 1-(9Z-octadecenoate) 2-hexadecanoate 3-octadecanoate, TG(14:0/14:0/24:1(15Z)), TG(14:0/16:0/22:1(13Z)), TG(14:0/18:0/20:1(11Z)), TG(14:0/20:0/18:1(11Z)), TG(14:0/20:0/18:1(9Z)), TG(14:0/22:0/16:1(9Z)), TG(14:0/24:0/14:1(9Z)), TG(14:0/14:1(9Z)/24:0), TG(14:0/16:1(9Z)/22:0), TG(14:0/18:1(11Z)/20:0), TG(14:0/18:1(9Z)/20:0), TG(14:0/20:1(11Z)/18:0), TG(14:0/22:1(13Z)/16:0), TG(14:0/24:1(15Z)/14:0), TG(15:0/15:0/22:1(13Z)), TG(15:0/22:1(13Z)/15:0), TG(16:0/14:0/22:1(13Z)), TG(16:0/18:0/18:1(11Z)), TG(16:0/20:0/16:1(9Z)), TG(16:0/22:0/14:1(9Z)), TG(16:0/14:1(9Z)/22:0), TG(16:0/18:1(11Z)/18:0), TG(16:0/18:1(9Z)/18:0), TG(16:0/20:1(11Z)/16:0), TG(18:0/16:0/18:1(9Z)), TG(18:0/14:0/20:1(11Z)), TG(18:0/18:0/16:1(9Z)), TG(18:0/20:0/14:1(9Z)), TG(18:0/14:1(9Z)/20:0), TG(18:0/16:1(9Z)/18:0), TG(20:0/14:0/18:1(11Z)), TG(20:0/14:0/18:1(9Z)), TG(20:0/16:0/16:1(9Z)), TG(20:0/18:0/14:1(9Z)), TG(22:0/14:0/16:1(9Z)), TG(22:0/16:0/14:1(9Z)), TG(24:0/14:0/14:1(9Z))","HMDB0005361, HMDB0005367, HMDB0005375, HMDB0005421, HMDB0010431, HMDB0034385, HMDB0042075, HMDB0042134, HMDB0042162, HMDB0042190, HMDB0042191, HMDB0042219, HMDB0042248, HMDB0042277, HMDB0042306, HMDB0042335, HMDB0042365, HMDB0042394, HMDB0042453, HMDB0042481, HMDB0043001, HMDB0043337, HMDB0043840, HMDB0043920, HMDB0043947, HMDB0043974, HMDB0044028, HMDB0044082, HMDB0044110, HMDB0044137, HMDB0044729, HMDB0044676, HMDB0044754, HMDB0044780, HMDB0044858, HMDB0044884, HMDB0045482, HMDB0045483, HMDB0045533, HMDB0045558, HMDB0046259, HMDB0046308, HMDB0047006","0","6920879.5","39153276","43","1","false","0.002785890828818083","C57H102O6+H+"
"Pacific Northwest National Laboratory","20201130_jl_lungmap_agarose_1","2020-12-01_22h59m24s","C13H10O6","M+Na","","C13H10O6+Na+","285.03695872300005","0.12906359","0.5","0.13347635956504963","0.9683366505479087","0.9985573770491804","Maclurin","HMDB0032644","0","842217.875","3872970752","1","0","false","0.000023558952307212166",""
"Pacific Northwest National Laboratory","20201130_jl_lungmap_agarose_1","2020-12-01_22h59m24s","C59H102O6","M+H","","C59H102O6+H+","907.774917419","0.1294859","0.5","0.14249009168549595","0.9186003586907971","0.9892617449664429","TG(18:0/18:2(9Z,12Z)/20:4(5Z,8Z,11Z,14Z)), TG(16:1(9Z)/20:1(11Z)/20:4(5Z,8Z,11Z,14Z)), TG(18:1(9Z)/18:1(9Z)/20:4(5Z,8Z,11Z,14Z)), TG(18:1(9Z)/16:0/22:5(7Z,10Z,13Z,16Z,19Z)), TG(18:2(9Z,12Z)/18:1(9Z)/20:3(8Z,11Z,14Z)), TG(18:2(9Z,12Z)/18:2(9Z,12Z)/20:2(11Z,14Z)), TG(14:0/20:0/22:6(4Z,7Z,10Z,13Z,16Z,19Z)), TG(14:0/20:1(11Z)/22:5(4Z,7Z,10Z,13Z,16Z)), TG(14:0/20:1(11Z)/22:5(7Z,10Z,13Z,16Z,19Z)), TG(14:0/22:1(13Z)/20:5(5Z,8Z,11Z,14Z,17Z)), TG(14:0/20:2n6/22:4(7Z,10Z,13Z,16Z)), TG(14:0/20:4(5Z,8Z,11Z,14Z)/22:2(13Z,16Z)), TG(14:0/22:2(13Z,16Z)/20:4(5Z,8Z,11Z,14Z)), TG(14:0/22:2(13Z,16Z)/20:4(8Z,11Z,14Z,17Z)), TG(14:0/22:4(7Z,10Z,13Z,16Z)/20:2n6), TG(14:0/22:5(4Z,7Z,10Z,13Z,16Z)/20:1(11Z)), TG(14:0/20:4(8Z,11Z,14Z,17Z)/22:2(13Z,16Z)), TG(14:0/20:5(5Z,8Z,11Z,14Z,17Z)/22:1(13Z)), TG(14:0/22:5(7Z,10Z,13Z,16Z,19Z)/20:1(11Z)), TG(14:0/22:6(4Z,7Z,10Z,13Z,16Z,19Z)/20:0), TG(16:0/18:0/22:6(4Z,7Z,10Z,13Z,16Z,19Z)), TG(16:0/18:1(11Z)/22:5(4Z,7Z,10Z,13Z,16Z)), TG(16:0/18:1(11Z)/22:5(7Z,10Z,13Z,16Z,19Z)), TG(16:0/18:1(9Z)/22:5(4Z,7Z,10Z,13Z,16Z)), TG(16:0/18:1(9Z)/22:5(7Z,10Z,13Z,16Z,19Z)), TG(16:0/20:1(11Z)/20:5(5Z,8Z,11Z,14Z,17Z)), TG(16:0/20:3(5Z,8Z,11Z)/20:3(5Z,8Z,11Z)), TG(16:0/20:3(5Z,8Z,11Z)/20:3n6), TG(16:0/18:2(9Z,12Z)/22:4(7Z,10Z,13Z,16Z)), TG(16:0/20:2n6/20:4(5Z,8Z,11Z,14Z)), TG(16:0/20:2n6/20:4(8Z,11Z,14Z,17Z)), TG(16:0/20:3n6/20:3(5Z,8Z,11Z)), TG(16:0/20:3n6/20:3n6), TG(16:0/20:4(5Z,8Z,11Z,14Z)/20:2n6), TG(16:0/22:2(13Z,16Z)/18:4(6Z,9Z,12Z,15Z)), TG(16:0/22:4(7Z,10Z,13Z,16Z)/18:2(9Z,12Z)), TG(16:0/22:5(4Z,7Z,10Z,13Z,16Z)/18:1(11Z)), TG(16:0/22:5(4Z,7Z,10Z,13Z,16Z)/18:1(9Z)), TG(16:0/18:4(6Z,9Z,12Z,15Z)/22:2(13Z,16Z)), TG(16:0/20:4(8Z,11Z,14Z,17Z)/20:2n6), TG(16:0/20:5(5Z,8Z,11Z,14Z,17Z)/20:1(11Z)), TG(16:0/22:5(7Z,10Z,13Z,16Z,19Z)/18:1(11Z)), TG(16:0/22:5(7Z,10Z,13Z,16Z,19Z)/18:1(9Z)), TG(16:0/22:6(4Z,7Z,10Z,13Z,16Z,19Z)/18:0), TG(18:0/16:0/22:6(4Z,7Z,10Z,13Z,16Z,19Z)), TG(18:0/16:1(9Z)/22:5(4Z,7Z,10Z,13Z,16Z)), TG(18:0/16:1(9Z)/22:5(7Z,10Z,13Z,16Z,19Z)), TG(18:0/18:1(11Z)/20:5(5Z,8Z,11Z,14Z,17Z)), TG(18:0/18:1(9Z)/20:5(5Z,8Z,11Z,14Z,17Z)), TG(18:0/20:3(5Z,8Z,11Z)/18:3(6Z,9Z,12Z))","HMDB0005412, HMDB0005443, HMDB0005456, HMDB0010454, HMDB0010485, HMDB0010491, HMDB0042209, HMDB0042413, HMDB0042418, HMDB0042477, HMDB0042592, HMDB0042651, HMDB0042680, HMDB0042686, HMDB0042708, HMDB0042732, HMDB0042831, HMDB0042854, HMDB0042882, HMDB0042905, HMDB0043939, HMDB0044101, HMDB0044106, HMDB0044129, HMDB0044134, HMDB0044161, HMDB0044175, HMDB0044181, HMDB0044268, HMDB0044322, HMDB0044328, HMDB0044343, HMDB0044349, HMDB0044376, HMDB0044411, HMDB0044430, HMDB0044452, HMDB0044453, HMDB0044519, HMDB0044544, HMDB0044566, HMDB0044592, HMDB0044593, HMDB0044614, HMDB0044747, HMDB0044903, HMDB0044908, HMDB0044934, HMDB0044961, HMDB0045005","0","10454227","208915376","50","1","false","0.0025106393732130527","C57H104O6+Na+"
"Pacific Northwest National Laboratory","20201130_jl_lungmap_agarose_1","2020-12-01_22h59m24s","C46H36O31","M+Na","","C46H36O31+Na+","1107.113275055","0.13116969","0.5","0.15848811773790825","0.837748530810102","0.9879229989868288","Putranjivain A","HMDB0033638","0","596594.5","415878048","1","1","false","0.0001308065839111805","C48H34O31+H+"
"Pacific Northwest National Laboratory","20201130_jl_lungmap_agarose_1","2020-12-01_22h59m24s","C44H78NO8P","M+K","","C44H78NO8P+K+","818.509663349","0.13132024","0.5","0.17652727501917032","0.7772441836857595","0.9571111111111111","PC(14:0/22:5(4Z,7Z,10Z,13Z,16Z)), PC(14:0/22:5(7Z,10Z,13Z,16Z,19Z)), PC(14:1(9Z)/22:4(7Z,10Z,13Z,16Z)), PC(16:0/20:5(5Z,8Z,11Z,14Z,17Z)), PC(16:1(9Z)/20:4(5Z,8Z,11Z,14Z)), PC(16:1(9Z)/20:4(8Z,11Z,14Z,17Z)), PC(18:1(11Z)/18:4(6Z,9Z,12Z,15Z)), PC(18:1(9Z)/18:4(6Z,9Z,12Z,15Z)), PC(18:2(9Z,12Z)/18:3(6Z,9Z,12Z)), PC(18:2(9Z,12Z)/18:3(9Z,12Z,15Z)), PC(18:3(6Z,9Z,12Z)/18:2(9Z,12Z)), PC(18:3(9Z,12Z,15Z)/18:2(9Z,12Z)), PC(18:4(6Z,9Z,12Z,15Z)/18:1(11Z)), PC(18:4(6Z,9Z,12Z,15Z)/18:1(9Z)), PC(20:4(5Z,8Z,11Z,14Z)/16:1(9Z)), PC(20:4(8Z,11Z,14Z,17Z)/16:1(9Z)), PC(20:5(5Z,8Z,11Z,14Z,17Z)/16:0), PC(22:4(7Z,10Z,13Z,16Z)/14:1(9Z)), PC(22:5(4Z,7Z,10Z,13Z,16Z)/14:0), PC(22:5(7Z,10Z,13Z,16Z,19Z)/14:0), PE-NMe(16:0/22:5(4Z,7Z,10Z,13Z,16Z)), PE-NMe(16:0/22:5(7Z,10Z,13Z,16Z,19Z)), PE-NMe(16:1(9Z)/22:4(7Z,10Z,13Z,16Z)), PE-NMe(18:0/20:5(5Z,8Z,11Z,14Z,17Z)), PE-NMe(18:1(11Z)/20:4(5Z,8Z,11Z,14Z)), PE-NMe(18:1(11Z)/20:4(8Z,11Z,14Z,17Z)), PE-NMe(18:1(9Z)/20:4(5Z,8Z,11Z,14Z)), PE-NMe(18:1(9Z)/20:4(8Z,11Z,14Z,17Z)), PE-NMe(18:2(9Z,12Z)/20:3(5Z,8Z,11Z)), PE-NMe(18:2(9Z,12Z)/20:3(8Z,11Z,14Z)), PE-NMe(18:3(6Z,9Z,12Z)/20:2(11Z,14Z)), PE-NMe(18:3(9Z,12Z,15Z)/20:2(11Z,14Z)), PE-NMe(18:4(6Z,9Z,12Z,15Z)/20:1(11Z)), PE-NMe(20:1(11Z)/18:4(6Z,9Z,12Z,15Z)), PE-NMe(20:2(11Z,14Z)/18:3(6Z,9Z,12Z)), PE-NMe(20:2(11Z,14Z)/18:3(9Z,12Z,15Z)), PE-NMe(20:3(5Z,8Z,11Z)/18:2(9Z,12Z)), PE-NMe(20:3(8Z,11Z,14Z)/18:2(9Z,12Z)), PE-NMe(20:4(5Z,8Z,11Z,14Z)/18:1(11Z)), PE-NMe(20:4(5Z,8Z,11Z,14Z)/18:1(9Z)), PE-NMe(20:4(8Z,11Z,14Z,17Z)/18:1(11Z)), PE-NMe(20:4(8Z,11Z,14Z,17Z)/18:1(9Z)), PE-NMe(20:5(5Z,8Z,11Z,14Z,17Z)/18:0), PE-NMe(22:4(7Z,10Z,13Z,16Z)/16:1(9Z)), PE-NMe(22:5(7Z,10Z,13Z,16Z,19Z)/16:0), PE-NMe2(15:0/22:5(4Z,7Z,10Z,13Z,16Z)), PE-NMe2(15:0/22:5(7Z,10Z,13Z,16Z,19Z)), PE-NMe2(22:5(4Z,7Z,10Z,13Z,16Z)/15:0), PE-NMe2(22:5(7Z,10Z,13Z,16Z,19Z)/15:0), PE-NMe(22:5(4Z,7Z,10Z,13Z,16Z)/16:0)","HMDB0007890, HMDB0007891, HMDB0007922, HMDB0007984, HMDB0008015, HMDB0008016, HMDB0008075, HMDB0008108, HMDB0008140, HMDB0008141, HMDB0008171, HMDB0008204, HMDB0008235, HMDB0008236, HMDB0008430, HMDB0008463, HMDB0008495, HMDB0008624, HMDB0008656, HMDB0008689, HMDB0113056, HMDB0113057, HMDB0113078, HMDB0113100, HMDB0113125, HMDB0113126, HMDB0113152, HMDB0113153, HMDB0113179, HMDB0113180, HMDB0113206, HMDB0113235, HMDB0113263, HMDB0113319, HMDB0113346, HMDB0113347, HMDB0113374, HMDB0113402, HMDB0113428, HMDB0113429, HMDB0113456, HMDB0113457, HMDB0113484, HMDB0113596, HMDB0113649, HMDB0113935, HMDB0113936, HMDB0114525, HMDB0114551, HMDB0116733","0","1381679.125","232942880","50","0","false","0.0005645794444717467",""
"Pacific Northwest National Laboratory","20201130_jl_lungmap_agarose_1","2020-12-01_22h59m24s","C10H12N4O5","M+Na","","C10H12N4O5+Na+","291.069990167","0.13136052","0.5","0.1344879357309587","0.9781607852320839","0.9985533887468031","Inosine, Allopurinol riboside, Arabinosylhypoxanthine","HMDB0000195, HMDB0000481, HMDB0003040","0","1135292.375","7224185344","3","0","false","0.00035441454383544624",""
"Pacific Northwest National Laboratory","20201130_jl_lungmap_agarose_1","2020-12-01_22h59m24s","C46H88O17P2","M+H","","C46H88O17P2+H+","975.556951791","0.13137648","0.5","0.15602890099358332","0.8459824554489469","0.9952935388652017","CL(8:0/8:0/8:0/13:0), CL(8:0/8:0/8:0/a-13:0), CL(8:0/8:0/8:0/i-13:0), CL(8:0/8:0/10:0/11:0)","HMDB0116802, HMDB0116803, HMDB0116804, HMDB0116833","0","717656.875","1840309504","4","1","false","0.00001696279286989011","C51H86NO12P+K+"
"Pacific Northwest National Laboratory","20201130_jl_lungmap_agarose_1","2020-12-01_22h59m24s","C10H13ClN2O4S","M+Na","","C10H13ClN2O4S+Na+","315.017676449","0.1334975","0.5","0.14904956645924816","0.8975357859430426","0.9979083399946709","2-Hydroxychlorpropamide, 3-Hydroxychlorpropamide","HMDB0014024, HMDB0014025","0","11633259","42268680192","2","0","false","0.0003619528724811971",""
"Pacific Northwest National Laboratory","20201130_jl_lungmap_agarose_1","2020-12-01_22h59m24s","C18H24N4O8S","M+H","","C18H24N4O8S+H+","457.13876133300005","0.134839","0.5","0.14526803273813851","0.9443319564098698","0.982925925925926","5-S-Glutathionyl-aminochrome reduced","HMDB0060086","0","588150.9375","176786928","1","1","false","0.000016733371012378484","C23H27ClO6+Na+"
"Pacific Northwest National Laboratory","20201130_jl_lungmap_agarose_1","2020-12-01_22h59m24s","C25H28N6O","M+H","","C25H28N6O+H+","429.239735951","0.13486378","0.5","0.14708897919680272","0.9252086682767959","0.9910041841004185","Irbesartan","HMDB0015163","0","482904.90625","951384448","1","2","false","0.00003925788769265637","C24H38O4+K+, C27H34O3+Na+"
"Pacific Northwest National Laboratory","20201130_jl_lungmap_agarose_1","2020-12-01_22h59m24s","C27H34O3","M+Na","","C27H34O3+Na+","429.240015631","0.13677664","0.5","0.14984581993981796","0.9210682169757477","0.9910041841004185","Nandrolone phenpropionate","HMDB0015119","0","482904.90625","951384448","1","2","false","0.00003925788769265637","C25H28N6O+H+, C24H38O4+K+"
"Pacific Northwest National Laboratory","20201130_jl_lungmap_agarose_1","2020-12-01_22h59m24s","C13H18N5O8P","M+H","","C13H18N5O8P+H+","404.096575971","0.1369962","0.5","0.1452135557523953","0.969895813181424","0.9726940639269407","Propinol adenylate","HMDB0006806","0","270032.3125","56003000","1","3","false","0.00036391359753906727","C14H23NO10+K+, C21H19ClO6+H+, C17H20N2O6S+Na+"
"Pacific Northwest National Laboratory","20201130_jl_lungmap_agarose_1","2020-12-01_22h59m24s","C26H30O12","M+Na","","C26H30O12+Na+","557.162947083","0.13779543","0.5","0.1518637671048745","0.9176006710838761","0.9888421052631579","6-(4-{2-[4,6-dihydroxy-2-methoxy-3-(3-methylbut-2-en-1-yl)phenyl]acetyl}-3-hydroxyphenoxy)-3,4,5-trihydroxyoxane-2-carboxylic acid, 6-(2-{2-[4,6-dihydroxy-2-methoxy-3-(3-methylbut-2-en-1-yl)phenyl]acetyl}-5-hydroxyphenoxy)-3,4,5-trihydroxyoxane-2-carboxylic acid, 6-{2-[2-(2,4-dihydroxyphenyl)-2-oxoethyl]-5-hydroxy-3-methoxy-4-(3-methylbut-2-en-1-yl)phenoxy}-3,4,5-trihydroxyoxane-2-carboxylic acid, 6-{4-[2-(2,4-dihydroxyphenyl)-2-oxoethyl]-5-hydroxy-3-methoxy-2-(3-methylbut-2-en-1-yl)phenoxy}-3,4,5-trihydroxyoxane-2-carboxylic acid, 6-({8,14-dihydroxy-17-methoxy-10-oxo-2-oxatricyclo[13.2.2.1³,⁷]icosa-1(17),3,5,7(20),15,18-hexaen-4-yl}oxy)-3,4,5-trihydroxyoxane-2-carboxylic acid, 6-({8,11-dihydroxy-17-methoxy-10-oxo-2-oxatricyclo[13.2.2.1³,⁷]icosa-1(17),3,5,7(20),15,18-hexaen-4-yl}oxy)-3,4,5-trihydroxyoxane-2-carboxylic acid, 6-({8,9-dihydroxy-17-methoxy-10-oxo-2-oxatricyclo[13.2.2.1³,⁷]icosa-1(17),3,5,7(20),15,18-hexaen-4-yl}oxy)-3,4,5-trihydroxyoxane-2-carboxylic acid","HMDB0125464, HMDB0125465, HMDB0125466, HMDB0125467, HMDB0133430, HMDB0133433, HMDB0133436","0","652222.1875","749358336","7","0","false","0.00006242821109481156",""
"Pacific Northwest National Laboratory","20201130_jl_lungmap_agarose_1","2020-12-01_22h59m24s","C49H93O8P","M+H","","C49H93O8P+H+","841.668083371","0.13830794","0.5","0.19058513724945186","0.8333415446529386","0.8708333333333333","PA(22:1(13Z)/24:1(15Z)), PA(22:2(13Z,16Z)/24:0), PA(24:0/22:2(13Z,16Z)), PA(24:1(15Z)/22:1(13Z))","HMDB0115295, HMDB0115321, HMDB0115448, HMDB0115474","0","1742723.125","9735495","4","1","false","0.2525155544281006","C51H94O6+K+"
"Pacific Northwest National Laboratory","20201130_jl_lungmap_agarose_1","2020-12-01_22h59m24s","C12H13NO5","M+K","","C12H13NO5+K+","290.042530409","0.13858835","0.5","0.14627372793070695","0.9600696358409335","0.9868648799553322","N-Phenylacetylaspartic acid, N-Carboxyacetyl-D-phenylalanine, 4-Hydroxy-3-methoxy-cinnamoylglycine","HMDB0029355, HMDB0039102, HMDB0059747","0","783620.5","492711360","3","0","false","0.0000037293200421117945",""
"Pacific Northwest National Laboratory","20201130_jl_lungmap_agarose_1","2020-12-01_22h59m24s","C46H82NO8P","M+K","","C46H82NO8P+K+","846.540963477","0.14027418","0.5","0.16709016807500404","0.8570639687944701","0.979520697167756","PC(16:0/22:5(4Z,7Z,10Z,13Z,16Z)), PC(16:0/22:5(7Z,10Z,13Z,16Z,19Z)), PC(16:1(9Z)/22:4(7Z,10Z,13Z,16Z)), PC(18:0/20:5(5Z,8Z,11Z,14Z,17Z)), PC(18:1(11Z)/20:4(5Z,8Z,11Z,14Z)), PC(18:1(11Z)/20:4(8Z,11Z,14Z,17Z)), PC(18:1(9Z)/20:4(5Z,8Z,11Z,14Z)), PC(18:1(9Z)/20:4(8Z,11Z,14Z,17Z)), PC(18:2(9Z,12Z)/20:3(5Z,8Z,11Z)), PC(18:2(9Z,12Z)/20:3(8Z,11Z,14Z)), PC(18:3(6Z,9Z,12Z)/20:2(11Z,14Z)), PC(18:3(9Z,12Z,15Z)/20:2(11Z,14Z)), PC(18:4(6Z,9Z,12Z,15Z)/20:1(11Z)), PC(20:1(11Z)/18:4(6Z,9Z,12Z,15Z)), PC(20:2(11Z,14Z)/18:3(6Z,9Z,12Z)), PC(20:2(11Z,14Z)/18:3(9Z,12Z,15Z)), PC(20:3(5Z,8Z,11Z)/18:2(9Z,12Z)), PC(20:3(8Z,11Z,14Z)/18:2(9Z,12Z)), PC(20:4(5Z,8Z,11Z,14Z)/18:1(11Z)), PC(20:4(5Z,8Z,11Z,14Z)/18:1(9Z)), PC(20:4(8Z,11Z,14Z,17Z)/18:1(11Z)), PC(20:4(8Z,11Z,14Z,17Z)/18:1(9Z)), PC(20:5(5Z,8Z,11Z,14Z,17Z)/18:0), PC(22:4(7Z,10Z,13Z,16Z)/16:1(9Z)), PC(22:5(4Z,7Z,10Z,13Z,16Z)/16:0), PC(22:5(7Z,10Z,13Z,16Z,19Z)/16:0), PE-NMe(18:0/22:5(4Z,7Z,10Z,13Z,16Z)), PE-NMe(18:0/22:5(7Z,10Z,13Z,16Z,19Z)), PE-NMe(18:1(11Z)/22:4(7Z,10Z,13Z,16Z)), PE-NMe(18:1(9Z)/22:4(7Z,10Z,13Z,16Z)), PE-NMe(18:3(6Z,9Z,12Z)/22:2(13Z,16Z)), PE-NMe(18:3(9Z,12Z,15Z)/22:2(13Z,16Z)), PE-NMe(18:4(6Z,9Z,12Z,15Z)/22:1(13Z)), PE-NMe(20:0/20:5(5Z,8Z,11Z,14Z,17Z)), PE-NMe(20:1(11Z)/20:4(5Z,8Z,11Z,14Z)), PE-NMe(20:1(11Z)/20:4(8Z,11Z,14Z,17Z)), PE-NMe(20:2(11Z,14Z)/20:3(5Z,8Z,11Z)), PE-NMe(20:2(11Z,14Z)/20:3(8Z,11Z,14Z)), PE-NMe(20:3(5Z,8Z,11Z)/20:2(11Z,14Z)), PE-NMe(20:3(8Z,11Z,14Z)/20:2(11Z,14Z)), PE-NMe(20:4(5Z,8Z,11Z,14Z)/20:1(11Z)), PE-NMe(20:4(8Z,11Z,14Z,17Z)/20:1(11Z)), PE-NMe(20:5(5Z,8Z,11Z,14Z,17Z)/20:0), PE-NMe(22:1(13Z)/18:4(6Z,9Z,12Z,15Z)), PE-NMe(22:2(13Z,16Z)/18:3(6Z,9Z,12Z)), PE-NMe(22:2(13Z,16Z)/18:3(9Z,12Z,15Z)), PE-NMe(22:4(7Z,10Z,13Z,16Z)/18:1(11Z)), PE-NMe(22:4(7Z,10Z,13Z,16Z)/18:1(9Z)), PE-NMe(22:5(4Z,7Z,10Z,13Z,16Z)/18:0), PE-NMe(22:5(7Z,10Z,13Z,16Z,19Z)/18:0)","HMDB0007989, HMDB0007990, HMDB0008021, HMDB0008050, HMDB0008081, HMDB0008082, HMDB0008114, HMDB0008115, HMDB0008139, HMDB0008146, HMDB0008177, HMDB0008210, HMDB0008242, HMDB0008306, HMDB0008337, HMDB0008338, HMDB0008369, HMDB0008402, HMDB0008432, HMDB0008433, HMDB0008465, HMDB0008466, HMDB0008497, HMDB0008627, HMDB0008659, HMDB0008692, HMDB0113105, HMDB0113106, HMDB0113131, HMDB0113158, HMDB0113214, HMDB0113243, HMDB0113271, HMDB0113298, HMDB0113325, HMDB0113326, HMDB0113352, HMDB0113353, HMDB0113380, HMDB0113408, HMDB0113435, HMDB0113463, HMDB0113491, HMDB0113546, HMDB0113572, HMDB0113573, HMDB0113598, HMDB0113599, HMDB0113624, HMDB0113651","0","3261459","754228160","50","0","false","0.00021575720165856183",""
"Pacific Northwest National Laboratory","20201130_jl_lungmap_agarose_1","2020-12-01_22h59m24s","C25H49NO4","M+H","","C25H49NO4+H+","428.37343548300004","0.14051531","0.5","0.15225107689094894","0.9258444563857713","0.9968394769695775","Stearoylcarnitine, O-octadecanoyl-R-carnitine","HMDB0000848, HMDB0062532","0","1739910","1019031040","2","0","false","0.00007397493754979223",""
"Pacific Northwest National Laboratory","20201130_jl_lungmap_agarose_1","2020-12-01_22h59m24s","C37H74O4","M+Na","","C37H74O4+Na+","605.547931531","0.14085205","0.5","0.15692995412240504","0.9014947893425469","0.9956211327939076","DG(16:0e/18:0/0:0)","HMDB0011146","0","1067275","2019823616","1","0","false","0.000016217092706938274",""
"Pacific Northwest National Laboratory","20201130_jl_lungmap_agarose_1","2020-12-01_22h59m24s","C19H16O9S","M+H","","C19H16O9S+H+","421.058779697","0.14147937","0.5","0.17447585059599244","0.8382908225957013","0.967304189435337","[1-(2H-1,3-benzodioxol-5-yl)-3-(4-methoxy-1-benzofuran-5-yl)-3-oxopropoxy]sulfonic acid, [3-(2H-1,3-benzodioxol-5-yl)-1-(4-methoxy-1-benzofuran-5-yl)-3-oxopropoxy]sulfonic acid","HMDB0129394, HMDB0129396","0","311676.09375","71111272","2","0","false","0.00003179154373356141",""
"Pacific Northwest National Laboratory","20201130_jl_lungmap_agarose_1","2020-12-01_22h59m24s","C14H10O6","M+Na","","C14H10O6+Na+","297.03695872300005","0.14162429","0.5","0.2968563541596291","0.4777351755420014","0.998629004294364","BR-Xanthone B, Alloathyriol, 1,3,6-Trihydroxy-5-methoxyxanthone, 3,7,8,9-tetrahydroxy-1-methyl-6H-benzo[c]chromen-6-one, 2,3,7,9-tetrahydroxy-1-methyl-6H-benzo[c]chromen-6-one, 3,7,9-trihydroxy-1-(hydroxymethyl)-6H-benzo[c]chromen-6-one","HMDB0033326, HMDB0038715, HMDB0041243, HMDB0132302, HMDB0132303, HMDB0132304","0","1482512.375","6698860544","6","0","false","0.00004114065450266935",""
"Pacific Northwest National Laboratory","20201130_jl_lungmap_agarose_1","2020-12-01_22h59m24s","C20H18O10","M+Na","","C20H18O10+Na+","441.07921745900006","0.14223535","0.5","0.15122570824045692","0.9418994007133056","0.9985674353598882","Kaempferol 3-O-arabinoside, Kaempferol 3-alpha-L-arabinofuranoside, Scutellarein 6-xyloside, Salvianolic acid G, 2-(3,4-dihydroxyphenyl)-5,7-dihydroxy-8-(3,4,5-trihydroxyoxan-2-yl)-4H-chromen-4-one, 5,6,7-trihydroxy-2-(4-hydroxyphenyl)-8-(3,4,5-trihydroxyoxan-2-yl)-4H-chromen-4-one, 3-{[3,4-dihydroxy-5-(hydroxymethyl)oxolan-2-yl]oxy}-5,7-dihydroxy-2-(3-hydroxyphenyl)-4H-chromen-4-one","HMDB0029261, HMDB0029502, HMDB0037466, HMDB0041774, HMDB0127231, HMDB0127228, HMDB0132722","0","783760.9375","3277372160","7","1","false","0.000016498728655278683","C17H22O11+K+"
"Pacific Northwest National Laboratory","20201130_jl_lungmap_agarose_1","2020-12-01_22h59m24s","C24H22O14","M+K","","C24H22O14+K+","573.0641132769999","0.14599113","0.5","0.15893367301675915","0.9203827832590787","0.9980265151515152","6''-Malonylastragalin, 4',5-Dihydroxy-3,3'-dimethoxy-6,7-methylenedioxyflavone 4'-glucuronide, 3,5-Dihydroxy-3',4'-dimethoxy-6,7-methylenedioxyflavone 3-glucuronide, 2'-Hydroxygenistein 7-(6''-malonylglucoside)","HMDB0037434, HMDB0037758, HMDB0038266, HMDB0039247","0","684931.3125","2177725184","4","0","false","0.000028190681405249052",""
"Pacific Northwest National Laboratory","20201130_jl_lungmap_agarose_1","2020-12-01_22h59m24s","C18H10O3","M+K","","C18H10O3+K+","313.026152073","0.14609243","0.5","0.15448711238634355","0.9467423192095727","0.9988577863577863","4-Phenyl-1H,3H-naphtho[1,8-cd]pyran-1,3-dione","HMDB0041120","0","1265166","5673435648","1","0","false","0.0000382495709345676",""
"Pacific Northwest National Laboratory","20201130_jl_lungmap_agarose_1","2020-12-01_22h59m24s","C49H82NO12P","M+H","","C49H82NO12P+H+","908.5647404989999","0.1476889","0.5","0.1814176991928608","0.8416582168074639","0.967235926628716","PS(DiMe(11,3)/MonoMe(13,5)), PS(DiMe(11,5)/MonoMe(11,5)), PS(DiMe(13,5)/MonoMe(11,3)), PS(DiMe(13,5)/MonoMe(9,5)), PS(DiMe(9,5)/MonoMe(13,5)), PS(MonoMe(11,3)/DiMe(13,5)), PS(MonoMe(11,5)/DiMe(11,5)), PS(MonoMe(13,5)/DiMe(11,3)), PS(MonoMe(13,5)/DiMe(9,5)), PS(MonoMe(9,5)/DiMe(13,5))","HMDB0061559, HMDB0061567, HMDB0061575, HMDB0061578, HMDB0061595, HMDB0061599, HMDB0061607, HMDB0061615, HMDB0061619, HMDB0061626","0","923879.125","421239360","10","0","false","0.000019523016817402095",""
"Pacific Northwest National Laboratory","20201130_jl_lungmap_agarose_1","2020-12-01_22h59m24s","C10H17N2O5S","M+K","","C10H17N2O5S+K+","316.048975707","0.15453327","0.5","0.1629147683757459","0.9615729219231545","0.9864596273291926","Methionyl-Glutamate","HMDB0028972","0","1306940.5","221143648","1","0","false","0.00007612955232616514",""
"Pacific Northwest National Laboratory","20201130_jl_lungmap_agarose_1","2020-12-01_22h59m24s","C27H26O12","M+H","","C27H26O12+H+","543.149702707","0.1590117","0.5","0.17385311421020372","0.9166663961778329","0.9977811680316899","Resveratrol 4'-(6-galloylglucoside), Resveratrol 4'-(2-galloylglucoside), 6-(3-{8,8-dimethyl-2-oxo-2H,8H-pyrano[2,3-f]chromen-3-yl}-2-hydroxy-6-methoxyphenoxy)-3,4,5-trihydroxyoxane-2-carboxylic acid, 6-(6-{8,8-dimethyl-2-oxo-2H,8H-pyrano[2,3-f]chromen-3-yl}-2-hydroxy-3-methoxyphenoxy)-3,4,5-trihydroxyoxane-2-carboxylic acid, 6-(5-{8,8-dimethyl-2-oxo-2H,8H-pyrano[2,3-f]chromen-3-yl}-4-hydroxy-2-methoxyphenoxy)-3,4,5-trihydroxyoxane-2-carboxylic acid, 6-(2-{8,8-dimethyl-2-oxo-2H,8H-pyrano[2,3-f]chromen-3-yl}-4-hydroxy-5-methoxyphenoxy)-3,4,5-trihydroxyoxane-2-carboxylic acid, 6-(2-{12,12-dimethyl-4-oxo-3,11,14-trioxatetracyclo[8.5.0.0²,⁷.0¹³,¹⁵]pentadeca-1(10),2(7),5,8-tetraen-5-yl}-5-methoxyphenoxy)-3,4,5-trihydroxyoxane-2-carboxylic acid, 3,4,5-trihydroxy-6-{2-[8-(hydroxymethyl)-8-methyl-2-oxo-2H,8H-pyrano[2,3-f]chromen-3-yl]-5-methoxyphenoxy}oxane-2-carboxylic acid","HMDB0034687, HMDB0039341, HMDB0135726, HMDB0135727, HMDB0135730, HMDB0135731, HMDB0135732, HMDB0135735","0","3283893.75","12544563200","8","0","false","0.0005027357256039977",""
"Pacific Northwest National Laboratory","20201130_jl_lungmap_agarose_1","2020-12-01_22h59m24s","C38H76NO7P","M+K","","C38H76NO7P+K+","728.4990986649999","0.1591759","0.5","0.18602811558081056","0.857368398017392","0.9980016679497049","PC(14:0/P-16:0), PE(15:0/P-18:0), PC(P-16:0/14:0), PE(P-18:0/15:0), PC(o-14:0/16:1(9Z)), PC(o-16:0/14:1(9Z))","HMDB0007895, HMDB0008917, HMDB0011203, HMDB0011370, HMDB0013402, HMDB0013403","0","1994422.5","6236342784","6","0","false","0.00005618957584374584",""
"Pacific Northwest National Laboratory","20201130_jl_lungmap_agarose_1","2020-12-01_22h59m24s","C30H20O11","M+K","","C30H20O11+K+","595.063719353","0.16064161","0.5","0.1807650431032814","0.8910624139512671","0.9973221894460833","Ephedrannin A","HMDB0037654","0","1058212.25","4327751168","1","0","false","0.00021342917170841247",""
"Pacific Northwest National Laboratory","20201130_jl_lungmap_agarose_1","2020-12-01_22h59m24s","C56H85N3O15P2","M+H","","C56H85N3O15P2+H+","1102.5528694549998","0.1611173","0.5","0.19296285505646646","0.8406635429918992","0.9932217847769029","CDP-DG(22:5(4Z,7Z,10Z,13Z,16Z)/22:5(4Z,7Z,10Z,13Z,16Z)), CDP-DG(22:5(4Z,7Z,10Z,13Z,16Z)/22:5(7Z,10Z,13Z,16Z,19Z)), CDP-DG(22:5(7Z,10Z,13Z,16Z,19Z)/22:5(4Z,7Z,10Z,13Z,16Z)), CDP-DG(22:5(7Z,10Z,13Z,16Z,19Z)/22:5(7Z,10Z,13Z,16Z,19Z))","HMDB0116017, HMDB0116018, HMDB0116027, HMDB0116028","0","1232684.375","1717523200","4","0","false","0.00003845449100481346",""
"Pacific Northwest National Laboratory","20201130_jl_lungmap_agarose_1","2020-12-01_22h59m24s","C46H76NO8P","M+H","","C46H76NO8P+H+","802.5381318269999","0.16137397","0.5","0.1846115909182171","0.8794501205608173","0.993947183921477","PC(18:3(6Z,9Z,12Z)/20:5(5Z,8Z,11Z,14Z,17Z)), PC(18:3(9Z,12Z,15Z)/20:5(5Z,8Z,11Z,14Z,17Z)), PC(18:4(6Z,9Z,12Z,15Z)/20:4(5Z,8Z,11Z,14Z)), PC(18:4(6Z,9Z,12Z,15Z)/20:4(8Z,11Z,14Z,17Z)), PC(20:4(5Z,8Z,11Z,14Z)/18:4(6Z,9Z,12Z,15Z)), PC(20:4(8Z,11Z,14Z,17Z)/18:4(6Z,9Z,12Z,15Z)), PC(20:5(5Z,8Z,11Z,14Z,17Z)/18:3(6Z,9Z,12Z)), PC(20:5(5Z,8Z,11Z,14Z,17Z)/18:3(9Z,12Z,15Z)), PE-NMe(20:4(5Z,8Z,11Z,14Z)/20:4(5Z,8Z,11Z,14Z)), PE-NMe(18:2(9Z,12Z)/22:6(4Z,7Z,10Z,13Z,16Z,19Z)), PE-NMe(18:3(6Z,9Z,12Z)/22:5(4Z,7Z,10Z,13Z,16Z)), PE-NMe(18:3(6Z,9Z,12Z)/22:5(7Z,10Z,13Z,16Z,19Z)), PE-NMe(18:3(9Z,12Z,15Z)/22:5(4Z,7Z,10Z,13Z,16Z)), PE-NMe(18:3(9Z,12Z,15Z)/22:5(7Z,10Z,13Z,16Z,19Z)), PE-NMe(18:4(6Z,9Z,12Z,15Z)/22:4(7Z,10Z,13Z,16Z)), PE-NMe(20:3(5Z,8Z,11Z)/20:5(5Z,8Z,11Z,14Z,17Z)), PE-NMe(20:3(8Z,11Z,14Z)/20:5(5Z,8Z,11Z,14Z,17Z)), PE-NMe(20:4(5Z,8Z,11Z,14Z)/20:4(8Z,11Z,14Z,17Z)), PE-NMe(20:4(8Z,11Z,14Z,17Z)/20:4(5Z,8Z,11Z,14Z)), PE-NMe(20:4(8Z,11Z,14Z,17Z)/20:4(8Z,11Z,14Z,17Z)), PE-NMe(20:5(5Z,8Z,11Z,14Z,17Z)/20:3(5Z,8Z,11Z)), PE-NMe(20:5(5Z,8Z,11Z,14Z,17Z)/20:3(8Z,11Z,14Z)), PE-NMe(22:4(7Z,10Z,13Z,16Z)/18:4(6Z,9Z,12Z,15Z)), PE-NMe(22:5(4Z,7Z,10Z,13Z,16Z)/18:3(6Z,9Z,12Z)), PE-NMe(22:5(4Z,7Z,10Z,13Z,16Z)/18:3(9Z,12Z,15Z)), PE-NMe(22:5(7Z,10Z,13Z,16Z,19Z)/18:3(6Z,9Z,12Z)), PE-NMe(22:5(7Z,10Z,13Z,16Z,19Z)/18:3(9Z,12Z,15Z)), PE-NMe(22:6(4Z,7Z,10Z,13Z,16Z,19Z)/18:2(9Z,12Z))","HMDB0008182, HMDB0008215, HMDB0008246, HMDB0008247, HMDB0008437, HMDB0008470, HMDB0008501, HMDB0008502, HMDB0112976, HMDB0113190, HMDB0113216, HMDB0113217, HMDB0113245, HMDB0113246, HMDB0113273, HMDB0113385, HMDB0113413, HMDB0113439, HMDB0113467, HMDB0113468, HMDB0113494, HMDB0113495, HMDB0113603, HMDB0113628, HMDB0113629, HMDB0113655, HMDB0113656, HMDB0113681","0","5190450","3980196096","28","1","false","0.00006814598600612953","C44H78NO8P+Na+"
"Pacific Northwest National Laboratory","20201130_jl_lungmap_agarose_1","2020-12-01_22h59m24s","C48H34O31","M+H","","C48H34O31+H+","1107.115680743","0.16692115","0.5","0.20122592624518665","0.8396616679321849","0.9879229989868288","Syzyginin A","HMDB0030236","0","596594.5","415878048","1","1","false","0.0001308065839111805","C46H36O31+Na+"
"Pacific Northwest National Laboratory","20201130_jl_lungmap_agarose_1","2020-12-01_22h59m24s","C25H24O15","M+K","","C25H24O15+K+","603.074677961","0.16877548","0.5","0.18519219586849248","0.9128863395906737","0.9983204688393368","Isorhamnetin 3-(6''-malonylglucoside)","HMDB0038820","0","857569","2842624000","1","1","false","0.0000217934120883001","C28H20O14+Na+"
"Pacific Northwest National Laboratory","20201130_jl_lungmap_agarose_1","2020-12-01_22h59m24s","C19H26O15","M+K","","C19H26O15+K+","533.090328025","0.16892506","0.5","0.18007740914944115","0.9392396876003491","0.9987537300333509","2-O-Galloylsucrose, 6-O-Galloylsucrose, 1'-O-Galloylsucrose, 4'-O-Galloylsucrose, 6'-O-Galloylsucrose","HMDB0039281, HMDB0039282, HMDB0039283, HMDB0039284, HMDB0039285","0","1053367","5061216256","5","1","false","0.000012413272088451777","C22H22O14+Na+"
"Pacific Northwest National Laboratory","20201130_jl_lungmap_agarose_1","2020-12-01_22h59m24s","C24H48NO7P","M+H","","C24H48NO7P+H+","494.32411631100007","0.16967498","0.5","0.22959610869011807","0.7421760431734086","0.9957409362900387","LysoPC(16:1(9Z))","HMDB0010383","0","844224.5625","1878237312","1","1","false","0.000012691327356151305","C29H45NO4+Na+"
"Pacific Northwest National Laboratory","20201130_jl_lungmap_agarose_1","2020-12-01_22h59m24s","C41H82NO8P","M+K","","C41H82NO8P+K+","786.540963477","0.17158817","0.5","0.2005691394465898","0.8580045213127816","0.9970883755042171","PC(15:0/18:0), PC(18:0/15:0), PE(14:0/22:0), PE(16:0/20:0), PE(18:0/18:0), PE(20:0/16:0), PE(22:0/14:0), Phosphatidylethanolamine, PE-NMe(15:0/20:0), PE-NMe(20:0/15:0), PE-NMe2(16:0/18:0), PE-NMe2(14:0/20:0), PE-NMe2(18:0/16:0), PE-NMe2(20:0/14:0)","HMDB0007937, HMDB0008033, HMDB0008841, HMDB0008932, HMDB0008991, HMDB0009220, HMDB0009481, HMDB0060501, HMDB0113024, HMDB0113281, HMDB0113866, HMDB0113883, HMDB0113988, HMDB0114181","0","3346944","10142253056","14","1","false","0.00003938342706533149","C44H78NO7P+Na+"
"Pacific Northwest National Laboratory","20201130_jl_lungmap_agarose_1","2020-12-01_22h59m24s","C31H36O17","M+K","","C31H36O17+K+","719.158407585","0.1727673","0.5","0.1963152089638545","0.8816084736989374","0.9982327963032347","6-[(2-{[3-(3,4-dimethoxyphenyl)-7-methoxy-8-methyl-4-oxo-4H-chromen-5-yl]oxy}-4,5-dihydroxy-6-(hydroxymethyl)oxan-3-yl)oxy]-3,4,5-trihydroxyoxane-2-carboxylic acid, 6-[(2-{[3-(3,4-dimethoxyphenyl)-7-methoxy-8-methyl-4-oxo-4H-chromen-5-yl]oxy}-3,5-dihydroxy-6-(hydroxymethyl)oxan-4-yl)oxy]-3,4,5-trihydroxyoxane-2-carboxylic acid, 6-[(6-{[3-(3,4-dimethoxyphenyl)-7-methoxy-8-methyl-4-oxo-4H-chromen-5-yl]oxy}-4,5-dihydroxy-2-(hydroxymethyl)oxan-3-yl)oxy]-3,4,5-trihydroxyoxane-2-carboxylic acid, 6-[(6-{[3-(3,4-dimethoxyphenyl)-7-methoxy-8-methyl-4-oxo-4H-chromen-5-yl]oxy}-3,4,5-trihydroxyoxan-2-yl)methoxy]-3,4,5-trihydroxyoxane-2-carboxylic acid","HMDB0129584, HMDB0129585, HMDB0129586, HMDB0129587","0","1824894.125","6245803520","4","1","false","0.00007690489292144775","C36H30O16+H+"
"Pacific Northwest National Laboratory","20201130_jl_lungmap_agarose_1","2020-12-01_22h59m24s","C41H73O8P","M+K","","C41H73O8P+K+","763.467464189","0.17412786","0.5","0.20518771708093034","0.8508230744673391","0.997419028340081","PA(16:0/22:4(7Z,10Z,13Z,16Z)), PA(18:0/20:4(5Z,8Z,11Z,14Z)), PA(18:0/20:4(8Z,11Z,14Z,17Z)), PA(18:1(11Z)/20:3(5Z,8Z,11Z)), PA(18:1(9Z)/20:3(5Z,8Z,11Z)), PA(18:3(6Z,9Z,12Z)/20:1(11Z)), PA(18:3(9Z,12Z,15Z)/20:1(11Z)), PA(18:4(6Z,9Z,12Z,15Z)/20:0), PA(20:0/18:4(6Z,9Z,12Z,15Z)), PA(20:1(11Z)/18:3(6Z,9Z,12Z)), PA(20:1(11Z)/18:3(9Z,12Z,15Z)), PA(20:3(5Z,8Z,11Z)/18:1(11Z)), PA(20:3(5Z,8Z,11Z)/18:1(9Z)), PA(20:4(5Z,8Z,11Z,14Z)/18:0), PA(20:4(8Z,11Z,14Z,17Z)/18:0), PA(22:4(7Z,10Z,13Z,16Z)/16:0), PA(20:2(11Z,14Z)/18:2(9Z,12Z)), PA(18:1(11Z)/20:3(8Z,11Z,14Z)), PA(18:1(9Z)/20:3(8Z,11Z,14Z)), PA(18:2(9Z,12Z)/20:2(11Z,14Z)), PA(20:3(8Z,11Z,14Z)/18:1(11Z)), PA(20:3(8Z,11Z,14Z)/18:1(9Z))","HMDB0114846, HMDB0114884, HMDB0114885, HMDB0114908, HMDB0114933, HMDB0114986, HMDB0115013, HMDB0115039, HMDB0115073, HMDB0115100, HMDB0115101, HMDB0115124, HMDB0115125, HMDB0115149, HMDB0115176, HMDB0115326, HMDB0115493, HMDB0115517, HMDB0115519, HMDB0115520, HMDB0115567, HMDB0115568","0","1873821.125","7320984064","22","0","false","0.00003655222099041566",""
"Pacific Northwest National Laboratory","20201130_jl_lungmap_agarose_1","2020-12-01_22h59m24s","C24H36O4","M+H","","C24H36O4+H+","389.26863606700005","0.17654908","0.5","0.1944608923627452","0.9308965401559971","0.9752855245683931","Cavipetin C, 7alpha-hydroxy-3-oxochol-4-en-24-oic Acid","HMDB0030366, HMDB0062744","0","381003.5","407886912","2","0","false","0.000006635278168687364",""
"Pacific Northwest National Laboratory","20201130_jl_lungmap_agarose_1","2020-12-01_22h59m24s","C51H86NO12P","M+K","","C51H86NO12P+K+","974.551922085","0.18376626","0.5","0.20336228503031017","0.9108733540200236","0.9920587052673905","PS(DiMe(11,5)/MonoMe(13,5)), PS(DiMe(13,5)/MonoMe(11,5)), PS(MonoMe(11,5)/DiMe(13,5)), PS(MonoMe(13,5)/DiMe(11,5))","HMDB0061568, HMDB0061576, HMDB0061608, HMDB0061616","0","1197739","2088495744","4","1","false","0.000016731790310586803","C46H88O17P2+H+"
"Pacific Northwest National Laboratory","20201130_jl_lungmap_agarose_1","2020-12-01_22h59m24s","C44H76NO8P","M+H","","C44H76NO8P+H+","778.5381318269999","0.1850676","0.5","0.19465561191765338","0.964372252992075","0.9858679575097485","PC(14:0/22:6(4Z,7Z,10Z,13Z,16Z,19Z)), PC(14:1(9Z)/22:5(4Z,7Z,10Z,13Z,16Z)), PC(14:1(9Z)/22:5(7Z,10Z,13Z,16Z,19Z)), PC(16:1(9Z)/20:5(5Z,8Z,11Z,14Z,17Z)), PC(18:2(9Z,12Z)/18:4(6Z,9Z,12Z,15Z)), PC(18:3(6Z,9Z,12Z)/18:3(6Z,9Z,12Z)), PC(18:3(6Z,9Z,12Z)/18:3(9Z,12Z,15Z)), PC(18:3(9Z,12Z,15Z)/18:3(6Z,9Z,12Z)), PC(18:3(9Z,12Z,15Z)/18:3(9Z,12Z,15Z)), PC(18:4(6Z,9Z,12Z,15Z)/18:2(9Z,12Z)), PC(20:5(5Z,8Z,11Z,14Z,17Z)/16:1(9Z)), PC(22:5(4Z,7Z,10Z,13Z,16Z)/14:1(9Z)), PC(22:5(7Z,10Z,13Z,16Z,19Z)/14:1(9Z)), PC(22:6(4Z,7Z,10Z,13Z,16Z,19Z)/14:0), PE-NMe(16:0/22:6(4Z,7Z,10Z,13Z,16Z,19Z)), PE-NMe(16:1(9Z)/22:5(4Z,7Z,10Z,13Z,16Z)), PE-NMe(16:1(9Z)/22:5(7Z,10Z,13Z,16Z,19Z)), PE-NMe(18:1(11Z)/20:5(5Z,8Z,11Z,14Z,17Z)), PE-NMe(18:1(9Z)/20:5(5Z,8Z,11Z,14Z,17Z)), PE-NMe(18:2(9Z,12Z)/20:4(5Z,8Z,11Z,14Z)), PE-NMe(18:2(9Z,12Z)/20:4(8Z,11Z,14Z,17Z)), PE-NMe(18:3(6Z,9Z,12Z)/20:3(5Z,8Z,11Z)), PE-NMe(18:3(6Z,9Z,12Z)/20:3(8Z,11Z,14Z)), PE-NMe(18:3(9Z,12Z,15Z)/20:3(5Z,8Z,11Z)), PE-NMe(18:3(9Z,12Z,15Z)/20:3(8Z,11Z,14Z)), PE-NMe(18:4(6Z,9Z,12Z,15Z)/20:2(11Z,14Z)), PE-NMe(20:2(11Z,14Z)/18:4(6Z,9Z,12Z,15Z)), PE-NMe(20:3(5Z,8Z,11Z)/18:3(6Z,9Z,12Z)), PE-NMe(20:3(5Z,8Z,11Z)/18:3(9Z,12Z,15Z)), PE-NMe(20:3(8Z,11Z,14Z)/18:3(6Z,9Z,12Z)), PE-NMe(20:3(8Z,11Z,14Z)/18:3(9Z,12Z,15Z)), PE-NMe(20:4(5Z,8Z,11Z,14Z)/18:2(9Z,12Z)), PE-NMe(20:4(8Z,11Z,14Z,17Z)/18:2(9Z,12Z)), PE-NMe(20:5(5Z,8Z,11Z,14Z,17Z)/18:1(11Z)), PE-NMe(20:5(5Z,8Z,11Z,14Z,17Z)/18:1(9Z)), PE-NMe(22:5(4Z,7Z,10Z,13Z,16Z)/16:1(9Z)), PE-NMe(22:5(7Z,10Z,13Z,16Z,19Z)/16:1(9Z)), PE-NMe(22:6(4Z,7Z,10Z,13Z,16Z,19Z)/16:0), PE-NMe2(15:0/22:6(4Z,7Z,10Z,13Z,16Z,19Z)), PE-NMe2(22:6(4Z,7Z,10Z,13Z,16Z,19Z)/15:0)","HMDB0007892, HMDB0007923, HMDB0007924, HMDB0008017, HMDB0008142, HMDB0008172, HMDB0008173, HMDB0008205, HMDB0008206, HMDB0008237, HMDB0008496, HMDB0008657, HMDB0008690, HMDB0008722, HMDB0113058, HMDB0113079, HMDB0113080, HMDB0113127, HMDB0113154, HMDB0113181, HMDB0113182, HMDB0113207, HMDB0113208, HMDB0113236, HMDB0113237, HMDB0113264, HMDB0113348, HMDB0113375, HMDB0113376, HMDB0113403, HMDB0113404, HMDB0113430, HMDB0113458, HMDB0113485, HMDB0113486, HMDB0113623, HMDB0113650, HMDB0113676, HMDB0113937, HMDB0114578","0","10194070","4491042816","40","1","false","0.00014862106763757765","C42H78NO8P+Na+"
"Pacific Northwest National Laboratory","20201130_jl_lungmap_agarose_1","2020-12-01_22h59m24s","C18H22O12","M+K","","C18H22O12+K+","469.074284037","0.18631487","0.5","0.19933395916379376","0.9360287901222216","0.9985665202207953","6-[1-(6,7-dimethoxy-2H-1,3-benzodioxol-5-yl)-3-oxopropoxy]-3,4,5-trihydroxyoxane-2-carboxylic acid, 6-{[3-(6,7-dimethoxy-2H-1,3-benzodioxol-5-yl)propanoyl]oxy}-3,4,5-trihydroxyoxane-2-carboxylic acid, 6-{[1-(6,7-dimethoxy-2H-1,3-benzodioxol-5-yl)-3-oxopropan-2-yl]oxy}-3,4,5-trihydroxyoxane-2-carboxylic acid, 6-{[3-(6,7-dimethoxy-2H-1,3-benzodioxol-5-yl)oxiran-2-yl]methoxy}-3,4,5-trihydroxyoxane-2-carboxylic acid","HMDB0128698, HMDB0128702, HMDB0128706, HMDB0128714","0","1096337.75","3995513600","4","1","false","0.000010589519661152735","C21H18O11+Na+"
"Pacific Northwest National Laboratory","20201130_jl_lungmap_agarose_1","2020-12-01_22h59m24s","C44H84NO6P","M+K","","C44H84NO6P+K+","792.5667843009999","0.18680404","0.5","0.24053673439564596","0.7855572430780143","0.9886145671332297","PC(P-18:1(11Z)/P-18:1(11Z)), PC(P-18:1(11Z)/P-18:1(9Z)), PC(P-18:1(9Z)/P-18:1(11Z)), PC(P-18:1(9Z)/P-18:1(9Z))","HMDB0011300, HMDB0011301, HMDB0011333, HMDB0011334","0","1821750.75","4116654592","4","0","false","0.00005390200385591015",""
"Pacific Northwest National Laboratory","20201130_jl_lungmap_agarose_1","2020-12-01_22h59m24s","C38H74NO8P","M+H","","C38H74NO8P+H+","704.522481763","0.18754083","0.5","0.22076579140766875","0.8675885098494369","0.9791523482245131","PC(14:0/16:1(9Z)), PC(14:1(9Z)/16:0), PC(16:0/14:1(9Z)), PC(16:1(9Z)/14:0), PE(15:0/18:1(11Z)), PE(15:0/18:1(9Z)), PE(18:1(11Z)/15:0), PE(18:1(9Z)/15:0), PE-NMe(16:0/16:1(9Z)), PE-NMe(14:0/18:1(9Z)), PE-NMe(14:0/18:1(11Z)), PE-NMe(14:1(9Z)/18:0), PE-NMe(16:1(9Z)/16:0), PE-NMe(18:0/14:1(9Z)), PE-NMe(18:1(11Z)/14:0), PE-NMe(18:1(9Z)/14:0), PE-NMe2(15:0/16:1(9Z)), PE-NMe2(16:1(9Z)/15:0)","HMDB0007870, HMDB0007902, HMDB0007966, HMDB0007998, HMDB0008893, HMDB0008894, HMDB0009021, HMDB0009054, HMDB0112949, HMDB0112950, HMDB0112951, HMDB0112952, HMDB0113064, HMDB0113085, HMDB0113110, HMDB0113137, HMDB0113846, HMDB0113964","0","1924330.375","1037005504","18","0","false","0.0000154749122884823",""
"Pacific Northwest National Laboratory","20201130_jl_lungmap_agarose_1","2020-12-01_22h59m24s","C83H162O17P2","M+H","","C83H162O17P2+H+","1494.1360041589999","0.18795343","0.5","0.2581009976535345","0.7454993941430959","0.9768171384850803","CL(i-13:0/i-21:0/i-18:0/i-22:0), CL(a-13:0/a-21:0/i-18:0/i-22:0)[rac], CL(a-13:0/i-21:0/i-18:0/i-22:0)[rac], CL(i-13:0/a-21:0/i-18:0/i-22:0)[rac], CL(i-13:0/a-21:0/i-19:0/a-21:0)[rac], CL(i-13:0/i-21:0/i-19:0/i-21:0), CL(a-13:0/a-21:0/i-19:0/i-21:0)[rac], CL(a-13:0/i-21:0/i-19:0/i-21:0)[rac], CL(a-13:0/a-21:0/i-19:0/a-21:0)[rac], CL(i-13:0/a-21:0/i-19:0/i-21:0)[rac], CL(i-13:0/i-21:0/i-19:0/a-21:0)[rac], CL(a-13:0/i-21:0/i-19:0/a-21:0)[rac], CL(i-13:0/i-21:0/i-20:0/i-20:0), CL(a-13:0/a-21:0/i-20:0/i-20:0)[rac], CL(a-13:0/i-21:0/i-20:0/i-20:0)[rac], CL(i-13:0/a-21:0/i-20:0/i-20:0)[rac], CL(i-13:0/i-21:0/i-21:0/i-19:0), CL(a-13:0/a-21:0/a-21:0/i-19:0)[rac], CL(a-13:0/i-21:0/a-21:0/i-19:0)[rac], CL(i-13:0/i-21:0/a-21:0/i-19:0)[rac], CL(a-13:0/a-21:0/i-21:0/i-19:0)[rac], CL(a-13:0/i-21:0/i-21:0/i-19:0)[rac], CL(i-13:0/a-21:0/a-21:0/i-19:0)[rac], CL(i-13:0/a-21:0/i-21:0/i-19:0)[rac], CL(i-13:0/i-21:0/i-22:0/i-18:0), CL(a-13:0/a-21:0/i-22:0/i-18:0)[rac], CL(a-13:0/i-21:0/i-22:0/i-18:0)[rac], CL(i-13:0/a-21:0/i-22:0/i-18:0)[rac], CL(i-13:0/i-21:0/i-24:0/i-16:0), CL(a-13:0/a-21:0/i-24:0/i-16:0)[rac], CL(a-13:0/i-21:0/i-24:0/i-16:0)[rac], CL(i-13:0/a-21:0/i-24:0/i-16:0)[rac], CL(a-13:0/a-21:0/a-25:0/a-15:0)[rac], CL(a-13:0/a-21:0/a-25:0/i-15:0)[rac], CL(a-13:0/i-21:0/a-25:0/i-15:0)[rac], CL(i-13:0/i-21:0/a-25:0/i-15:0)[rac], CL(i-13:0/a-21:0/a-25:0/a-15:0)[rac], CL(i-13:0/i-21:0/a-25:0/a-15:0)[rac], CL(i-13:0/a-21:0/a-25:0/i-15:0)[rac], CL(a-13:0/i-21:0/a-25:0/a-15:0)[rac], CL(i-13:0/i-22:0/i-14:0/a-25:0)[rac], CL(a-13:0/i-22:0/i-14:0/a-25:0)[rac], CL(i-13:0/i-22:0/i-15:0/i-24:0), CL(a-13:0/i-22:0/a-15:0/i-24:0)[rac], CL(i-13:0/i-22:0/a-15:0/i-24:0)[rac], CL(a-13:0/i-22:0/i-15:0/i-24:0)[rac], CL(i-13:0/i-22:0/i-17:0/i-22:0), CL(a-13:0/i-22:0/a-17:0/i-22:0)[rac], CL(i-13:0/i-22:0/a-17:0/i-22:0)[rac], CL(a-13:0/i-22:0/i-17:0/i-22:0)[rac]","HMDB0073126, HMDB0073127, HMDB0073128, HMDB0073131, HMDB0073200, HMDB0073201, HMDB0073202, HMDB0073203, HMDB0073204, HMDB0073205, HMDB0073206, HMDB0073207, HMDB0073268, HMDB0073269, HMDB0073270, HMDB0073271, HMDB0073379, HMDB0073380, HMDB0073381, HMDB0073382, HMDB0073383, HMDB0073384, HMDB0073385, HMDB0073386, HMDB0073473, HMDB0073475, HMDB0073476, HMDB0073478, HMDB0073530, HMDB0073531, HMDB0073532, HMDB0073533, HMDB0073594, HMDB0073595, HMDB0073596, HMDB0073597, HMDB0073598, HMDB0073599, HMDB0073600, HMDB0073601, HMDB0073791, HMDB0073792, HMDB0073856, HMDB0073857, HMDB0073858, HMDB0073859, HMDB0073959, HMDB0073960, HMDB0073961, HMDB0073962","0","940029.875","313011552","50","0","false","0.000036291654396336526",""
"Pacific Northwest National Laboratory","20201130_jl_lungmap_agarose_1","2020-12-01_22h59m24s","C17H20N2O5S","M+K","","C17H20N2O5S+K+","403.072450803","0.19178812","0.5","0.2071656249135493","0.9268832737634289","0.9988010218893341","Bumetanide","HMDB0015024","0","1114530.125","3478340864","1","1","false","0.0005227106739766896","C19H14O10+H+"
"Pacific Northwest National Laboratory","20201130_jl_lungmap_agarose_1","2020-12-01_22h59m24s","C40H70NO10P","M+H","","C40H70NO10P+H+","756.4810108749998","0.19776848","0.5","0.2302245757845925","0.8607617492532147","0.9979813570607106","PS(14:0/20:4(5Z,8Z,11Z,14Z)), PS(14:1(9Z)/20:3(8Z,11Z,14Z)), PS(16:1(9Z)/18:3(9Z,12Z,15Z)), PS(18:3(9Z,12Z,15Z)/16:1(9Z)), PS(20:3(8Z,11Z,14Z)/14:1(9Z)), PS(20:4(5Z,8Z,11Z,14Z)/14:0), PS(14:0/20:4(8Z,11Z,14Z,17Z)), PS(14:1(9Z)/20:3(5Z,8Z,11Z)), PS(16:0/18:4(6Z,9Z,12Z,15Z)), PS(16:1(9Z)/18:3(6Z,9Z,12Z)), PS(18:3(6Z,9Z,12Z)/16:1(9Z)), PS(18:4(6Z,9Z,12Z,15Z)/16:0), PS(20:3(5Z,8Z,11Z)/14:1(9Z)), PS(20:4(8Z,11Z,14Z,17Z)/14:0)","HMDB0012339, HMDB0012349, HMDB0012370, HMDB0012410, HMDB0012419, HMDB0012429, HMDB0112298, HMDB0112311, HMDB0112344, HMDB0112358, HMDB0112447, HMDB0112488, HMDB0112594, HMDB0112654","0","1911198.375","7182173184","14","1","false","0.00014908249431755394","C38H72NO10P+Na+"
"Pacific Northwest National Laboratory","20201130_jl_lungmap_agarose_1","2020-12-01_22h59m24s","C25H45NO4","M+H","","C25H45NO4+H+","424.34213535500004","0.20075092","0.5","0.21645292710944197","0.9317578950354372","0.9953847643953703","Linoelaidyl carnitine, Linoleyl carnitine","HMDB0006461, HMDB0006469","0","701163.9375","1602130944","2","0","false","0.00001928926030814182",""
"Pacific Northwest National Laboratory","20201130_jl_lungmap_agarose_1","2020-12-01_22h59m24s","C41H75O8P","M+K","","C41H75O8P+K+","765.483114253","0.20087558","0.5","0.23596298946928146","0.8538540736963658","0.9970101847056793","PA(16:1(9Z)/22:2(13Z,16Z)), PA(18:0/20:3(5Z,8Z,11Z)), PA(18:2(9Z,12Z)/20:1(11Z)), PA(18:3(6Z,9Z,12Z)/20:0), PA(18:3(9Z,12Z,15Z)/20:0), PA(20:0/18:3(9Z,12Z,15Z)), PA(20:0/18:3(6Z,9Z,12Z)), PA(20:1(11Z)/18:2(9Z,12Z)), PA(20:3(5Z,8Z,11Z)/18:0), PA(22:2(13Z,16Z)/16:1(9Z)), PA(18:0/20:3(8Z,11Z,14Z)), PA(18:1(11Z)/20:2(11Z,14Z)), PA(18:1(9Z)/20:2(11Z,14Z)), PA(20:2(11Z,14Z)/18:1(11Z)), PA(20:2(11Z,14Z)/18:1(9Z)), PA(20:3(8Z,11Z,14Z)/18:0)","HMDB0114866, HMDB0114883, HMDB0114959, HMDB0114985, HMDB0115012, HMDB0115072, HMDB0115071, HMDB0115099, HMDB0115123, HMDB0115300, HMDB0115515, HMDB0115516, HMDB0115518, HMDB0115538, HMDB0115539, HMDB0115566","0","2208226.5","7551732224","16","0","false","0.00003746349102584645",""
"Pacific Northwest National Laboratory","20201130_jl_lungmap_agarose_1","2020-12-01_22h59m24s","C42H82NO7P","M+H","","C42H82NO7P+H+","744.5901673989999","0.20135646","0.5","0.23744836745472622","0.8543293836494129","0.9925925925925926","PC(16:0/P-18:1(11Z)), PC(16:0/P-18:1(9Z)), PC(16:1(9Z)/P-18:0), PC(18:1(11Z)/P-16:0), PC(18:1(9Z)/P-16:0), PC(O-16:0/18:2(9Z,12Z)), PC(P-16:0/18:1(11Z)), PC(P-16:0/18:1(9Z)), PC(P-18:0/16:1(9Z)), PC(P-18:1(11Z)/16:0), PC(P-18:1(9Z)/16:0)","HMDB0007996, HMDB0007997, HMDB0008028, HMDB0008093, HMDB0008126, HMDB0011151, HMDB0011209, HMDB0011210, HMDB0011240, HMDB0011272, HMDB0011305","0","1118141.125","44894572","11","0","false","0.0012248270213603973",""
"Pacific Northwest National Laboratory","20201130_jl_lungmap_agarose_1","2020-12-01_22h59m24s","C27H20O21S","M+H","","C27H20O21S+H+","713.029055265","0.20256867","0.5","0.22423826421306647","0.9135299629199104","0.9888712661908539","({7,8,9,12,13,14,17,18,19,25,29-undecahydroxy-4,22,27-trioxo-3,23,26-trioxahexacyclo[13.10.3.1²,⁶.0⁵,¹⁰.0¹¹,²⁸.0¹⁶,²¹]nonacosa-5(10),6,8,11,13,15(28),16,18,20-nonaen-24-yl}methoxy)sulfonic acid, [7,8,9,12,13,14,17,18,19,29-decahydroxy-24-(hydroxymethyl)-4,22,27-trioxo-3,23,26-trioxahexacyclo[13.10.3.1²,⁶.0⁵,¹⁰.0¹¹,²⁸.0¹⁶,²¹]nonacosa-5(10),6,8,11,13,15(28),16,18,20-nonaen-25-yl]oxidanesulfonic acid, [7,8,9,12,13,14,17,18,19,25-decahydroxy-24-(hydroxymethyl)-4,22,27-trioxo-3,23,26-trioxahexacyclo[13.10.3.1²,⁶.0⁵,¹⁰.0¹¹,²⁸.0¹⁶,²¹]nonacosa-5(10),6,8,11,13,15(28),16,18,20-nonaen-29-yl]oxidanesulfonic acid, 3,4,8,9,10-pentahydroxy-6-oxo-7-{5,11,12,13-tetrahydroxy-4-[1-hydroxy-2-(sulfooxy)ethyl]-8-oxo-3,7-dioxatricyclo[7.4.0.0²,⁶]trideca-1(13),9,11-trien-10-yl}-6H-benzo[c]chromene-1-carboxylic acid, 7-[4-(1,2-dihydroxyethyl)-11,12,13-trihydroxy-8-oxo-5-(sulfooxy)-3,7-dioxatricyclo[7.4.0.0²,⁶]trideca-1(13),9,11-trien-10-yl]-3,4,8,9,10-pentahydroxy-6-oxo-6H-benzo[c]chromene-1-carboxylic acid, 3,4,8,9,10-pentahydroxy-6-oxo-7-{5,11,12,13-tetrahydroxy-4-[2-hydroxy-1-(sulfooxy)ethyl]-8-oxo-3,7-dioxatricyclo[7.4.0.0²,⁶]trideca-1(13),9,11-trien-10-yl}-6H-benzo[c]chromene-1-carboxylic acid, 3,4,8,9,10-pentahydroxy-6-oxo-2-{5,11,12,13-tetrahydroxy-4-[1-hydroxy-2-(sulfooxy)ethyl]-8-oxo-3,7-dioxatricyclo[7.4.0.0²,⁶]trideca-1(13),9,11-trien-10-yl}-6H-benzo[c]chromene-1-carboxylic acid, 2-[4-(1,2-dihydroxyethyl)-11,12,13-trihydroxy-8-oxo-5-(sulfooxy)-3,7-dioxatricyclo[7.4.0.0²,⁶]trideca-1(13),9,11-trien-10-yl]-3,4,8,9,10-pentahydroxy-6-oxo-6H-benzo[c]chromene-1-carboxylic acid, 3,4,8,9,10-pentahydroxy-6-oxo-2-{5,11,12,13-tetrahydroxy-4-[2-hydroxy-1-(sulfooxy)ethyl]-8-oxo-3,7-dioxatricyclo[7.4.0.0²,⁶]trideca-1(13),9,11-trien-10-yl}-6H-benzo[c]chromene-1-carboxylic acid, 3,4,8,9,10-pentahydroxy-6-oxo-7-{5,6,12,13,14-pentahydroxy-9-oxo-4-[(sulfooxy)methyl]-3,8-dioxatricyclo[8.4.0.0²,⁷]tetradeca-1(14),10,12-trien-11-yl}-6H-benzo[c]chromene-1-carboxylic acid, 3,4,8,9,10-pentahydroxy-6-oxo-7-[6,12,13,14-tetrahydroxy-4-(hydroxymethyl)-9-oxo-5-(sulfooxy)-3,8-dioxatricyclo[8.4.0.0²,⁷]tetradeca-1(14),10,12-trien-11-yl]-6H-benzo[c]chromene-1-carboxylic acid, 3,4,8,9,10-pentahydroxy-6-oxo-7-[5,12,13,14-tetrahydroxy-4-(hydroxymethyl)-9-oxo-6-(sulfooxy)-3,8-dioxatricyclo[8.4.0.0²,⁷]tetradeca-1(14),10,12-trien-11-yl]-6H-benzo[c]chromene-1-carboxylic acid, 3,4,8,9,10-pentahydroxy-6-oxo-2-{5,6,12,13,14-pentahydroxy-9-oxo-4-[(sulfooxy)methyl]-3,8-dioxatricyclo[8.4.0.0²,⁷]tetradeca-1(14),10,12-trien-11-yl}-6H-benzo[c]chromene-1-carboxylic acid, 3,4,8,9,10-pentahydroxy-6-oxo-2-[6,12,13,14-tetrahydroxy-4-(hydroxymethyl)-9-oxo-5-(sulfooxy)-3,8-dioxatricyclo[8.4.0.0²,⁷]tetradeca-1(14),10,12-trien-11-yl]-6H-benzo[c]chromene-1-carboxylic acid, 3,4,8,9,10-pentahydroxy-6-oxo-2-[5,12,13,14-tetrahydroxy-4-(hydroxymethyl)-9-oxo-6-(sulfooxy)-3,8-dioxatricyclo[8.4.0.0²,⁷]tetradeca-1(14),10,12-trien-11-yl]-6H-benzo[c]chromene-1-carboxylic acid, 3,4,8,9,10-pentahydroxy-6-oxo-7-{5,6,7-trihydroxy-1-oxo-3-[1,2,3-trihydroxy-4-(sulfooxy)butyl]-1H-isochromen-8-yl}-6H-benzo[c]chromene-1-carboxylic acid, 3,4,8,9,10-pentahydroxy-6-oxo-7-{5,6,7-trihydroxy-1-oxo-3-[2,3,4-trihydroxy-1-(sulfooxy)butyl]-1H-isochromen-8-yl}-6H-benzo[c]chromene-1-carboxylic acid, 3,4,8,9,10-pentahydroxy-6-oxo-7-{5,6,7-trihydroxy-1-oxo-3-[1,3,4-trihydroxy-2-(sulfooxy)butyl]-1H-isochromen-8-yl}-6H-benzo[c]chromene-1-carboxylic acid, 3,4,8,9,10-pentahydroxy-6-oxo-7-{5,6,7-trihydroxy-1-oxo-3-[1,2,4-trihydroxy-3-(sulfooxy)butyl]-1H-isochromen-8-yl}-6H-benzo[c]chromene-1-carboxylic acid, 3,4,8,9,10-pentahydroxy-6-oxo-2-{5,6,7-trihydroxy-1-oxo-3-[1,2,3-trihydroxy-4-(sulfooxy)butyl]-1H-isochromen-8-yl}-6H-benzo[c]chromene-1-carboxylic acid, 3,4,8,9,10-pentahydroxy-6-oxo-2-{5,6,7-trihydroxy-1-oxo-3-[2,3,4-trihydroxy-1-(sulfooxy)butyl]-1H-isochromen-8-yl}-6H-benzo[c]chromene-1-carboxylic acid, 3,4,8,9,10-pentahydroxy-6-oxo-2-{5,6,7-trihydroxy-1-oxo-3-[1,3,4-trihydroxy-2-(sulfooxy)butyl]-1H-isochromen-8-yl}-6H-benzo[c]chromene-1-carboxylic acid, 3,4,8,9,10-pentahydroxy-6-oxo-2-{5,6,7-trihydroxy-1-oxo-3-[1,2,4-trihydroxy-3-(sulfooxy)butyl]-1H-isochromen-8-yl}-6H-benzo[c]chromene-1-carboxylic acid","HMDB0129132, HMDB0129133, HMDB0129134, HMDB0129524, HMDB0129525, HMDB0129526, HMDB0129537, HMDB0129538, HMDB0129539, HMDB0129555, HMDB0129556, HMDB0129557, HMDB0129568, HMDB0129569, HMDB0129570, HMDB0129898, HMDB0129899, HMDB0129900, HMDB0129901, HMDB0129912, HMDB0129913, HMDB0129914, HMDB0129915","0","2269308.5","769898240","23","0","false","0.00004815276406588964",""
"Pacific Northwest National Laboratory","20201130_jl_lungmap_agarose_1","2020-12-01_22h59m24s","C46H82NO7P","M+H","","C46H82NO7P+H+","792.5901673989999","0.20768417","0.5","0.24953527749031854","0.8409085447876763","0.9897435897435898","PC(20:4(5Z,8Z,11Z,14Z)/P-18:1(11Z)), PC(20:4(5Z,8Z,11Z,14Z)/P-18:1(9Z)), PC(20:4(8Z,11Z,14Z,17Z)/P-18:1(11Z)), PC(20:4(8Z,11Z,14Z,17Z)/P-18:1(9Z)), PC(20:5(5Z,8Z,11Z,14Z,17Z)/P-18:0), PC(22:5(4Z,7Z,10Z,13Z,16Z)/P-16:0), PC(22:5(7Z,10Z,13Z,16Z,19Z)/P-16:0), PC(P-16:0/22:5(4Z,7Z,10Z,13Z,16Z)), PC(P-16:0/22:5(7Z,10Z,13Z,16Z,19Z)), PC(P-18:0/20:5(5Z,8Z,11Z,14Z,17Z)), PC(P-18:1(11Z)/20:4(5Z,8Z,11Z,14Z)), PC(P-18:1(11Z)/20:4(8Z,11Z,14Z,17Z)), PC(P-18:1(9Z)/20:4(5Z,8Z,11Z,14Z)), PC(P-18:1(9Z)/20:4(8Z,11Z,14Z,17Z)), PC(o-16:0/22:6(4Z,7Z,10Z,13Z,16Z,19Z)), 2-O-(4,7,10,13,16,19-Docosahexaenoyl)-1-O-hexadecylglycero-3-phosphocholine","HMDB0008457, HMDB0008458, HMDB0008490, HMDB0008491, HMDB0008522, HMDB0008685, HMDB0008718, HMDB0011227, HMDB0011228, HMDB0011255, HMDB0011286, HMDB0011287, HMDB0011319, HMDB0011320, HMDB0013409, HMDB0039529","0","1712561.5","37583980","16","0","false","0.006619301158934832",""
"Pacific Northwest National Laboratory","20201130_jl_lungmap_agarose_1","2020-12-01_22h59m24s","C55H94O6","M+H","","C55H94O6+H+","851.712317163","0.20792711","0.5","0.26286427316385874","0.8100659865226588","0.9764705882352941","TG(16:1(9Z)/16:1(9Z)/20:4(5Z,8Z,11Z,14Z)), TG(18:2(9Z,12Z)/14:0/20:4(5Z,8Z,11Z,14Z)), TG(18:3(9Z,12Z,15Z)/16:0/18:3(9Z,12Z,15Z)), TG(14:0/16:0/22:6(4Z,7Z,10Z,13Z,16Z,19Z)), TG(14:0/16:1(9Z)/22:5(4Z,7Z,10Z,13Z,16Z)), TG(14:0/16:1(9Z)/22:5(7Z,10Z,13Z,16Z,19Z)), TG(14:0/18:1(11Z)/20:5(5Z,8Z,11Z,14Z,17Z)), TG(14:0/18:1(9Z)/20:5(5Z,8Z,11Z,14Z,17Z)), TG(14:0/20:3(5Z,8Z,11Z)/18:3(6Z,9Z,12Z)), TG(14:0/20:3(5Z,8Z,11Z)/18:3(9Z,12Z,15Z)), TG(14:0/18:2(9Z,12Z)/20:4(5Z,8Z,11Z,14Z)), TG(14:0/18:2(9Z,12Z)/20:4(8Z,11Z,14Z,17Z)), TG(14:0/18:3(6Z,9Z,12Z)/20:3(5Z,8Z,11Z)), TG(14:0/18:3(6Z,9Z,12Z)/20:3n6), TG(14:0/20:2n6/18:4(6Z,9Z,12Z,15Z)), TG(14:0/20:3n6/18:3(6Z,9Z,12Z)), TG(14:0/20:3n6/18:3(9Z,12Z,15Z)), TG(14:0/20:4(5Z,8Z,11Z,14Z)/18:2(9Z,12Z)), TG(14:0/22:5(4Z,7Z,10Z,13Z,16Z)/16:1(9Z)), TG(14:0/18:3(9Z,12Z,15Z)/20:3(5Z,8Z,11Z)), TG(14:0/18:3(9Z,12Z,15Z)/20:3n6), TG(14:0/18:4(6Z,9Z,12Z,15Z)/20:2n6), TG(14:0/20:4(8Z,11Z,14Z,17Z)/18:2(9Z,12Z)), TG(14:0/20:5(5Z,8Z,11Z,14Z,17Z)/18:1(11Z)), TG(14:0/20:5(5Z,8Z,11Z,14Z,17Z)/18:1(9Z)), TG(14:0/22:5(7Z,10Z,13Z,16Z,19Z)/16:1(9Z)), TG(14:0/22:6(4Z,7Z,10Z,13Z,16Z,19Z)/16:0), TG(15:0/15:0/22:6(4Z,7Z,10Z,13Z,16Z,19Z)), TG(15:0/22:6(4Z,7Z,10Z,13Z,16Z,19Z)/15:0), TG(16:0/14:0/22:6(4Z,7Z,10Z,13Z,16Z,19Z)), TG(16:0/14:1(9Z)/22:5(4Z,7Z,10Z,13Z,16Z)), TG(16:0/14:1(9Z)/22:5(7Z,10Z,13Z,16Z,19Z)), TG(16:0/16:1(9Z)/20:5(5Z,8Z,11Z,14Z,17Z)), TG(16:0/18:2(9Z,12Z)/18:4(6Z,9Z,12Z,15Z)), TG(16:0/18:3(6Z,9Z,12Z)/18:3(6Z,9Z,12Z)), TG(16:0/18:3(6Z,9Z,12Z)/18:3(9Z,12Z,15Z)), TG(16:0/22:5(4Z,7Z,10Z,13Z,16Z)/14:1(9Z)), TG(16:0/18:3(9Z,12Z,15Z)/18:3(6Z,9Z,12Z)), TG(16:0/18:3(9Z,12Z,15Z)/18:3(9Z,12Z,15Z)), TG(16:0/18:4(6Z,9Z,12Z,15Z)/18:2(9Z,12Z)), TG(16:0/20:5(5Z,8Z,11Z,14Z,17Z)/16:1(9Z)), TG(16:0/22:5(7Z,10Z,13Z,16Z,19Z)/14:1(9Z)), TG(18:0/14:1(9Z)/20:5(5Z,8Z,11Z,14Z,17Z)), TG(18:0/20:5(5Z,8Z,11Z,14Z,17Z)/14:1(9Z)), TG(14:1(9Z)/16:0/22:5(4Z,7Z,10Z,13Z,16Z)), TG(14:1(9Z)/16:0/22:5(7Z,10Z,13Z,16Z,19Z)), TG(14:1(9Z)/18:0/20:5(5Z,8Z,11Z,14Z,17Z)), TG(14:1(9Z)/16:1(9Z)/22:4(7Z,10Z,13Z,16Z)), TG(14:1(9Z)/18:1(11Z)/20:4(5Z,8Z,11Z,14Z)), TG(14:1(9Z)/18:1(11Z)/20:4(8Z,11Z,14Z,17Z))","HMDB0005436, HMDB0010472, HMDB0010499, HMDB0042149, HMDB0042323, HMDB0042328, HMDB0042357, HMDB0042387, HMDB0042437, HMDB0042444, HMDB0042530, HMDB0042536, HMDB0042553, HMDB0042559, HMDB0042595, HMDB0042617, HMDB0042624, HMDB0042646, HMDB0042729, HMDB0042763, HMDB0042769, HMDB0042798, HMDB0042826, HMDB0042850, HMDB0042851, HMDB0042879, HMDB0042903, HMDB0043016, HMDB0043772, HMDB0043855, HMDB0044045, HMDB0044050, HMDB0044077, HMDB0044271, HMDB0044291, HMDB0044298, HMDB0044450, HMDB0044487, HMDB0044494, HMDB0044514, HMDB0044563, HMDB0044590, HMDB0044880, HMDB0045374, HMDB0047785, HMDB0047790, HMDB0047812, HMDB0047922, HMDB0047943, HMDB0047949","0","10491576","176996512","50","1","false","0.15692442655563354","C53H96O6+Na+"
"Pacific Northwest National Laboratory","20201130_jl_lungmap_agarose_1","2020-12-01_22h59m24s","C26H32O9","M+K","","C26H32O9+K+","527.1677904969999","0.20831569","0.5","0.22469037340787246","0.9279637691167131","0.9990942752870349","Terretonin, Isolimonic acid 16->17-lactone","HMDB0035860, HMDB0039364","0","3821004.5","15122870272","2","0","false","0.0007107025012373924",""
"Pacific Northwest National Laboratory","20201130_jl_lungmap_agarose_1","2020-12-01_22h59m24s","C34H34N4O4","M+H","","C34H34N4O4+H+","563.2652820029999","0.20838061","0.5","0.23008592195584102","0.9073574984306072","0.9981339468302658","Protoporphyrin IX","HMDB0000241","0","940453.3125","2932111616","1","1","false","0.000009871824659057893","C26H45NO8S2+H+"
"Pacific Northwest National Laboratory","20201130_jl_lungmap_agarose_1","2020-12-01_22h59m24s","C20H37NO2","M+H","","C20H37NO2+H+","324.28970585900004","0.20941187","0.5","0.22386463103653856","0.9489371729233977","0.9857762777242044","Linoleoyl ethanolamide","HMDB0012252","0","823257.6875","429833376","1","0","false","0.000014451620700128842",""
"Pacific Northwest National Laboratory","20201130_jl_lungmap_agarose_1","2020-12-01_22h59m24s","C41H71O8P","M+K","","C41H71O8P+K+","761.4518141249999","0.2111649","0.5","0.24741674928542123","0.8563732103952693","0.9966199505358615","PA(16:0/22:5(4Z,7Z,10Z,13Z,16Z)), PA(16:0/22:5(7Z,10Z,13Z,16Z,19Z)), PA(16:1(9Z)/22:4(7Z,10Z,13Z,16Z)), PA(18:0/20:5(5Z,8Z,11Z,14Z,17Z)), PA(18:1(11Z)/20:4(5Z,8Z,11Z,14Z)), PA(18:1(11Z)/20:4(8Z,11Z,14Z,17Z)), PA(18:1(9Z)/20:4(5Z,8Z,11Z,14Z)), PA(18:1(9Z)/20:4(8Z,11Z,14Z,17Z)), PA(18:2(9Z,12Z)/20:3(5Z,8Z,11Z)), PA(18:4(6Z,9Z,12Z,15Z)/20:1(11Z)), PA(20:1(11Z)/18:4(6Z,9Z,12Z,15Z)), PA(20:3(5Z,8Z,11Z)/18:2(9Z,12Z)), PA(20:4(5Z,8Z,11Z,14Z)/18:1(11Z)), PA(20:4(5Z,8Z,11Z,14Z)/18:1(9Z)), PA(20:4(8Z,11Z,14Z,17Z)/18:1(11Z)), PA(20:4(8Z,11Z,14Z,17Z)/18:1(9Z)), PA(22:4(7Z,10Z,13Z,16Z)/16:1(9Z)), PA(22:5(4Z,7Z,10Z,13Z,16Z)/16:0), PA(22:5(7Z,10Z,13Z,16Z,19Z)/16:0), PA(20:3(8Z,11Z,14Z)/18:2(9Z,12Z)), PA(18:2(9Z,12Z)/20:3(8Z,11Z,14Z)), PA(18:3(6Z,9Z,12Z)/20:2(11Z,14Z)), PA(18:3(9Z,12Z,15Z)/20:2(11Z,14Z)), PA(20:2(11Z,14Z)/18:3(6Z,9Z,12Z)), PA(20:2(11Z,14Z)/18:3(9Z,12Z,15Z)), PA(20:5(5Z,8Z,11Z,14Z,17Z)/18:0)","HMDB0114847, HMDB0114848, HMDB0114867, HMDB0114886, HMDB0114909, HMDB0114910, HMDB0114934, HMDB0114935, HMDB0114960, HMDB0115040, HMDB0115102, HMDB0115126, HMDB0115150, HMDB0115151, HMDB0115177, HMDB0115178, HMDB0115327, HMDB0115352, HMDB0115378, HMDB0115495, HMDB0115521, HMDB0115522, HMDB0115524, HMDB0115540, HMDB0115541, HMDB0116704","0","1980258.75","6616584192","26","1","false","0.00002005383612413425","C37H72NO10P+K+"
"Pacific Northwest National Laboratory","20201130_jl_lungmap_agarose_1","2020-12-01_22h59m24s","C44H78NO8P","M+H","","C44H78NO8P+H+","780.5537818909999","0.21560715","0.5","0.22709811040276737","0.9687408655038513","0.9800359712230216","PC(14:0/22:5(4Z,7Z,10Z,13Z,16Z)), PC(14:0/22:5(7Z,10Z,13Z,16Z,19Z)), PC(14:1(9Z)/22:4(7Z,10Z,13Z,16Z)), PC(16:0/20:5(5Z,8Z,11Z,14Z,17Z)), PC(16:1(9Z)/20:4(5Z,8Z,11Z,14Z)), PC(16:1(9Z)/20:4(8Z,11Z,14Z,17Z)), PC(18:1(11Z)/18:4(6Z,9Z,12Z,15Z)), PC(18:1(9Z)/18:4(6Z,9Z,12Z,15Z)), PC(18:2(9Z,12Z)/18:3(6Z,9Z,12Z)), PC(18:2(9Z,12Z)/18:3(9Z,12Z,15Z)), PC(18:3(6Z,9Z,12Z)/18:2(9Z,12Z)), PC(18:3(9Z,12Z,15Z)/18:2(9Z,12Z)), PC(18:4(6Z,9Z,12Z,15Z)/18:1(11Z)), PC(18:4(6Z,9Z,12Z,15Z)/18:1(9Z)), PC(20:4(5Z,8Z,11Z,14Z)/16:1(9Z)), PC(20:4(8Z,11Z,14Z,17Z)/16:1(9Z)), PC(20:5(5Z,8Z,11Z,14Z,17Z)/16:0), PC(22:4(7Z,10Z,13Z,16Z)/14:1(9Z)), PC(22:5(4Z,7Z,10Z,13Z,16Z)/14:0), PC(22:5(7Z,10Z,13Z,16Z,19Z)/14:0), PE-NMe(16:0/22:5(4Z,7Z,10Z,13Z,16Z)), PE-NMe(16:0/22:5(7Z,10Z,13Z,16Z,19Z)), PE-NMe(16:1(9Z)/22:4(7Z,10Z,13Z,16Z)), PE-NMe(18:0/20:5(5Z,8Z,11Z,14Z,17Z)), PE-NMe(18:1(11Z)/20:4(5Z,8Z,11Z,14Z)), PE-NMe(18:1(11Z)/20:4(8Z,11Z,14Z,17Z)), PE-NMe(18:1(9Z)/20:4(5Z,8Z,11Z,14Z)), PE-NMe(18:1(9Z)/20:4(8Z,11Z,14Z,17Z)), PE-NMe(18:2(9Z,12Z)/20:3(5Z,8Z,11Z)), PE-NMe(18:2(9Z,12Z)/20:3(8Z,11Z,14Z)), PE-NMe(18:3(6Z,9Z,12Z)/20:2(11Z,14Z)), PE-NMe(18:3(9Z,12Z,15Z)/20:2(11Z,14Z)), PE-NMe(18:4(6Z,9Z,12Z,15Z)/20:1(11Z)), PE-NMe(20:1(11Z)/18:4(6Z,9Z,12Z,15Z)), PE-NMe(20:2(11Z,14Z)/18:3(6Z,9Z,12Z)), PE-NMe(20:2(11Z,14Z)/18:3(9Z,12Z,15Z)), PE-NMe(20:3(5Z,8Z,11Z)/18:2(9Z,12Z)), PE-NMe(20:3(8Z,11Z,14Z)/18:2(9Z,12Z)), PE-NMe(20:4(5Z,8Z,11Z,14Z)/18:1(11Z)), PE-NMe(20:4(5Z,8Z,11Z,14Z)/18:1(9Z)), PE-NMe(20:4(8Z,11Z,14Z,17Z)/18:1(11Z)), PE-NMe(20:4(8Z,11Z,14Z,17Z)/18:1(9Z)), PE-NMe(20:5(5Z,8Z,11Z,14Z,17Z)/18:0), PE-NMe(22:4(7Z,10Z,13Z,16Z)/16:1(9Z)), PE-NMe(22:5(7Z,10Z,13Z,16Z,19Z)/16:0), PE-NMe2(15:0/22:5(4Z,7Z,10Z,13Z,16Z)), PE-NMe2(15:0/22:5(7Z,10Z,13Z,16Z,19Z)), PE-NMe2(22:5(4Z,7Z,10Z,13Z,16Z)/15:0), PE-NMe2(22:5(7Z,10Z,13Z,16Z,19Z)/15:0), PE-NMe(22:5(4Z,7Z,10Z,13Z,16Z)/16:0)","HMDB0007890, HMDB0007891, HMDB0007922, HMDB0007984, HMDB0008015, HMDB0008016, HMDB0008075, HMDB0008108, HMDB0008140, HMDB0008141, HMDB0008171, HMDB0008204, HMDB0008235, HMDB0008236, HMDB0008430, HMDB0008463, HMDB0008495, HMDB0008624, HMDB0008656, HMDB0008689, HMDB0113056, HMDB0113057, HMDB0113078, HMDB0113100, HMDB0113125, HMDB0113126, HMDB0113152, HMDB0113153, HMDB0113179, HMDB0113180, HMDB0113206, HMDB0113235, HMDB0113263, HMDB0113319, HMDB0113346, HMDB0113347, HMDB0113374, HMDB0113402, HMDB0113428, HMDB0113429, HMDB0113456, HMDB0113457, HMDB0113484, HMDB0113596, HMDB0113649, HMDB0113935, HMDB0113936, HMDB0114525, HMDB0114551, HMDB0116733","0","65046580","11696418816","50","1","false","0.000023306083676288836","C42H80NO8P+Na+"
"Pacific Northwest National Laboratory","20201130_jl_lungmap_agarose_1","2020-12-01_22h59m24s","C44H82NO7P","M+H","","C44H82NO7P+H+","768.5901673989999","0.21929201","0.5","0.2599696670877424","0.8449783481579868","0.9982849982098102","PC(18:2(9Z,12Z)/P-18:1(11Z)), PC(18:2(9Z,12Z)/P-18:1(9Z)), PC(18:3(6Z,9Z,12Z)/P-18:0), PC(18:3(9Z,12Z,15Z)/P-18:0), PC(20:3(5Z,8Z,11Z)/P-16:0), PC(20:3(8Z,11Z,14Z)/P-16:0), PC(P-16:0/20:3(5Z,8Z,11Z)), PC(P-16:0/20:3(8Z,11Z,14Z)), PC(P-18:0/18:3(6Z,9Z,12Z)), PC(P-18:0/18:3(9Z,12Z,15Z)), PC(P-18:1(11Z)/18:2(9Z,12Z)), PC(P-18:1(9Z)/18:2(9Z,12Z)), PC(o-16:0/20:4(8Z,11Z,14Z,17Z)), PC(o-18:2(9Z,12Z)/18:2(9Z,12Z))","HMDB0008161, HMDB0008162, HMDB0008193, HMDB0008226, HMDB0008390, HMDB0008422, HMDB0011218, HMDB0011219, HMDB0011245, HMDB0011246, HMDB0011277, HMDB0011310, HMDB0013407, HMDB0013435","0","6503979.5","8540101120","14","1","false","0.00003784313958021812","C42H84NO7P+Na+"
"Pacific Northwest National Laboratory","20201130_jl_lungmap_agarose_1","2020-12-01_22h59m24s","C57H100O6","M+H","","C57H100O6+H+","881.7592673549999","0.22008337","0.5","0.23728622092404875","0.9329635039810397","0.9941457586618877","TG(16:0/18:1(9Z)/20:4(5Z,8Z,11Z,14Z)), TG(16:1(9Z)/18:0/20:4(5Z,8Z,11Z,14Z)), TG(18:1(9Z)/18:2(9Z,12Z)/18:2(9Z,12Z)), TG(18:1(11Z)/16:0/20:4(5Z,8Z,11Z,14Z)), TG(18:1(9Z)/18:1(9Z)/18:3(6Z,9Z,12Z)), TG(18:1(9Z)/18:1(9Z)/18:3(9Z,12Z,15Z)), TG(18:2(9Z,12Z)/18:0/18:3(9Z,12Z,15Z)), TG(18:2(9Z,12Z)/18:1(11Z)/18:2(9Z,12Z)), Glycerol 1,2-di-(9Z,12Z-octadecadienoate) 3-(9Z-octadecenoate), Glycerol 1,3-di-(9Z,12Z-octadecadienoate) 2-(9Z-octadecenoate), TG(14:0/18:0/22:5(4Z,7Z,10Z,13Z,16Z)), TG(14:0/18:0/22:5(7Z,10Z,13Z,16Z,19Z)), TG(14:0/20:0/20:5(5Z,8Z,11Z,14Z,17Z)), TG(14:0/18:1(11Z)/22:4(7Z,10Z,13Z,16Z)), TG(14:0/18:1(9Z)/22:4(7Z,10Z,13Z,16Z)), TG(14:0/20:1(11Z)/20:4(5Z,8Z,11Z,14Z)), TG(14:0/20:1(11Z)/20:4(8Z,11Z,14Z,17Z)), TG(14:0/20:3(5Z,8Z,11Z)/20:2n6), TG(14:0/22:1(13Z)/18:4(6Z,9Z,12Z,15Z)), TG(14:0/18:3(6Z,9Z,12Z)/22:2(13Z,16Z)), TG(14:0/20:2n6/20:3(5Z,8Z,11Z)), TG(14:0/20:2n6/20:3n6), TG(14:0/20:3n6/20:2n6), TG(14:0/20:4(5Z,8Z,11Z,14Z)/20:1(11Z)), TG(14:0/22:2(13Z,16Z)/18:3(6Z,9Z,12Z)), TG(14:0/22:2(13Z,16Z)/18:3(9Z,12Z,15Z)), TG(14:0/22:4(7Z,10Z,13Z,16Z)/18:1(11Z)), TG(14:0/22:4(7Z,10Z,13Z,16Z)/18:1(9Z)), TG(14:0/22:5(4Z,7Z,10Z,13Z,16Z)/18:0), TG(14:0/18:3(9Z,12Z,15Z)/22:2(13Z,16Z)), TG(14:0/18:4(6Z,9Z,12Z,15Z)/22:1(13Z)), TG(14:0/20:4(8Z,11Z,14Z,17Z)/20:1(11Z)), TG(14:0/20:5(5Z,8Z,11Z,14Z,17Z)/20:0), TG(14:0/22:5(7Z,10Z,13Z,16Z,19Z)/18:0), TG(16:0/16:0/22:5(4Z,7Z,10Z,13Z,16Z)), TG(16:0/16:0/22:5(7Z,10Z,13Z,16Z,19Z)), TG(16:0/18:0/20:5(5Z,8Z,11Z,14Z,17Z)), TG(16:0/16:1(9Z)/22:4(7Z,10Z,13Z,16Z)), TG(16:0/18:1(11Z)/20:4(5Z,8Z,11Z,14Z)), TG(16:0/18:1(11Z)/20:4(8Z,11Z,14Z,17Z)), TG(16:0/18:1(9Z)/20:4(8Z,11Z,14Z,17Z)), TG(16:0/20:1(11Z)/18:4(6Z,9Z,12Z,15Z)), TG(16:0/20:3(5Z,8Z,11Z)/18:2(9Z,12Z)), TG(16:0/18:2(9Z,12Z)/20:3(5Z,8Z,11Z)), TG(16:0/18:2(9Z,12Z)/20:3n6), TG(16:0/18:3(6Z,9Z,12Z)/20:2n6), TG(16:0/20:2n6/18:3(6Z,9Z,12Z)), TG(16:0/20:2n6/18:3(9Z,12Z,15Z)), TG(16:0/20:3n6/18:2(9Z,12Z)), TG(16:0/20:4(5Z,8Z,11Z,14Z)/18:1(11Z))","HMDB0005385, HMDB0005426, HMDB0005461, HMDB0010441, HMDB0010459, HMDB0010460, HMDB0010477, HMDB0010479, HMDB0031115, HMDB0034298, HMDB0042173, HMDB0042178, HMDB0042207, HMDB0042352, HMDB0042382, HMDB0042410, HMDB0042416, HMDB0042438, HMDB0042475, HMDB0042561, HMDB0042583, HMDB0042589, HMDB0042618, HMDB0042642, HMDB0042677, HMDB0042684, HMDB0042700, HMDB0042701, HMDB0042724, HMDB0042771, HMDB0042794, HMDB0042822, HMDB0042845, HMDB0042874, HMDB0043905, HMDB0043910, HMDB0043937, HMDB0044072, HMDB0044098, HMDB0044104, HMDB0044132, HMDB0044159, HMDB0044178, HMDB0044259, HMDB0044265, HMDB0044292, HMDB0044319, HMDB0044326, HMDB0044346, HMDB0044368","0","19878224","635627456","50","1","false","0.0007096623303368688","C55H102O6+Na+"
"Pacific Northwest National Laboratory","20201130_jl_lungmap_agarose_1","2020-12-01_22h59m24s","C55H104O6","M+K","","C55H104O6+K+","899.7464489409999","0.22083436","0.5","0.26454581170237684","0.86355303971005","0.9666666666666667","TG(16:0/16:0/20:1(11Z)), TG(16:0/18:0/18:1(9Z)), TG(16:0/16:1(9Z)/20:0), TG(16:1(9Z)/18:0/18:0), TG(18:0/16:0/18:1(11Z)), Glycerol 1-(9Z-octadecenoate) 2-hexadecanoate 3-octadecanoate, TG(14:0/14:0/24:1(15Z)), TG(14:0/16:0/22:1(13Z)), TG(14:0/18:0/20:1(11Z)), TG(14:0/20:0/18:1(11Z)), TG(14:0/20:0/18:1(9Z)), TG(14:0/22:0/16:1(9Z)), TG(14:0/24:0/14:1(9Z)), TG(14:0/14:1(9Z)/24:0), TG(14:0/16:1(9Z)/22:0), TG(14:0/18:1(11Z)/20:0), TG(14:0/18:1(9Z)/20:0), TG(14:0/20:1(11Z)/18:0), TG(14:0/22:1(13Z)/16:0), TG(14:0/24:1(15Z)/14:0), TG(15:0/15:0/22:1(13Z)), TG(15:0/22:1(13Z)/15:0), TG(16:0/14:0/22:1(13Z)), TG(16:0/18:0/18:1(11Z)), TG(16:0/20:0/16:1(9Z)), TG(16:0/22:0/14:1(9Z)), TG(16:0/14:1(9Z)/22:0), TG(16:0/18:1(11Z)/18:0), TG(16:0/18:1(9Z)/18:0), TG(16:0/20:1(11Z)/16:0), TG(18:0/16:0/18:1(9Z)), TG(18:0/14:0/20:1(11Z)), TG(18:0/18:0/16:1(9Z)), TG(18:0/20:0/14:1(9Z)), TG(18:0/14:1(9Z)/20:0), TG(18:0/16:1(9Z)/18:0), TG(20:0/14:0/18:1(11Z)), TG(20:0/14:0/18:1(9Z)), TG(20:0/16:0/16:1(9Z)), TG(20:0/18:0/14:1(9Z)), TG(22:0/14:0/16:1(9Z)), TG(22:0/16:0/14:1(9Z)), TG(24:0/14:0/14:1(9Z))","HMDB0005361, HMDB0005367, HMDB0005375, HMDB0005421, HMDB0010431, HMDB0034385, HMDB0042075, HMDB0042134, HMDB0042162, HMDB0042190, HMDB0042191, HMDB0042219, HMDB0042248, HMDB0042277, HMDB0042306, HMDB0042335, HMDB0042365, HMDB0042394, HMDB0042453, HMDB0042481, HMDB0043001, HMDB0043337, HMDB0043840, HMDB0043920, HMDB0043947, HMDB0043974, HMDB0044028, HMDB0044082, HMDB0044110, HMDB0044137, HMDB0044729, HMDB0044676, HMDB0044754, HMDB0044780, HMDB0044858, HMDB0044884, HMDB0045482, HMDB0045483, HMDB0045533, HMDB0045558, HMDB0046259, HMDB0046308, HMDB0047006","0","3208371.5","25212692","43","0","false","0.006765035912394524",""
"Pacific Northwest National Laboratory","20201130_jl_lungmap_agarose_1","2020-12-01_22h59m24s","C30H18O10","M+H","","C30H18O10+H+","539.097273211","0.22087125","0.5","0.24179803600648928","0.9144777584453865","0.9988799495188515","Sennidin B, Amentoflavone, 4',4''',5,5'',7,7''-Hexahydroxy-3,8''-biflavone","HMDB0002895, HMDB0030832, HMDB0038856","0","2440896.25","5462970368","3","1","false","0.00008446753054158762","C22H28O11S+K+"
"Pacific Northwest National Laboratory","20201130_jl_lungmap_agarose_1","2020-12-01_22h59m24s","C41H73O8P","M+H","","C41H73O8P+H+","725.511582731","0.2210761","0.5","0.25706945741897663","0.8619462208318976","0.9977256574271499","PA(16:0/22:4(7Z,10Z,13Z,16Z)), PA(18:0/20:4(5Z,8Z,11Z,14Z)), PA(18:0/20:4(8Z,11Z,14Z,17Z)), PA(18:1(11Z)/20:3(5Z,8Z,11Z)), PA(18:1(9Z)/20:3(5Z,8Z,11Z)), PA(18:3(6Z,9Z,12Z)/20:1(11Z)), PA(18:3(9Z,12Z,15Z)/20:1(11Z)), PA(18:4(6Z,9Z,12Z,15Z)/20:0), PA(20:0/18:4(6Z,9Z,12Z,15Z)), PA(20:1(11Z)/18:3(6Z,9Z,12Z)), PA(20:1(11Z)/18:3(9Z,12Z,15Z)), PA(20:3(5Z,8Z,11Z)/18:1(11Z)), PA(20:3(5Z,8Z,11Z)/18:1(9Z)), PA(20:4(5Z,8Z,11Z,14Z)/18:0), PA(20:4(8Z,11Z,14Z,17Z)/18:0), PA(22:4(7Z,10Z,13Z,16Z)/16:0), PA(20:2(11Z,14Z)/18:2(9Z,12Z)), PA(18:1(11Z)/20:3(8Z,11Z,14Z)), PA(18:1(9Z)/20:3(8Z,11Z,14Z)), PA(18:2(9Z,12Z)/20:2(11Z,14Z)), PA(20:3(8Z,11Z,14Z)/18:1(11Z)), PA(20:3(8Z,11Z,14Z)/18:1(9Z))","HMDB0114846, HMDB0114884, HMDB0114885, HMDB0114908, HMDB0114933, HMDB0114986, HMDB0115013, HMDB0115039, HMDB0115073, HMDB0115100, HMDB0115101, HMDB0115124, HMDB0115125, HMDB0115149, HMDB0115176, HMDB0115326, HMDB0115493, HMDB0115517, HMDB0115519, HMDB0115520, HMDB0115567, HMDB0115568","0","2994600.5","6178157568","22","0","false","0.000014875658962409943",""
"Pacific Northwest National Laboratory","20201130_jl_lungmap_agarose_1","2020-12-01_22h59m24s","C37H64O4","M+H","","C37H64O4+H+","573.487736963","0.22164983","0.5","0.2464175070259824","0.9022330018960217","0.9969586067642605","Dieporeticenin","HMDB0029792","0","1214309","2541282560","1","1","false","0.00013271225907374173","C35H66O4+Na+"
"Pacific Northwest National Laboratory","20201130_jl_lungmap_agarose_1","2020-12-01_22h59m24s","C11H11F3N2O4","M+K","","C11H11F3N2O4+K+","331.030249205","0.22236453","0.5","0.23187440599621706","0.961056613741322","0.9978464731828459","2-hydroxyflutamide","HMDB0060949","0","1930635.375","2801708544","1","1","false","0.00003438958810875192","C9H13N2O8P+Na+"
"Pacific Northwest National Laboratory","20201130_jl_lungmap_agarose_1","2020-12-01_22h59m24s","C43H87N2O6P","M+K","","C43H87N2O6P+K+","797.593333397","0.22494282","0.5","0.26282568954585367","0.8728877236126257","0.9804962311557789","SM(d18:1/20:0)","HMDB0012102","0","1758053.5","2590029824","1","0","false","0.00000487070792587474",""
"Pacific Northwest National Laboratory","20201130_jl_lungmap_agarose_1","2020-12-01_22h59m24s","C34H28O22","M+K","","C34H28O22+K+","827.070380429","0.22561128","0.5","0.2576143992003066","0.8769761397883965","0.9986260982369244","2,3,4,6-Tetragalloyl-D-glucopyranose, 1,2,3,6-Tetragalloyl-beta-D-glucopyranose, 1,2,4,6-Tetragalloyl-beta-D-glucopyranose, 1,2',3,5-Tetra-O-galloylhamamelofuranose","HMDB0039186, HMDB0039188, HMDB0039191, HMDB0039371","0","3648562.75","13036978176","4","0","false","0.00013503589434549212",""
"Pacific Northwest National Laboratory","20201130_jl_lungmap_agarose_1","2020-12-01_22h59m24s","C24H24O14","M+K","","C24H24O14+K+","575.079763341","0.22863592","0.5","0.24748355596266025","0.925233618175564","0.9984969141947043","Jaceidin 4'-glucuronide, 3,5,6-Trihydroxy-3',4',7-trimethoxyflavone 3-glucuronide, 6-{4-[(1E)-3-[1-carboxy-2-(3,4-dihydroxyphenyl)ethoxy]-3-oxoprop-1-en-1-yl]-2-hydroxyphenoxy}-3,4,5-trihydroxyoxane-2-carboxylic acid, 6-{5-[(1E)-3-[1-carboxy-2-(3,4-dihydroxyphenyl)ethoxy]-3-oxoprop-1-en-1-yl]-2-hydroxyphenoxy}-3,4,5-trihydroxyoxane-2-carboxylic acid, 6-[4-(2-carboxy-2-{[(2E)-3-(3,4-dihydroxyphenyl)prop-2-enoyl]oxy}ethyl)-2-hydroxyphenoxy]-3,4,5-trihydroxyoxane-2-carboxylic acid, 6-[5-(2-carboxy-2-{[(2E)-3-(3,4-dihydroxyphenyl)prop-2-enoyl]oxy}ethyl)-2-hydroxyphenoxy]-3,4,5-trihydroxyoxane-2-carboxylic acid, 6-{[3-(3,4-dihydroxyphenyl)-2-{[(2E)-3-(3,4-dihydroxyphenyl)prop-2-enoyl]oxy}propanoyl]oxy}-3,4,5-trihydroxyoxane-2-carboxylic acid","HMDB0031656, HMDB0038264, HMDB0124960, HMDB0124961, HMDB0124962, HMDB0124963, HMDB0124964","0","933055.125","3216281856","7","1","false","0.0000511518373969011","C27H20O13+Na+"
"Pacific Northwest National Laboratory","20201130_jl_lungmap_agarose_1","2020-12-01_22h59m24s","C46H86NO7P","M+H","","C46H86NO7P+H+","796.6214675269999","0.23284718","0.5","0.27620548731346506","0.8581430440986497","0.9823788546255506","PC(20:2(11Z,14Z)/P-18:1(11Z)), PC(20:2(11Z,14Z)/P-18:1(9Z)), PC(20:3(5Z,8Z,11Z)/P-18:0), PC(20:3(8Z,11Z,14Z)/P-18:0), PC(P-18:0/20:3(5Z,8Z,11Z)), PC(P-18:0/20:3(8Z,11Z,14Z)), PC(P-18:1(11Z)/20:2(11Z,14Z)), PC(P-18:1(9Z)/20:2(11Z,14Z)), PC(o-18:0/20:4(8Z,11Z,14Z,17Z))","HMDB0008359, HMDB0008360, HMDB0008391, HMDB0008423, HMDB0011251, HMDB0011252, HMDB0011283, HMDB0011316, HMDB0013420","0","2606455.75","205382592","9","1","false","0.0012468023924157023","C44H88NO7P+Na+"
"Pacific Northwest National Laboratory","20201130_jl_lungmap_agarose_1","2020-12-01_22h59m24s","C15H10N2O","M+K","","C15H10N2O+K+","273.04247083300004","0.23414053","0.5","0.2489373565227794","0.9473599452135864","0.992822231531909","4,4'-methanol-bisbenzonitrile","HMDB0061037","0","1347805.625","1377319040","1","2","false","0.00004170624742982909","C10H10N4O2S+Na+, C11H12O6S+H+"
"Pacific Northwest National Laboratory","20201130_jl_lungmap_agarose_1","2020-12-01_22h59m24s","C39H67O8P","M+H","","C39H67O8P+H+","695.4646325389999","0.23929042","0.5","0.2613334831473531","0.9278042323633167","0.9869017015546578","PA(14:0/22:5(4Z,7Z,10Z,13Z,16Z)), PA(14:1(9Z)/22:4(7Z,10Z,13Z,16Z)), PA(16:0/20:5(5Z,8Z,11Z,14Z,17Z)), PA(16:1(9Z)/20:4(5Z,8Z,11Z,14Z)), PA(16:1(9Z)/20:4(8Z,11Z,14Z,17Z)), PA(18:1(11Z)/18:4(6Z,9Z,12Z,15Z)), PA(18:1(9Z)/18:4(6Z,9Z,12Z,15Z)), PA(18:2(9Z,12Z)/18:3(6Z,9Z,12Z)), PA(18:2(9Z,12Z)/18:3(9Z,12Z,15Z)), PA(18:3(6Z,9Z,12Z)/18:2(9Z,12Z)), PA(18:3(9Z,12Z,15Z)/18:2(9Z,12Z)), PA(18:4(6Z,9Z,12Z,15Z)/18:1(11Z)), PA(18:4(6Z,9Z,12Z,15Z)/18:1(9Z)), PA(20:4(5Z,8Z,11Z,14Z)/16:1(9Z)), PA(20:4(8Z,11Z,14Z,17Z)/16:1(9Z)), PA(20:5(5Z,8Z,11Z,14Z,17Z)/16:0), PA(22:4(7Z,10Z,13Z,16Z)/14:1(9Z)), PA(22:5(4Z,7Z,10Z,13Z,16Z)/14:0), PA(14:0/22:5(7Z,10Z,13Z,16Z,19Z)), PA(22:5(7Z,10Z,13Z,16Z,19Z)/14:0)","HMDB0114791, HMDB0114806, HMDB0114842, HMDB0114861, HMDB0114862, HMDB0114905, HMDB0114930, HMDB0114955, HMDB0114956, HMDB0114981, HMDB0115008, HMDB0115033, HMDB0115034, HMDB0115148, HMDB0115175, HMDB0115201, HMDB0115324, HMDB0115349, HMDB0116700, HMDB0116708","0","6647690.5","2709719040","20","1","false","0.00011053884372813627","C37H69O8P+Na+"
"Pacific Northwest National Laboratory","20201130_jl_lungmap_agarose_1","2020-12-01_22h59m24s","C14H18N5O11P","M+K","","C14H18N5O11P+K+","502.03720128900005","0.24037546","0.5","0.25606637280391475","0.944902629212595","0.9934603174603175","Adenylsuccinic acid, N(6)-(1,2-dicarboxyethyl)AMP","HMDB0000536, HMDB0059653","0","2696240","472330400","2","0","false","0.00016450544353574514",""
"Pacific Northwest National Laboratory","20201130_jl_lungmap_agarose_1","2020-12-01_22h59m24s","C42H84NO7P","M+H","","C42H84NO7P+H+","746.6058174629999","0.2443908","0.5","0.28561112874397626","0.8600939992382443","0.9948642137538327","PC(16:0/P-18:0), PC(18:0/P-16:0), PC(P-16:0/18:0), PC(P-18:0/16:0), PC(o-16:1(9Z)/18:0), PC(o-18:1(11Z)/16:0), PC(o-18:1(9Z)/16:0)","HMDB0007995, HMDB0008060, HMDB0011208, HMDB0011239, HMDB0013412, HMDB0013424, HMDB0013426","0","2144670.75","3762824704","7","0","false","0.00001774939664755948",""
"Pacific Northwest National Laboratory","20201130_jl_lungmap_agarose_1","2020-12-01_22h59m24s","C37H69O8P","M+K","","C37H69O8P+K+","711.436164061","0.252068","0.5","0.29115605811441186","0.867733376925261","0.9977128806251684","PA(16:0/18:2(9Z,12Z)), PA(18:1(11Z)/16:1(9Z)), PA(18:1(9Z)/16:1(9Z)), PA(18:2(9Z,12Z)/16:0), PA(20:1(11Z)/14:1(9Z)), PA(14:0/20:2(11Z,14Z)), PA(20:2(11Z,14Z)/14:0)","HMDB0007860, HMDB0114900, HMDB0114925, HMDB0114949, HMDB0115092, HMDB0115504, HMDB0115532","0","2337907","5791873024","7","0","false","0.00006683675019303337",""
"Pacific Northwest National Laboratory","20201130_jl_lungmap_agarose_1","2020-12-01_22h59m24s","C39H81N2O6P","M+H","","C39H81N2O6P+H+","705.590501747","0.25398505","0.5","0.3102432959409196","0.8837153208610806","0.9263888888888889","N-hexadecanoylsphinganine-1-phosphocholine","HMDB0062665","0","832860.0625","10402604","1","0","false","0.0006680908263660967",""
"Pacific Northwest National Laboratory","20201130_jl_lungmap_agarose_1","2020-12-01_22h59m24s","C12H12N2O5S","M+K","","C12H12N2O5S+K+","335.009850547","0.2568403","0.5","0.27010062497331405","0.9516018384753543","0.999268748331999","1,4-Benzothiazine-O-quinonimine","HMDB0012491","0","1384378.375","6637223424","1","0","false","0.00022222154075279832",""
"Pacific Northwest National Laboratory","20201130_jl_lungmap_agarose_1","2020-12-01_22h59m24s","C48H84NO8P","M+H","","C48H84NO8P+H+","834.6007320829999","0.25867397","0.5","0.3090932738896735","0.8434106772525596","0.9922568066290648","PC(18:0/22:6(4Z,7Z,10Z,13Z,16Z,19Z)), PC(18:1(11Z)/22:5(4Z,7Z,10Z,13Z,16Z)), PC(18:1(11Z)/22:5(7Z,10Z,13Z,16Z,19Z)), PC(18:1(9Z)/22:5(4Z,7Z,10Z,13Z,16Z)), PC(18:1(9Z)/22:5(7Z,10Z,13Z,16Z,19Z)), PC(18:2(9Z,12Z)/22:4(7Z,10Z,13Z,16Z)), PC(18:4(6Z,9Z,12Z,15Z)/22:2(13Z,16Z)), PC(20:1(11Z)/20:5(5Z,8Z,11Z,14Z,17Z)), PC(20:2(11Z,14Z)/20:4(5Z,8Z,11Z,14Z)), PC(20:2(11Z,14Z)/20:4(8Z,11Z,14Z,17Z)), PC(20:3(5Z,8Z,11Z)/20:3(5Z,8Z,11Z)), PC(20:3(5Z,8Z,11Z)/20:3(8Z,11Z,14Z)), PC(20:3(8Z,11Z,14Z)/20:3(5Z,8Z,11Z)), PC(20:3(8Z,11Z,14Z)/20:3(8Z,11Z,14Z)), PC(20:4(5Z,8Z,11Z,14Z)/20:2(11Z,14Z)), PC(20:4(8Z,11Z,14Z,17Z)/20:2(11Z,14Z)), PC(20:5(5Z,8Z,11Z,14Z,17Z)/20:1(11Z)), PC(22:2(13Z,16Z)/18:4(6Z,9Z,12Z,15Z)), PC(22:4(7Z,10Z,13Z,16Z)/18:2(9Z,12Z)), PC(22:5(4Z,7Z,10Z,13Z,16Z)/18:1(11Z)), PC(22:5(4Z,7Z,10Z,13Z,16Z)/18:1(9Z)), PC(22:5(7Z,10Z,13Z,16Z,19Z)/18:1(11Z)), PC(22:5(7Z,10Z,13Z,16Z,19Z)/18:1(9Z)), PC(22:6(4Z,7Z,10Z,13Z,16Z,19Z)/18:0), PE-NMe(20:0/22:6(4Z,7Z,10Z,13Z,16Z,19Z)), PE-NMe(20:1(11Z)/22:5(4Z,7Z,10Z,13Z,16Z)), PE-NMe(20:1(11Z)/22:5(7Z,10Z,13Z,16Z,19Z)), PE-NMe(20:2(11Z,14Z)/22:4(7Z,10Z,13Z,16Z)), PE-NMe(20:4(5Z,8Z,11Z,14Z)/22:2(13Z,16Z)), PE-NMe(20:4(8Z,11Z,14Z,17Z)/22:2(13Z,16Z)), PE-NMe(20:5(5Z,8Z,11Z,14Z,17Z)/22:1(13Z)), PE-NMe(22:1(13Z)/20:5(5Z,8Z,11Z,14Z,17Z)), PE-NMe(22:2(13Z,16Z)/20:4(5Z,8Z,11Z,14Z)), PE-NMe(22:2(13Z,16Z)/20:4(8Z,11Z,14Z,17Z)), PE-NMe(22:4(7Z,10Z,13Z,16Z)/20:2(11Z,14Z)), PE-NMe(22:5(4Z,7Z,10Z,13Z,16Z)/20:1(11Z)), PE-NMe(22:5(7Z,10Z,13Z,16Z,19Z)/20:1(11Z)), PE-NMe(22:6(4Z,7Z,10Z,13Z,16Z,19Z)/20:0)","HMDB0008057, HMDB0008088, HMDB0008089, HMDB0008121, HMDB0008122, HMDB0008153, HMDB0008251, HMDB0008314, HMDB0008345, HMDB0008346, HMDB0008376, HMDB0008377, HMDB0008408, HMDB0008409, HMDB0008440, HMDB0008473, HMDB0008505, HMDB0008601, HMDB0008631, HMDB0008662, HMDB0008663, HMDB0008695, HMDB0008696, HMDB0008727, HMDB0113305, HMDB0113332, HMDB0113333, HMDB0113360, HMDB0113443, HMDB0113472, HMDB0113500, HMDB0113554, HMDB0113580, HMDB0113581, HMDB0113606, HMDB0113632, HMDB0113659, HMDB0113685","0","3540391.75","5007279616","38","1","false","0.000004263314167474164","C46H86NO8P+Na+"
"Pacific Northwest National Laboratory","20201130_jl_lungmap_agarose_1","2020-12-01_22h59m24s","C42H80NO8P","M+H","","C42H80NO8P+H+","758.5694319549999","0.26045892","0.5","0.2786299461783648","0.9625302736038844","0.9711740041928721","PC(14:0/20:2(11Z,14Z)), PC(14:1(9Z)/20:1(11Z)), PC(16:0/18:2(9Z,12Z)), PC(16:1(9Z)/18:1(11Z)), PC(16:1(9Z)/18:1(9Z)), PC(18:1(11Z)/16:1(9Z)), PC(18:1(9Z)/16:1(9Z)), PC(18:2(9Z,12Z)/16:0), PC(20:1(11Z)/14:1(9Z)), PC(20:2(11Z,14Z)/14:0), PE(15:0/22:2(13Z,16Z)), PE(22:2(13Z,16Z)/15:0), PE-NMe(18:1(9Z)/18:1(9Z)), PE-NMe(16:1(9Z)/20:1(11Z)), PE-NMe(18:1(9Z)/18:1(11Z)), PE-NMe(18:1(11Z)/18:1(9Z)), PE-NMe(18:1(11Z)/18:1(11Z)), PE-NMe(14:0/22:2(13Z,16Z)), PE-NMe(14:1(9Z)/22:1(13Z)), PE-NMe(16:0/20:2(11Z,14Z)), PE-NMe(18:0/18:2(9Z,12Z)), PE-NMe(18:2(9Z,12Z)/18:0), PE-NMe(20:1(11Z)/16:1(9Z)), PE-NMe(20:2(11Z,14Z)/16:0), PE-NMe(22:1(13Z)/14:1(9Z)), PE-NMe(22:2(13Z,16Z)/14:0), PE-NMe2(15:0/20:2(11Z,14Z)), PE-NMe2(20:2(11Z,14Z)/15:0)","HMDB0007880, HMDB0007912, HMDB0007973, HMDB0008004, HMDB0008005, HMDB0008068, HMDB0008101, HMDB0008133, HMDB0008296, HMDB0008328, HMDB0008909, HMDB0009549, HMDB0010565, HMDB0112966, HMDB0112967, HMDB0112968, HMDB0112969, HMDB0112992, HMDB0113010, HMDB0113047, HMDB0113089, HMDB0113169, HMDB0113312, HMDB0113340, HMDB0113536, HMDB0113563, HMDB0113925, HMDB0114241","0","48861524","6230398976","28","0","false","0.0003706912393681705",""
"Pacific Northwest National Laboratory","20201130_jl_lungmap_agarose_1","2020-12-01_22h59m24s","C41H83N2O6P","M+H","","C41H83N2O6P+H+","731.6061518109999","0.26267257","0.5","0.41772710795201967","0.6320481524076875","0.9948827568337868","SM(d18:0/18:1(11Z)), SM(d18:0/18:1(9Z)), stearoyl sphingomyelin","HMDB0012088, HMDB0012089, HMDB0062559","0","2345700.5","5468600320","3","0","false","0.000058326186263002455",""
"Pacific Northwest National Laboratory","20201130_jl_lungmap_agarose_1","2020-12-01_22h59m24s","C24H22O13","M+K","","C24H22O13+K+","557.069198657","0.2662631","0.5","0.28764579944539337","0.9267875894448587","0.9987866343102483","6''-Malonylgenistin, 6''-Malonylcosmosiin, 3,4,5-trihydroxy-6-({15-hydroxy-11-methoxy-13-oxo-6,8,20-trioxapentacyclo[10.8.0.0²,⁹.0³,⁷.0¹⁴,¹⁹]icosa-1(12),2(9),10,14,16,18-hexaen-17-yl}oxy)oxane-2-carboxylic acid, 3,4,5-trihydroxy-6-({17-hydroxy-11-methoxy-13-oxo-6,8,20-trioxapentacyclo[10.8.0.0²,⁹.0³,⁷.0¹⁴,¹⁹]icosa-1(12),2(9),10,14(19),15,17-hexaen-15-yl}oxy)oxane-2-carboxylic acid, 3,4,5-trihydroxy-6-({15-hydroxy-11-methoxy-13-oxo-6,8,20-trioxapentacyclo[10.8.0.0²,⁹.0³,⁷.0¹⁴,¹⁹]icosa-1(12),2(9),10,14(19),15,17-hexaen-16-yl}oxy)oxane-2-carboxylic acid, 3,4,5-trihydroxy-6-({16-hydroxy-11-methoxy-13-oxo-6,8,20-trioxapentacyclo[10.8.0.0²,⁹.0³,⁷.0¹⁴,¹⁹]icosa-1(12),2(9),10,14(19),15,17-hexaen-15-yl}oxy)oxane-2-carboxylic acid","HMDB0029529, HMDB0037346, HMDB0128884, HMDB0128885, HMDB0128886, HMDB0128887","0","1165755.75","3944156160","6","0","false","0.000033059226552722976",""
"Pacific Northwest National Laboratory","20201130_jl_lungmap_agarose_1","2020-12-01_22h59m24s","C10H20N2S4","M+K","","C10H20N2S4+K+","335.01409121300003","0.2667967","0.5","0.2885308283176832","0.9252868687394058","0.9993366898425637","Disulfiram","HMDB0014960","0","19783500","102687555584","1","1","false","0.00017977705283556134","C9H16N2O5S2+K+"
"Pacific Northwest National Laboratory","20201130_jl_lungmap_agarose_1","2020-12-01_22h59m24s","C11H12O6S","M+H","","C11H12O6S+H+","273.042735709","0.2689339","0.5","0.27992983507818214","0.9676807465179289","0.9928056546994192","5-(Hydroxyphenyl)-gamma-valerolactone-O-sulphate, [(5-hydroxy-2-methyl-2H-chromen-2-yl)methoxy]sulfonic acid, [1-(4-methoxy-1-benzofuran-5-yl)ethoxy]sulfonic acid, [2-methoxy-4-(3-oxobut-1-en-1-yl)phenyl]oxidanesulfonic acid","HMDB0059993, HMDB0126424, HMDB0129400, HMDB0135674","0","1347805.625","1375829504","4","3","false","0.00004095518670510501","C15H10N2O+K+, C10H10N4O2S+Na+, C13H8F2O3+Na+"
"Pacific Northwest National Laboratory","20201130_jl_lungmap_agarose_1","2020-12-01_22h59m24s","C15H12O9","M+K","","C15H12O9+K+","375.011289857","0.2723197","0.5","0.28676865880558444","0.9505822221196246","0.99898201813048","3,5,7-trihydroxy-2-(2,3,4,5-tetrahydroxyphenyl)-3,4-dihydro-2H-1-benzopyran-4-one, 3-(2,3,4,5-tetrahydroxyphenyl)-1-(2,4,6-trihydroxyphenyl)propane-1,2-dione, 3,5,6,7-tetrahydroxy-2-(3,4,5-trihydroxyphenyl)-3,4-dihydro-2H-1-benzopyran-4-one, 1-(2,3,4,6-tetrahydroxyphenyl)-3-(3,4,5-trihydroxyphenyl)propane-1,2-dione, 3-hydroxy-4-methoxy-5-(3,4,5-trihydroxybenzoyloxy)benzoic acid, 3,5,6,7-tetrahydroxy-2-(2,3,4-trihydroxyphenyl)-3,4-dihydro-2H-1-benzopyran-4-one, 1-(2,3,4,6-tetrahydroxyphenyl)-3-(2,3,4-trihydroxyphenyl)propane-1,2-dione, 3,5,6,7-tetrahydroxy-2-(2,4,5-trihydroxyphenyl)-3,4-dihydro-2H-1-benzopyran-4-one, 1-(2,3,4,6-tetrahydroxyphenyl)-3-(2,4,5-trihydroxyphenyl)propane-1,2-dione, 5,6,7,8-tetrahydroxy-2-(3,4,5-trihydroxyphenyl)-3,4-dihydro-2H-1-benzopyran-4-one","HMDB0125221, HMDB0125222, HMDB0125213, HMDB0125215, HMDB0128333, HMDB0129431, HMDB0129432, HMDB0129433, HMDB0129434, HMDB0140551","0","1135787.125","2140660992","10","2","false","0.002949187997728586","C11H15NO9P+K+, C18H8O8+Na+"
"Pacific Northwest National Laboratory","20201130_jl_lungmap_agarose_1","2020-12-01_22h59m24s","C11H15NO9P","M+K","","C11H15NO9P+K+","375.011600953","0.2739904","0.5","0.28510006909972074","0.9620115147727428","0.998982131579925","nicotinate beta-D-ribonucleotide","HMDB0059646","0","1135787.125","2140849408","1","2","false","0.002997821429744363","C15H12O9+K+, C18H8O8+Na+"
"Pacific Northwest National Laboratory","20201130_jl_lungmap_agarose_1","2020-12-01_22h59m24s","C11H12O8","M+K","","C11H12O8+K+","311.01637523700003","0.27632296","0.5","0.3129647847570977","0.8840694931104888","0.9987001004097804","Fukiic acid","HMDB0029496","0","1049749.875","4100993024","1","3","false","0.000010505450518394355","C10H12ClN3O3S+Na+, C15H12ClNO2+K+, C14H11Cl2NO3+H+"
"Pacific Northwest National Laboratory","20201130_jl_lungmap_agarose_1","2020-12-01_22h59m24s","C18H18O10","M+K","","C18H18O10+K+","433.05315466900004","0.2782727","0.5","0.29223812818440525","0.9532776846153468","0.9988822155488822","9-Hydroxy-4-methoxypsoralen 9-glucoside","HMDB0039047","0","1316495.125","5163833344","1","1","false","0.000015491894373553805","C21H14O9+Na+"
"Pacific Northwest National Laboratory","20201130_jl_lungmap_agarose_1","2020-12-01_22h59m24s","C42H81NO11S","M+H","","C42H81NO11S+H+","808.560310017","0.28002596","0.5","0.3104831088647845","0.9251334297508167","0.9748907187150554","3-O-Sulfogalactosylceramide (d18:1/18:0)","HMDB0012314","0","3208357.25","4314921984","1","1","false","0.00006186001701280475","C44H84NO7P+K+"
"Pacific Northwest National Laboratory","20201130_jl_lungmap_agarose_1","2020-12-01_22h59m24s","C41H84N2O6P","M+K","","C41H84N2O6P+K+","770.569858301","0.2818205","0.5","0.31426955728278133","0.90384303963926","0.9921498251426468","SM(d18:1/18:0)","HMDB0001348","0","8640663","10012152832","1","3","false","0.00037238304503262043","C41H83N2O6P+K+, C41H82NO8P+Na+, C43H80NO8P+H+"
"Pacific Northwest National Laboratory","20201130_jl_lungmap_agarose_1","2020-12-01_22h59m24s","C12H22NO10S3","M+H","","C12H22NO10S3+H+","437.0478608490001","0.28926945","0.5","0.2940509939600413","0.9848054134663715","0.99891716901094","Glucoraphanin","HMDB0038404","0","1566576.625","6581307392","1","2","false","0.000019489349142531864","C17H18O11+K+, C18H16N2O7S2+H+"
"Pacific Northwest National Laboratory","20201130_jl_lungmap_agarose_1","2020-12-01_22h59m24s","C45H82NO8P","M+H","","C45H82NO8P+H+","796.585082019","0.2965244","0.5","0.33417883213575955","0.891436988298682","0.9953844208396561","PC(15:0/22:4(7Z,10Z,13Z,16Z)), PC(22:4(7Z,10Z,13Z,16Z)/15:0), PE(18:0/22:4(7Z,10Z,13Z,16Z)), PE(18:2(9Z,12Z)/22:2(13Z,16Z)), PE(18:3(6Z,9Z,12Z)/22:1(13Z)), PE(18:3(9Z,12Z,15Z)/22:1(13Z)), PE(18:4(6Z,9Z,12Z,15Z)/22:0), PE(20:0/20:4(5Z,8Z,11Z,14Z)), PE(20:0/20:4(8Z,11Z,14Z,17Z)), PE(20:1(11Z)/20:3(5Z,8Z,11Z)), PE(20:1(11Z)/20:3(8Z,11Z,14Z)), PE(20:2(11Z,14Z)/20:2(11Z,14Z)), PE(20:3(5Z,8Z,11Z)/20:1(11Z)), PE(20:3(8Z,11Z,14Z)/20:1(11Z)), PE(20:4(5Z,8Z,11Z,14Z)/20:0), PE(20:4(8Z,11Z,14Z,17Z)/20:0), PE(22:0/18:4(6Z,9Z,12Z,15Z)), PE(22:1(13Z)/18:3(6Z,9Z,12Z)), PE(22:1(13Z)/18:3(9Z,12Z,15Z)), PE(22:2(13Z,16Z)/18:2(9Z,12Z)), PE(22:4(7Z,10Z,13Z,16Z)/18:0), PE-NMe2(16:0/22:4(7Z,10Z,13Z,16Z)), PE-NMe2(18:0/20:4(5Z,8Z,11Z,14Z)), PE-NMe2(18:0/20:4(8Z,11Z,14Z,17Z)), PE-NMe2(18:1(11Z)/20:3(5Z,8Z,11Z)), PE-NMe2(18:1(11Z)/20:3(8Z,11Z,14Z)), PE-NMe2(18:1(9Z)/20:3(5Z,8Z,11Z)), PE-NMe2(18:1(9Z)/20:3(8Z,11Z,14Z)), PE-NMe2(18:2(9Z,12Z)/20:2(11Z,14Z)), PE-NMe2(18:3(6Z,9Z,12Z)/20:1(11Z)), PE-NMe2(18:3(9Z,12Z,15Z)/20:1(11Z)), PE-NMe2(18:4(6Z,9Z,12Z,15Z)/20:0), PE-NMe2(20:0/18:4(6Z,9Z,12Z,15Z)), PE-NMe2(20:1(11Z)/18:3(6Z,9Z,12Z)), PE-NMe2(20:1(11Z)/18:3(9Z,12Z,15Z)), PE-NMe2(20:2(11Z,14Z)/18:2(9Z,12Z)), PE-NMe2(20:3(5Z,8Z,11Z)/18:1(11Z)), PE-NMe2(20:3(5Z,8Z,11Z)/18:1(9Z)), PE-NMe2(20:3(8Z,11Z,14Z)/18:1(11Z)), PE-NMe2(20:3(8Z,11Z,14Z)/18:1(9Z)), PE-NMe2(20:4(5Z,8Z,11Z,14Z)/18:0), PE-NMe2(20:4(8Z,11Z,14Z,17Z)/18:0), PE-NMe2(22:4(7Z,10Z,13Z,16Z)/16:0)","HMDB0007955, HMDB0008625, HMDB0009009, HMDB0009107, HMDB0009139, HMDB0009172, HMDB0009204, HMDB0009234, HMDB0009235, HMDB0009265, HMDB0009266, HMDB0009297, HMDB0009329, HMDB0009362, HMDB0009394, HMDB0009427, HMDB0009492, HMDB0009523, HMDB0009524, HMDB0009555, HMDB0009585, HMDB0113956, HMDB0113999, HMDB0114000, HMDB0114024, HMDB0114025, HMDB0114051, HMDB0114052, HMDB0114079, HMDB0114107, HMDB0114136, HMDB0114164, HMDB0114192, HMDB0114219, HMDB0114220, HMDB0114247, HMDB0114274, HMDB0114275, HMDB0114302, HMDB0114303, HMDB0114329, HMDB0114357, HMDB0114498","0","3152904.5","8103445504","43","1","false","0.0000424744030169677","C43H84NO8P+Na+"
"Pacific Northwest National Laboratory","20201130_jl_lungmap_agarose_1","2020-12-01_22h59m24s","C61H100O6","M+H","","C61H100O6+H+","929.7592673549999","0.29901335","0.5","0.3797170233413088","0.8146175537248099","0.9666666666666667","TG(18:1(9Z)/20:4(5Z,8Z,11Z,14Z)/20:4(5Z,8Z,11Z,14Z)), TG(18:2(9Z,12Z)/18:1(9Z)/22:6(4Z,7Z,10Z,13Z,16Z,19Z)), TG(18:2(9Z,12Z)/18:2(9Z,12Z)/22:5(7Z,10Z,13Z,16Z,19Z)), TG(18:3(9Z,12Z,15Z)/18:1(9Z)/22:5(7Z,10Z,13Z,16Z,19Z)), TG(20:4(5Z,8Z,11Z,14Z)/18:1(11Z)/20:4(5Z,8Z,11Z,14Z)), TG(14:0/22:4(7Z,10Z,13Z,16Z)/22:5(4Z,7Z,10Z,13Z,16Z)), TG(14:0/22:4(7Z,10Z,13Z,16Z)/22:5(7Z,10Z,13Z,16Z,19Z)), TG(14:0/22:5(4Z,7Z,10Z,13Z,16Z)/22:4(7Z,10Z,13Z,16Z)), TG(14:0/22:5(7Z,10Z,13Z,16Z,19Z)/22:4(7Z,10Z,13Z,16Z)), TG(16:0/20:3(5Z,8Z,11Z)/22:6(4Z,7Z,10Z,13Z,16Z,19Z)), TG(16:0/20:3n6/22:6(4Z,7Z,10Z,13Z,16Z,19Z)), TG(16:0/20:4(5Z,8Z,11Z,14Z)/22:5(4Z,7Z,10Z,13Z,16Z)), TG(16:0/20:4(5Z,8Z,11Z,14Z)/22:5(7Z,10Z,13Z,16Z,19Z)), TG(16:0/22:4(7Z,10Z,13Z,16Z)/20:5(5Z,8Z,11Z,14Z,17Z)), TG(16:0/22:5(4Z,7Z,10Z,13Z,16Z)/20:4(5Z,8Z,11Z,14Z)), TG(16:0/22:5(4Z,7Z,10Z,13Z,16Z)/20:4(8Z,11Z,14Z,17Z)), TG(16:0/20:4(8Z,11Z,14Z,17Z)/22:5(4Z,7Z,10Z,13Z,16Z)), TG(16:0/20:4(8Z,11Z,14Z,17Z)/22:5(7Z,10Z,13Z,16Z,19Z)), TG(16:0/20:5(5Z,8Z,11Z,14Z,17Z)/22:4(7Z,10Z,13Z,16Z)), TG(16:0/22:5(7Z,10Z,13Z,16Z,19Z)/20:4(5Z,8Z,11Z,14Z)), TG(16:0/22:5(7Z,10Z,13Z,16Z,19Z)/20:4(8Z,11Z,14Z,17Z)), TG(16:0/22:6(4Z,7Z,10Z,13Z,16Z,19Z)/20:3(5Z,8Z,11Z)), TG(16:0/22:6(4Z,7Z,10Z,13Z,16Z,19Z)/20:3n6), TG(18:0/18:3(6Z,9Z,12Z)/22:6(4Z,7Z,10Z,13Z,16Z,19Z)), TG(18:0/20:4(5Z,8Z,11Z,14Z)/20:5(5Z,8Z,11Z,14Z,17Z)), TG(18:0/22:5(4Z,7Z,10Z,13Z,16Z)/18:4(6Z,9Z,12Z,15Z)), TG(18:0/18:3(9Z,12Z,15Z)/22:6(4Z,7Z,10Z,13Z,16Z,19Z)), TG(18:0/18:4(6Z,9Z,12Z,15Z)/22:5(4Z,7Z,10Z,13Z,16Z)), TG(18:0/18:4(6Z,9Z,12Z,15Z)/22:5(7Z,10Z,13Z,16Z,19Z)), TG(18:0/20:4(8Z,11Z,14Z,17Z)/20:5(5Z,8Z,11Z,14Z,17Z)), TG(18:0/20:5(5Z,8Z,11Z,14Z,17Z)/20:4(5Z,8Z,11Z,14Z)), TG(18:0/20:5(5Z,8Z,11Z,14Z,17Z)/20:4(8Z,11Z,14Z,17Z)), TG(18:0/22:5(7Z,10Z,13Z,16Z,19Z)/18:4(6Z,9Z,12Z,15Z)), TG(18:0/22:6(4Z,7Z,10Z,13Z,16Z,19Z)/18:3(6Z,9Z,12Z)), TG(18:0/22:6(4Z,7Z,10Z,13Z,16Z,19Z)/18:3(9Z,12Z,15Z)), TG(20:0/18:4(6Z,9Z,12Z,15Z)/20:5(5Z,8Z,11Z,14Z,17Z)), TG(20:0/20:5(5Z,8Z,11Z,14Z,17Z)/18:4(6Z,9Z,12Z,15Z)), TG(14:1(9Z)/22:2(13Z,16Z)/22:6(4Z,7Z,10Z,13Z,16Z,19Z)), TG(14:1(9Z)/22:4(7Z,10Z,13Z,16Z)/22:4(7Z,10Z,13Z,16Z)), TG(14:1(9Z)/22:6(4Z,7Z,10Z,13Z,16Z,19Z)/22:2(13Z,16Z)), TG(16:1(9Z)/20:3(5Z,8Z,11Z)/22:5(4Z,7Z,10Z,13Z,16Z)), TG(16:1(9Z)/20:3(5Z,8Z,11Z)/22:5(7Z,10Z,13Z,16Z,19Z)), TG(16:1(9Z)/20:2n6/22:6(4Z,7Z,10Z,13Z,16Z,19Z)), TG(16:1(9Z)/20:3n6/22:5(4Z,7Z,10Z,13Z,16Z)), TG(16:1(9Z)/20:3n6/22:5(7Z,10Z,13Z,16Z,19Z)), TG(16:1(9Z)/20:4(5Z,8Z,11Z,14Z)/22:4(7Z,10Z,13Z,16Z)), TG(16:1(9Z)/22:4(7Z,10Z,13Z,16Z)/20:4(5Z,8Z,11Z,14Z)), TG(16:1(9Z)/22:4(7Z,10Z,13Z,16Z)/20:4(8Z,11Z,14Z,17Z)), TG(16:1(9Z)/22:5(4Z,7Z,10Z,13Z,16Z)/20:3(5Z,8Z,11Z)), TG(16:1(9Z)/22:5(4Z,7Z,10Z,13Z,16Z)/20:3n6)","HMDB0005463, HMDB0010488, HMDB0010495, HMDB0010505, HMDB0010522, HMDB0042713, HMDB0042718, HMDB0042742, HMDB0042892, HMDB0044191, HMDB0044359, HMDB0044381, HMDB0044386, HMDB0044441, HMDB0044462, HMDB0044468, HMDB0044549, HMDB0044554, HMDB0044576, HMDB0044602, HMDB0044608, HMDB0044623, HMDB0044629, HMDB0045125, HMDB0045204, HMDB0045283, HMDB0045314, HMDB0045335, HMDB0045340, HMDB0045366, HMDB0045386, HMDB0045392, HMDB0045418, HMDB0045437, HMDB0045444, HMDB0046123, HMDB0046173, HMDB0048205, HMDB0048221, HMDB0048381, HMDB0048691, HMDB0048696, HMDB0048807, HMDB0048823, HMDB0048828, HMDB0048844, HMDB0048886, HMDB0048892, HMDB0048901, HMDB0048907","0","2732809.5","8166237","50","1","true","0.5788933634757996","C59H102O6+Na+"
"Pacific Northwest National Laboratory","20201130_jl_lungmap_agarose_1","2020-12-01_22h59m24s","C51H90O6","M+H","","C51H90O6+H+","799.681017035","0.30034626","0.5","0.38283553423029676","0.8377193190622498","0.9365079365079365","TG(14:0/14:0/20:4(5Z,8Z,11Z,14Z)), TG(14:0/14:0/20:4(8Z,11Z,14Z,17Z)), TG(14:0/16:0/18:4(6Z,9Z,12Z,15Z)), TG(14:0/14:1(9Z)/20:3(5Z,8Z,11Z)), TG(14:0/14:1(9Z)/20:3n6), TG(14:0/16:1(9Z)/18:3(6Z,9Z,12Z)), TG(14:0/16:1(9Z)/18:3(9Z,12Z,15Z)), TG(14:0/20:3(5Z,8Z,11Z)/14:1(9Z)), TG(14:0/18:3(6Z,9Z,12Z)/16:1(9Z)), TG(14:0/20:3n6/14:1(9Z)), TG(14:0/20:4(5Z,8Z,11Z,14Z)/14:0), TG(14:0/18:3(9Z,12Z,15Z)/16:1(9Z)), TG(14:0/18:4(6Z,9Z,12Z,15Z)/16:0), TG(14:0/20:4(8Z,11Z,14Z,17Z)/14:0), TG(15:0/15:0/18:4(6Z,9Z,12Z,15Z)), TG(15:0/18:4(6Z,9Z,12Z,15Z)/15:0), TG(16:0/14:0/18:4(6Z,9Z,12Z,15Z)), TG(16:0/14:1(9Z)/18:3(6Z,9Z,12Z)), TG(16:0/14:1(9Z)/18:3(9Z,12Z,15Z)), TG(16:0/18:3(6Z,9Z,12Z)/14:1(9Z)), TG(16:0/18:3(9Z,12Z,15Z)/14:1(9Z)), TG(14:1(9Z)/16:0/18:3(9Z,12Z,15Z)), TG(14:1(9Z)/14:0/20:3(5Z,8Z,11Z)), TG(14:1(9Z)/14:0/20:3n6), TG(14:1(9Z)/16:0/18:3(6Z,9Z,12Z)), TG(14:1(9Z)/14:1(9Z)/20:2n6), TG(14:1(9Z)/16:1(9Z)/18:2(9Z,12Z)), TG(14:1(9Z)/20:2n6/14:1(9Z)), TG(14:1(9Z)/18:2(9Z,12Z)/16:1(9Z)), TG(16:1(9Z)/14:0/18:3(6Z,9Z,12Z)), TG(16:1(9Z)/14:0/18:3(9Z,12Z,15Z)), TG(16:1(9Z)/14:1(9Z)/18:2(9Z,12Z))","HMDB0042080, HMDB0042086, HMDB0042145, HMDB0042283, HMDB0042289, HMDB0042317, HMDB0042324, HMDB0042428, HMDB0042549, HMDB0042608, HMDB0042631, HMDB0042759, HMDB0042783, HMDB0042811, HMDB0043012, HMDB0043656, HMDB0043851, HMDB0044039, HMDB0044046, HMDB0044282, HMDB0044478, HMDB0047786, HMDB0047729, HMDB0047735, HMDB0047779, HMDB0047895, HMDB0047916, HMDB0048115, HMDB0048070, HMDB0048421, HMDB0048428, HMDB0048574","0","1930662.75","24454054","32","1","false","0.013279283419251442","C49H92O6+Na+"
"Pacific Northwest National Laboratory","20201130_jl_lungmap_agarose_1","2020-12-01_22h59m24s","C43H86NO7P","M+H","","C43H86NO7P+H+","760.6214675269999","0.3006649","0.5","0.3497348828755473","0.8631386921712789","0.9960088269984401","PE(20:0/P-18:0), PE(22:0/P-16:0), PE(P-16:0/22:0), PE(P-18:0/20:0)","HMDB0009247, HMDB0009510, HMDB0011355, HMDB0011380","0","2442344.5","7042587648","4","0","false","0.00015304112457670271",""
"Pacific Northwest National Laboratory","20201130_jl_lungmap_agarose_1","2020-12-01_22h59m24s","C47H80O19","M+H","","C47H80O19+H+","949.536656775","0.30210876","0.5","0.341738086986699","0.8861273220588484","0.9976398722754408","Notoginsenoside H, Momordicoside B, (3b,6a,12b,17a,20S)-Dammar-24-ene-3,6,12,17,20-pentol 20-[glucosyl-(1->2)-glucoside] 6-xyloside, Vinaginsenoside R5, Vinaginsenoside R6","HMDB0032068, HMDB0035169, HMDB0035348, HMDB0040419, HMDB0040420","0","1798691.5","5715102720","5","0","false","0.00023112358758226037",""
"Pacific Northwest National Laboratory","20201130_jl_lungmap_agarose_1","2020-12-01_22h59m24s","C43H80NO8P","M+H","","C43H80NO8P+H+","770.5694319549999","0.3037148","0.5","0.33607454388250224","0.9108630652574753","0.9921498251426468","PC(15:0/20:3(5Z,8Z,11Z)), PC(15:0/20:3(8Z,11Z,14Z)), PC(20:3(5Z,8Z,11Z)/15:0), PC(20:3(8Z,11Z,14Z)/15:0), PE(16:1(9Z)/22:2(13Z,16Z)), PE(18:0/20:3(5Z,8Z,11Z)), PE(18:0/20:3(8Z,11Z,14Z)), PE(18:1(11Z)/20:2(11Z,14Z)), PE(18:1(9Z)/20:2(11Z,14Z)), PE(18:2(9Z,12Z)/20:1(11Z)), PE(18:3(6Z,9Z,12Z)/20:0), PE(18:3(9Z,12Z,15Z)/20:0), PE(20:0/18:3(6Z,9Z,12Z)), PE(20:0/18:3(9Z,12Z,15Z)), PE(20:1(11Z)/18:2(9Z,12Z)), PE(20:2(11Z,14Z)/18:1(11Z)), PE(20:2(11Z,14Z)/18:1(9Z)), PE(20:3(5Z,8Z,11Z)/18:0), PE(20:3(8Z,11Z,14Z)/18:0), PE(22:2(13Z,16Z)/16:1(9Z)), PE-NMe2(14:1(9Z)/22:2(13Z,16Z)), PE-NMe2(16:0/20:3(5Z,8Z,11Z)), PE-NMe2(16:0/20:3(8Z,11Z,14Z)), PE-NMe2(16:1(9Z)/20:2(11Z,14Z)), PE-NMe2(18:0/18:3(6Z,9Z,12Z)), PE-NMe2(18:0/18:3(9Z,12Z,15Z)), PE-NMe2(18:1(11Z)/18:2(9Z,12Z)), PE-NMe2(18:1(9Z)/18:2(9Z,12Z)), PE-NMe2(18:2(9Z,12Z)/18:1(11Z)), PE-NMe2(18:2(9Z,12Z)/18:1(9Z)), PE-NMe2(18:3(6Z,9Z,12Z)/18:0), PE-NMe2(18:3(9Z,12Z,15Z)/18:0), PE-NMe2(20:2(11Z,14Z)/16:1(9Z)), PE-NMe2(20:3(5Z,8Z,11Z)/16:0), PE-NMe2(20:3(8Z,11Z,14Z)/16:0), PE-NMe2(22:2(13Z,16Z)/14:1(9Z))","HMDB0007947, HMDB0007948, HMDB0008363, HMDB0008396, HMDB0008975, HMDB0009001, HMDB0009002, HMDB0009033, HMDB0009066, HMDB0009098, HMDB0009130, HMDB0009163, HMDB0009226, HMDB0009227, HMDB0009258, HMDB0009289, HMDB0009290, HMDB0009321, HMDB0009354, HMDB0009551, HMDB0113911, HMDB0113949, HMDB0113950, HMDB0113970, HMDB0113991, HMDB0113992, HMDB0114017, HMDB0114044, HMDB0114071, HMDB0114072, HMDB0114099, HMDB0114128, HMDB0114243, HMDB0114271, HMDB0114299, HMDB0114467","0","8640663","10012152832","36","3","false","0.0003723828704096377","C41H83N2O6P+K+, C41H82NO8P+Na+, C41H84N2O6P+K+"
"Pacific Northwest National Laboratory","20201130_jl_lungmap_agarose_1","2020-12-01_22h59m24s","C14H10MgO6","M+H","","C14H10MgO6+H+","299.040056175","0.3058339","0.5","0.33138586517125074","0.924926128078633","0.997802490865936","Magnesium salicylate","HMDB0015469","0","2072169.875","10213349376","1","0","false","0.00015292645548470318",""
"Pacific Northwest National Laboratory","20201130_jl_lungmap_agarose_1","2020-12-01_22h59m24s","C43H84NO8P","M+H","","C43H84NO8P+H+","774.6007320829999","0.30943516","0.5","0.36099618250023463","0.8604560770454728","0.9961812297734628","PC(15:0/20:1(11Z)), PC(20:1(11Z)/15:0), PE(14:0/24:1(15Z)), PE(14:1(9Z)/24:0), PE(16:0/22:1(13Z)), PE(16:1(9Z)/22:0), PE(18:0/20:1(11Z)), PE(18:1(11Z)/20:0), PE(22:1(13Z)/16:0), PE(18:1(9Z)/20:0), PE(20:0/18:1(11Z)), PE(20:0/18:1(9Z)), PE(20:1(11Z)/18:0), PE(22:0/16:1(9Z)), PE(24:0/14:1(9Z)), PE(24:1(15Z)/14:0), PE-NMe(15:0/22:1(13Z)), PE-NMe(22:1(13Z)/15:0), PE-NMe2(18:0/18:1(9Z)), PE-NMe2(18:0/18:1(11Z)), PE-NMe2(14:1(9Z)/22:0), PE-NMe2(16:0/20:1(11Z)), PE-NMe2(16:1(9Z)/20:0), PE-NMe2(14:0/22:1(13Z)), PE-NMe2(18:1(11Z)/18:0), PE-NMe2(18:1(9Z)/18:0), PE-NMe2(20:0/16:1(9Z)), PE-NMe2(20:1(11Z)/16:0), PE-NMe2(22:0/14:1(9Z)), PE-NMe2(22:1(13Z)/14:0)","HMDB0007945, HMDB0008297, HMDB0008849, HMDB0008881, HMDB0008941, HMDB0008973, HMDB0008999, HMDB0009031, HMDB0009517, HMDB0009064, HMDB0009223, HMDB0009224, HMDB0009255, HMDB0009485, HMDB0009713, HMDB0009745, HMDB0113032, HMDB0113537, HMDB0113871, HMDB0113872, HMDB0113873, HMDB0113874, HMDB0113875, HMDB0113891, HMDB0114016, HMDB0114043, HMDB0114185, HMDB0114213, HMDB0114411, HMDB0114437","0","4376864","5533538816","30","0","false","0.00008200350566767156",""
"Pacific Northwest National Laboratory","20201130_jl_lungmap_agarose_1","2020-12-01_22h59m24s","C12H22N2O10S4","M+H","","C12H22N2O10S4+H+","483.023006019","0.31009495","0.5","0.33034265208913777","0.9441396964198417","0.9942458450925055","Lentinic acid","HMDB0038385","0","5240075","1100130688","1","0","false","0.0007681395509280264",""
"Pacific Northwest National Laboratory","20201130_jl_lungmap_agarose_1","2020-12-01_22h59m24s","C37H70O12S","M+H","","C37H70O12S+H+","739.4660752849999","0.32766354","0.5","0.3387024333065394","0.9697052665948044","0.9976312699211541","1,2-Di-O-myristoyl-3-O-(6-sulfoquinovopyranosyl)glycerol","HMDB0031687","0","5245700.5","19945144320","1","1","false","0.00015860595158301294","C39H73O8P+K+"
"Pacific Northwest National Laboratory","20201130_jl_lungmap_agarose_1","2020-12-01_22h59m24s","C49H95O8P","M+H","","C49H95O8P+H+","843.6837334349999","0.3428964","0.5","0.4262833000561461","0.8535287740952383","0.9424242424242424","PA(22:0/24:1(15Z)), PA(22:1(13Z)/24:0), PA(24:0/22:1(13Z)), PA(24:1(15Z)/22:0)","HMDB0115268, HMDB0115294, HMDB0115447, HMDB0115473","0","2648986.75","34684040","4","1","false","0.17908398807048798","C51H96O6+K+"
"Pacific Northwest National Laboratory","20201130_jl_lungmap_agarose_1","2020-12-01_22h59m24s","C19H18N2O7S2","M+H","","C19H18N2O7S2+H+","451.062819691","0.3639794","0.5","0.3801656095503432","0.958643553227867","0.9987270309149635","C.I. Food Red 6","HMDB0032738","0","1570441.5","6629624832","1","1","false","0.000012809041436412372","C21H16O10+Na+"
"Pacific Northwest National Laboratory","20201130_jl_lungmap_agarose_1","2020-12-01_22h59m24s","C35H64O4","M+H","","C35H64O4+H+","549.487736963","0.38096386","0.5","0.411858449977765","0.9264352562769849","0.9984370996669228","Cohibin A, Cohibin B","HMDB0031168, HMDB0031169","0","1305616.5","3663955968","2","0","false","0.0003100625763181597",""
"Pacific Northwest National Laboratory","20201130_jl_lungmap_agarose_1","2020-12-01_22h59m24s","C24H38O4","M+H","","C24H38O4+H+","391.28428613100004","0.38835892","0.5","0.4201271477223425","0.9262392277565215","0.9979973333333333","12-Ketodeoxycholic acid, 7-Hydroxy-3-oxocholanoic acid, Nutriacholic acid, 7a-Hydroxy-3-oxo-5b-cholanoic acid, 9'-Carboxy-alpha-chromanol, D8'-Merulinic acid A, 12alpha-hydroxy-3-oxo-5beta-cholan-24-oic Acid","HMDB0000328, HMDB0000460, HMDB0000467, HMDB0000503, HMDB0012866, HMDB0041454, HMDB0062742","0","4456447.5","16848280576","7","0","false","0.00012266464182175696",""
"Pacific Northwest National Laboratory","20201130_jl_lungmap_agarose_1","2020-12-01_22h59m24s","C44H70NO8P","M+H","","C44H70NO8P+H+","772.4911816349999","0.3911079","0.5","0.44449973149194943","0.8817878698171469","0.9978401285985679","PE-NMe(18:4(6Z,9Z,12Z,15Z)/20:5(5Z,8Z,11Z,14Z,17Z)), PE-NMe(20:5(5Z,8Z,11Z,14Z,17Z)/18:4(6Z,9Z,12Z,15Z))","HMDB0113269, HMDB0113490","0","3441099","12652476416","2","1","false","0.00010560323426034302","C42H72NO8P+Na+"
"Pacific Northwest National Laboratory","20201130_jl_lungmap_agarose_1","2020-12-01_22h59m24s","C53H90O6","M+H","","C53H90O6+H+","823.681017035","0.3992042","0.5","0.4902317591339432","0.8656128488598602","0.9407407407407408","TG(18:3(9Z,12Z,15Z)/14:0/18:3(9Z,12Z,15Z)), TG(14:0/14:0/22:6(4Z,7Z,10Z,13Z,16Z,19Z)), TG(14:0/14:1(9Z)/22:5(4Z,7Z,10Z,13Z,16Z)), TG(14:0/14:1(9Z)/22:5(7Z,10Z,13Z,16Z,19Z)), TG(14:0/16:1(9Z)/20:5(5Z,8Z,11Z,14Z,17Z)), TG(14:0/18:2(9Z,12Z)/18:4(6Z,9Z,12Z,15Z)), TG(14:0/18:3(6Z,9Z,12Z)/18:3(6Z,9Z,12Z)), TG(14:0/18:3(6Z,9Z,12Z)/18:3(9Z,12Z,15Z)), TG(14:0/22:5(4Z,7Z,10Z,13Z,16Z)/14:1(9Z)), TG(14:0/18:3(9Z,12Z,15Z)/18:3(6Z,9Z,12Z)), TG(14:0/18:3(9Z,12Z,15Z)/18:3(9Z,12Z,15Z)), TG(14:0/18:4(6Z,9Z,12Z,15Z)/18:2(9Z,12Z)), TG(14:0/20:5(5Z,8Z,11Z,14Z,17Z)/16:1(9Z)), TG(14:0/22:5(7Z,10Z,13Z,16Z,19Z)/14:1(9Z)), TG(14:0/22:6(4Z,7Z,10Z,13Z,16Z,19Z)/14:0), TG(16:0/14:1(9Z)/20:5(5Z,8Z,11Z,14Z,17Z)), TG(16:0/20:5(5Z,8Z,11Z,14Z,17Z)/14:1(9Z)), TG(14:1(9Z)/14:0/22:5(4Z,7Z,10Z,13Z,16Z)), TG(14:1(9Z)/14:0/22:5(7Z,10Z,13Z,16Z,19Z)), TG(14:1(9Z)/16:0/20:5(5Z,8Z,11Z,14Z,17Z)), TG(14:1(9Z)/14:1(9Z)/22:4(7Z,10Z,13Z,16Z)), TG(14:1(9Z)/16:1(9Z)/20:4(5Z,8Z,11Z,14Z)), TG(14:1(9Z)/16:1(9Z)/20:4(8Z,11Z,14Z,17Z)), TG(14:1(9Z)/18:1(11Z)/18:4(6Z,9Z,12Z,15Z)), TG(14:1(9Z)/18:1(9Z)/18:4(6Z,9Z,12Z,15Z)), TG(14:1(9Z)/18:2(9Z,12Z)/18:3(6Z,9Z,12Z)), TG(14:1(9Z)/18:2(9Z,12Z)/18:3(9Z,12Z,15Z)), TG(14:1(9Z)/18:3(6Z,9Z,12Z)/18:2(9Z,12Z)), TG(14:1(9Z)/20:4(5Z,8Z,11Z,14Z)/16:1(9Z)), TG(14:1(9Z)/18:3(9Z,12Z,15Z)/18:2(9Z,12Z)), TG(14:1(9Z)/22:4(7Z,10Z,13Z,16Z)/14:1(9Z)), TG(14:1(9Z)/18:4(6Z,9Z,12Z,15Z)/18:1(11Z)), TG(14:1(9Z)/18:4(6Z,9Z,12Z,15Z)/18:1(9Z)), TG(14:1(9Z)/20:4(8Z,11Z,14Z,17Z)/16:1(9Z)), TG(16:1(9Z)/14:0/20:5(5Z,8Z,11Z,14Z,17Z)), TG(16:1(9Z)/14:1(9Z)/20:4(5Z,8Z,11Z,14Z)), TG(16:1(9Z)/14:1(9Z)/20:4(8Z,11Z,14Z,17Z)), TG(16:1(9Z)/16:1(9Z)/18:4(6Z,9Z,12Z,15Z)), TG(16:1(9Z)/18:4(6Z,9Z,12Z,15Z)/16:1(9Z)), TG(18:1(11Z)/14:1(9Z)/18:4(6Z,9Z,12Z,15Z)), TG(18:1(9Z)/14:1(9Z)/18:4(6Z,9Z,12Z,15Z)), TG(18:2(9Z,12Z)/14:0/18:4(6Z,9Z,12Z,15Z)), TG(18:2(9Z,12Z)/14:1(9Z)/18:3(6Z,9Z,12Z)), TG(18:2(9Z,12Z)/14:1(9Z)/18:3(9Z,12Z,15Z)), TG(18:3(6Z,9Z,12Z)/14:0/18:3(6Z,9Z,12Z)), TG(18:3(6Z,9Z,12Z)/14:0/18:3(9Z,12Z,15Z))","HMDB0010497, HMDB0042089, HMDB0042293, HMDB0042298, HMDB0042327, HMDB0042535, HMDB0042557, HMDB0042564, HMDB0042728, HMDB0042767, HMDB0042774, HMDB0042796, HMDB0042849, HMDB0042878, HMDB0042901, HMDB0044049, HMDB0044562, HMDB0047739, HMDB0047744, HMDB0047789, HMDB0047899, HMDB0047920, HMDB0047926, HMDB0047948, HMDB0047971, HMDB0048078, HMDB0048085, HMDB0048100, HMDB0048162, HMDB0048261, HMDB0048207, HMDB0048278, HMDB0048279, HMDB0048300, HMDB0048431, HMDB0048578, HMDB0048584, HMDB0048605, HMDB0048941, HMDB0049234, HMDB0049855, HMDB0052405, HMDB0052502, HMDB0052509, HMDB0052845, HMDB0052852","0","1430845.75","9332726","46","0","false","0.162235289812088",""
"Pacific Northwest National Laboratory","20201130_jl_lungmap_agarose_1","2020-12-01_22h59m24s","C18H16N2O7S2","M+H","","C18H16N2O7S2+H+","437.047169627","0.41460106","0.5","0.45929201041346024","0.9036878204503267","0.9989024561403509","C.I. Food Red 1","HMDB0033383","0","1566576.625","6563338752","1","2","false","0.000015758920199004933","C12H22NO10S3+H+, C17H18O11+K+"
"Pacific Northwest National Laboratory","20201130_jl_lungmap_agarose_1","2020-12-01_22h59m24s","C46H84NO7P","M+H","","C46H84NO7P+H+","794.6058174629999","0.4183151","0.5","0.47047978807074364","0.9027137326601026","0.9849462365591398","PC(20:3(5Z,8Z,11Z)/P-18:1(11Z)), PC(20:3(5Z,8Z,11Z)/P-18:1(9Z)), PC(20:3(8Z,11Z,14Z)/P-18:1(11Z)), PC(20:3(8Z,11Z,14Z)/P-18:1(9Z)), PC(20:4(5Z,8Z,11Z,14Z)/P-18:0), PC(20:4(8Z,11Z,14Z,17Z)/P-18:0), PC(22:4(7Z,10Z,13Z,16Z)/P-16:0), PC(P-16:0/22:4(7Z,10Z,13Z,16Z)), PC(P-18:0/20:4(5Z,8Z,11Z,14Z)), PC(P-18:0/20:4(8Z,11Z,14Z,17Z)), PC(P-18:1(11Z)/20:3(5Z,8Z,11Z)), PC(P-18:1(11Z)/20:3(8Z,11Z,14Z)), PC(P-18:1(9Z)/20:3(5Z,8Z,11Z)), PC(P-18:1(9Z)/20:3(8Z,11Z,14Z)), PE(P-18:1(9Z)/20:3(8Z,11Z,14Z)), PC(o-18:1(9Z)/20:4(8Z,11Z,14Z,17Z))","HMDB0008392, HMDB0008393, HMDB0008424, HMDB0008425, HMDB0008456, HMDB0008489, HMDB0008652, HMDB0011226, HMDB0011253, HMDB0011254, HMDB0011284, HMDB0011285, HMDB0011317, HMDB0011318, HMDB0011450, HMDB0013432","0","5045709.5","275194080","16","1","false","0.000573588244151324","C44H86NO7P+Na+"
"Pacific Northwest National Laboratory","20201130_jl_lungmap_agarose_1","2020-12-01_22h59m24s","C36H72NO6P","M+Na","","C36H72NO6P+Na+","668.4989467069998","0.14885531","0.2","0.17379264922997453","0.8771498381546314","0.9764705882352941","CerP(d18:1/18:0)","HMDB0010701","0","512287.25","9731291","1","0","false","0.0015591593692079186",""
"Pacific Northwest National Laboratory","20201130_jl_lungmap_agarose_1","2020-12-01_22h59m24s","C29H45NO4","M+Na","","C29H45NO4+Na+","494.3240796030001","0.15883228","0.2","0.21678050478151076","0.7358209965081272","0.9957409362900387","Cervonyl carnitine","HMDB0006510","0","844224.5625","1878237312","1","1","false","0.000012691327356151305","C24H48NO7P+H+"
"Pacific Northwest National Laboratory","20201130_jl_lungmap_agarose_1","2020-12-01_22h59m24s","C46H87NO13","M+Na","","C46H87NO13+Na+","884.606962527","0.1690664","0.2","0.20697162004021144","0.8350262269405075","0.9782422293676313","Galabiosylceramide (d18:1/16:0), Lactosylceramide (d18:1/16:0)","HMDB0004833, HMDB0006750","0","1669581.125","210405216","2","0","false","0.00022721402638126165",""
"Pacific Northwest National Laboratory","20201130_jl_lungmap_agarose_1","2020-12-01_22h59m24s","C19H37O6P","M+Na","","C19H37O6P+Na+","415.22199658700004","0.17031778","0.2","0.17990935679983952","0.9482639865180063","0.9983366007247668","CPA(16:0/0:0)","HMDB0007003","0","923539.4375","3127571456","1","0","false","0.00019114586757496",""
"Pacific Northwest National Laboratory","20201130_jl_lungmap_agarose_1","2020-12-01_22h59m24s","C23H45O7P","M+Na","","C23H45O7P+Na+","487.27951146300006","0.17278026","0.2","0.18601278484221329","0.9313631654440808","0.9973147926156797","1-(11Z-eicosenoyl)-glycero-3-phosphate","HMDB0062305","0","876405.5625","1988390656","1","0","false","0.000029121991246938705",""
"Pacific Northwest National Laboratory","20201130_jl_lungmap_agarose_1","2020-12-01_22h59m24s","C44H78NO7P","M+Na","","C44H78NO7P+Na+","786.5408115189999","0.18673664","0.2","0.21805952538072781","0.8588569623410637","0.9970883755042171","PC(18:4(6Z,9Z,12Z,15Z)/P-18:1(11Z)), PC(18:4(6Z,9Z,12Z,15Z)/P-18:1(9Z)), PC(20:5(5Z,8Z,11Z,14Z,17Z)/P-16:0), PC(P-16:0/20:5(5Z,8Z,11Z,14Z,17Z)), PC(P-18:1(11Z)/18:4(6Z,9Z,12Z,15Z)), PC(P-18:1(9Z)/18:4(6Z,9Z,12Z,15Z))","HMDB0008260, HMDB0008261, HMDB0008521, HMDB0011222, HMDB0011280, HMDB0011313","0","3346944","10142253056","6","1","false","0.00003938342706533149","C41H82NO8P+K+"
"Pacific Northwest National Laboratory","20201130_jl_lungmap_agarose_1","2020-12-01_22h59m24s","C28H20O14","M+Na","","C28H20O14+Na+","603.074526003","0.19182928","0.2","0.21059944386401852","0.9124050743811211","0.9983204688393368","Epitheaflavic acid 3'-gallate","HMDB0040610","0","857569","2842624000","1","1","false","0.0000217934120883001","C25H24O15+K+"
"Pacific Northwest National Laboratory","20201130_jl_lungmap_agarose_1","2020-12-01_22h59m24s","C54H100O6","M+Na","","C54H100O6+Na+","867.7412116029999","0.19220619","0.2","0.2512130126442607","0.814629076775981","0.9392156862745098","TG(15:0/18:0/18:2(9Z,12Z)), TG(15:0/16:0/20:2(11Z,14Z)), TG(15:0/18:1(9Z)/18:1(9Z)), TG(14:0/15:0/22:2(13Z,16Z)), TG(14:0/22:2(13Z,16Z)/15:0), TG(15:0/14:0/22:2(13Z,16Z)), TG(15:0/14:1(9Z)/22:1(13Z)), TG(15:0/16:1(9Z)/20:1(11Z)), TG(15:0/18:1(11Z)/18:1(11Z)), TG(15:0/18:1(11Z)/18:1(9Z)), TG(15:0/18:1(9Z)/18:1(11Z)), TG(15:0/20:1(11Z)/16:1(9Z)), TG(15:0/22:1(13Z)/14:1(9Z)), TG(15:0/18:2(9Z,12Z)/18:0), TG(15:0/20:2n6/16:0), TG(16:0/15:0/20:2n6), TG(18:0/15:0/18:2(9Z,12Z)), TG(14:1(9Z)/15:0/22:1(13Z)), TG(16:1(9Z)/15:0/20:1(11Z)), TG(18:1(11Z)/15:0/18:1(11Z)), TG(18:1(11Z)/15:0/18:1(9Z)), TG(18:1(9Z)/15:0/18:1(9Z))","HMDB0011703, HMDB0011700, HMDB0011707, HMDB0042111, HMDB0042662, HMDB0042979, HMDB0043175, HMDB0043202, HMDB0043229, HMDB0043230, HMDB0043258, HMDB0043286, HMDB0043343, HMDB0043397, HMDB0043454, HMDB0043872, HMDB0044707, HMDB0047753, HMDB0048438, HMDB0049093, HMDB0049094, HMDB0049721","0","2112098","21692146","22","0","false","0.20520834624767303",""
"Pacific Northwest National Laboratory","20201130_jl_lungmap_agarose_1","2020-12-01_22h59m24s","C25H28O9S","M+Na","","C25H28O9S+Na+","527.134624329","0.19306982","0.2","0.2116921483900677","0.9129779074103435","0.9989629377762665","{4-[5,7-dihydroxy-8-(3-methylbut-2-en-1-yl)-4-oxo-3,4-dihydro-2H-1-benzopyran-3-yl]-2-hydroxy-6-(3-methylbut-2-en-1-yl)phenyl}oxidanesulfonic acid","HMDB0134748","0","887065.9375","3368970496","1","1","false","0.0002666186774149537","C30H22O9+H+"
"Pacific Northwest National Laboratory","20201130_jl_lungmap_agarose_1","2020-12-01_22h59m24s","C35H67O8P","M+Na","","C35H67O8P+Na+","669.4465767869999","0.19345744","0.2","0.21723345313783146","0.8917267784490496","0.9986813364614513","Glycerol 1-(9Z-octadecenoate) 2-tetradecanoate 3-phosphate, PA(16:1(9Z)/16:0), PA(18:0/14:1(9Z)), PA(18:1(11Z)/14:0), PA(18:1(9Z)/14:0)","HMDB0031131, HMDB0114855, HMDB0114874, HMDB0114896, HMDB0114921","0","1592901","7084206080","5","1","false","0.0009494572295807302","C37H65O8P+H+"
"Pacific Northwest National Laboratory","20201130_jl_lungmap_agarose_1","2020-12-01_22h59m24s","C41H83N2O6P","M+Na","","C41H83N2O6P+Na+","753.588096059","0.19510783","0.2","0.2872997346703592","0.6802000905824844","0.9983958934873276","SM(d18:0/18:1(11Z)), SM(d18:0/18:1(9Z)), stearoyl sphingomyelin","HMDB0012088, HMDB0012089, HMDB0062559","0","7719925.5","19049551872","3","0","false","0.0006709647714160383",""
"Pacific Northwest National Laboratory","20201130_jl_lungmap_agarose_1","2020-12-01_22h59m24s","C46H93N2O6P","M+Na","","C46H93N2O6P+Na+","823.666346379","0.19554505","0.2","0.23514044051582356","0.8412649456139849","0.9885228210499587","SM(d18:1/23:0)","HMDB0012105","0","2458695","4664212992","1","0","false","0.00005196876372792758",""
"Pacific Northwest National Laboratory","20201130_jl_lungmap_agarose_1","2020-12-01_22h59m24s","C10H10N4O2S","M+Na","","C10H10N4O2S+Na+","273.041667413","0.20045786","0.2","0.20913456662614174","0.9656860284304779","0.9925704099821747","Sulfadiazine","HMDB0014503","0","1347805.625","1363087232","1","2","false","0.00003624924647738226","C15H10N2O+K+, C11H12O6S+H+"
"Pacific Northwest National Laboratory","20201130_jl_lungmap_agarose_1","2020-12-01_22h59m24s","C13H16O9","M+Na","","C13H16O9+Na+","339.06865277500003","0.20106228","0.2","0.20717880280931233","0.9716578109233641","0.9987848060518268","3,4,5-trihydroxy-6-(2-hydroxy-3-methoxyphenoxy)oxane-2-carboxylic acid, 3,4,5-trihydroxy-6-(2-hydroxy-6-methoxyphenoxy)oxane-2-carboxylic acid","HMDB0128036, HMDB0128037","0","1091771.625","6745256448","2","0","false","0.00003539133467711508",""
"Pacific Northwest National Laboratory","20201130_jl_lungmap_agarose_1","2020-12-01_22h59m24s","C22H22O14","M+Na","","C22H22O14+Na+","533.0901760669999","0.20371349","0.2","0.21676829936132472","0.9408649904722457","0.9988418294023164","3,4,5-trihydroxy-6-{[3,6,7-trihydroxy-2-(4-hydroxy-3-methoxyphenyl)-4-oxo-3,4-dihydro-2H-1-benzopyran-5-yl]oxy}oxane-2-carboxylic acid, 3,4,5-trihydroxy-6-{[3,5,7-trihydroxy-2-(4-hydroxy-3-methoxyphenyl)-4-oxo-3,4-dihydro-2H-1-benzopyran-6-yl]oxy}oxane-2-carboxylic acid, 3,4,5-trihydroxy-6-{[3,5,6-trihydroxy-2-(4-hydroxy-3-methoxyphenyl)-4-oxo-3,4-dihydro-2H-1-benzopyran-7-yl]oxy}oxane-2-carboxylic acid, 3,4,5-trihydroxy-6-[2-methoxy-4-(3,5,6,7-tetrahydroxy-4-oxo-3,4-dihydro-2H-1-benzopyran-2-yl)phenoxy]oxane-2-carboxylic acid, 3,4,5-trihydroxy-6-{2,3,5-trihydroxy-6-[3-(4-hydroxy-3-methoxyphenyl)-2-oxopropanoyl]phenoxy}oxane-2-carboxylic acid, 3,4,5-trihydroxy-6-{2,4,6-trihydroxy-3-[3-(4-hydroxy-3-methoxyphenyl)-2-oxopropanoyl]phenoxy}oxane-2-carboxylic acid, 3,4,5-trihydroxy-6-{2,3,5-trihydroxy-4-[3-(4-hydroxy-3-methoxyphenyl)-2-oxopropanoyl]phenoxy}oxane-2-carboxylic acid, 3,4,5-trihydroxy-6-{3,4,5-trihydroxy-2-[3-(4-hydroxy-3-methoxyphenyl)-2-oxopropanoyl]phenoxy}oxane-2-carboxylic acid, 6-{4-[2,3-dioxo-3-(2,3,4,6-tetrahydroxyphenyl)propyl]-2-methoxyphenoxy}-3,4,5-trihydroxyoxane-2-carboxylic acid, 6-{[2-(3,4-dihydroxyphenyl)-3,7-dihydroxy-6-methoxy-4-oxo-3,4-dihydro-2H-1-benzopyran-5-yl]oxy}-3,4,5-trihydroxyoxane-2-carboxylic acid, 6-{[2-(3,4-dihydroxyphenyl)-3,5-dihydroxy-6-methoxy-4-oxo-3,4-dihydro-2H-1-benzopyran-7-yl]oxy}-3,4,5-trihydroxyoxane-2-carboxylic acid, 3,4,5-trihydroxy-6-[2-hydroxy-4-(3,5,7-trihydroxy-6-methoxy-4-oxo-3,4-dihydro-2H-1-benzopyran-2-yl)phenoxy]oxane-2-carboxylic acid, 3,4,5-trihydroxy-6-[2-hydroxy-5-(3,5,7-trihydroxy-6-methoxy-4-oxo-3,4-dihydro-2H-1-benzopyran-2-yl)phenoxy]oxane-2-carboxylic acid, 6-{2-[3-(3,4-dihydroxyphenyl)-2-oxopropanoyl]-3,5-dihydroxy-6-methoxyphenoxy}-3,4,5-trihydroxyoxane-2-carboxylic acid, 6-{4-[3-(3,4-dihydroxyphenyl)-2-oxopropanoyl]-3,5-dihydroxy-2-methoxyphenoxy}-3,4,5-trihydroxyoxane-2-carboxylic acid, 6-{2-[3-(3,4-dihydroxyphenyl)-2-oxopropanoyl]-3,5-dihydroxy-4-methoxyphenoxy}-3,4,5-trihydroxyoxane-2-carboxylic acid, 6-{4-[2,3-dioxo-3-(2,4,6-trihydroxy-3-methoxyphenyl)propyl]-2-hydroxyphenoxy}-3,4,5-trihydroxyoxane-2-carboxylic acid, 6-{5-[2,3-dioxo-3-(2,4,6-trihydroxy-3-methoxyphenyl)propyl]-2-hydroxyphenoxy}-3,4,5-trihydroxyoxane-2-carboxylic acid, 6-{[4,5-dihydroxy-6-({7-oxo-7H-furo[3,2-g]chromen-9-yl}oxy)oxan-3-yl]oxy}-3,4,5-trihydroxyoxane-2-carboxylic acid, 6-{[3,5-dihydroxy-2-({7-oxo-7H-furo[3,2-g]chromen-9-yl}oxy)oxan-4-yl]oxy}-3,4,5-trihydroxyoxane-2-carboxylic acid, 6-{[4,5-dihydroxy-2-({7-oxo-7H-furo[3,2-g]chromen-9-yl}oxy)oxan-3-yl]oxy}-3,4,5-trihydroxyoxane-2-carboxylic acid","HMDB0128791, HMDB0128792, HMDB0128793, HMDB0128794, HMDB0128801, HMDB0128802, HMDB0128803, HMDB0128804, HMDB0128805, HMDB0128815, HMDB0128816, HMDB0128817, HMDB0128818, HMDB0128826, HMDB0128827, HMDB0128828, HMDB0128829, HMDB0128830, HMDB0134871, HMDB0134869, HMDB0134870","0","1053367","5193105408","21","1","false","0.00001683581285760738","C19H26O15+K+"
"Pacific Northwest National Laboratory","20201130_jl_lungmap_agarose_1","2020-12-01_22h59m24s","C18H8O8","M+Na","","C18H8O8+Na+","375.01113789900006","0.207746","0.2","0.22013093723566224","0.9447000211863447","0.99898201813048","Thelephoric acid","HMDB0030552","0","1135787.125","2140660992","1","2","false","0.002949187997728586","C15H12O9+K+, C11H15NO9P+K+"
"Pacific Northwest National Laboratory","20201130_jl_lungmap_agarose_1","2020-12-01_22h59m24s","C21H14O9","M+Na","","C21H14O9+Na+","433.05300271100003","0.21233653","0.2","0.3785446806796663","0.5615562535842359","0.9988822155488822","7,11,12-Triacetoxycoumestan","HMDB0030560","0","1316495.125","5163833344","1","1","false","0.000015491894373553805","C18H18O10+K+"
"Pacific Northwest National Laboratory","20201130_jl_lungmap_agarose_1","2020-12-01_22h59m24s","C28H32O18","M+Na","","C28H32O18+Na+","679.148084867","0.21427426","0.2","0.2362022719065868","0.90878242705063","0.9982194160486404","Patuletin 3-gentiobioside","HMDB0037541","0","1207450.375","5019911680","1","1","false","0.00003410821227589622","C22H36N6O12S2+K+"
"Pacific Northwest National Laboratory","20201130_jl_lungmap_agarose_1","2020-12-01_22h59m24s","C40H80NO7P","M+Na","","C40H80NO7P+Na+","740.5564615829999","0.22077604","0.2","0.25966131948449","0.8586780811883516","0.9901803607214429","PC(14:0/P-18:0), PC(16:0/P-16:0), PC(P-16:0/16:0), PC(P-18:0/14:0), PC(o-16:0/16:1(9Z))","HMDB0007896, HMDB0007994, HMDB0011206, HMDB0011236, HMDB0013404","0","2364354.75","245901920","5","0","false","0.000035625049349619076",""
"Pacific Northwest National Laboratory","20201130_jl_lungmap_agarose_1","2020-12-01_22h59m24s","C55H102O6","M+Na","","C55H102O6+Na+","881.756861667","0.22423588","0.2","0.2397213434710238","0.940910526950312","0.9941457586618877","TG(16:0/18:0/18:2(9Z,12Z)), TG(16:0/16:1(9Z)/20:1(11Z)), TG(16:0/18:1(9Z)/18:1(9Z)), TG(16:1(9Z)/18:0/18:1(9Z)), TG(16:1(9Z)/16:1(9Z)/20:0), TG(16:1(9Z)/18:0/18:1(11Z)), TG(18:1(11Z)/16:0/18:1(11Z)), TG(18:1(11Z)/16:0/18:1(9Z)), Glycerol 2,3-di-(9Z-octadecenoate) 1-hexadecanoate, TG(14:0/16:0/22:2(13Z,16Z)), TG(14:0/18:0/20:2n6), TG(14:0/20:0/18:2(9Z,12Z)), TG(14:0/14:1(9Z)/24:1(15Z)), TG(14:0/16:1(9Z)/22:1(13Z)), TG(14:0/18:1(11Z)/20:1(11Z)), TG(14:0/18:1(9Z)/20:1(11Z)), TG(14:0/20:1(11Z)/18:1(11Z)), TG(14:0/20:1(11Z)/18:1(9Z)), TG(14:0/22:1(13Z)/16:1(9Z)), TG(14:0/24:1(15Z)/14:1(9Z)), TG(14:0/18:2(9Z,12Z)/20:0), TG(14:0/20:2n6/18:0), TG(14:0/22:2(13Z,16Z)/16:0), TG(15:0/15:0/22:2(13Z,16Z)), TG(15:0/22:2(13Z,16Z)/15:0), TG(16:0/14:0/22:2(13Z,16Z)), TG(16:0/16:0/20:2n6), TG(16:0/14:1(9Z)/22:1(13Z)), TG(16:0/18:1(9Z)/18:1(11Z)), TG(16:0/18:1(11Z)/18:1(11Z)), TG(16:0/18:1(11Z)/18:1(9Z)), TG(16:0/20:1(11Z)/16:1(9Z)), TG(16:0/22:1(13Z)/14:1(9Z)), TG(16:0/18:2(9Z,12Z)/18:0), TG(16:0/20:2n6/16:0), TG(18:0/14:0/20:2n6), TG(18:0/16:0/18:2(9Z,12Z)), TG(18:0/14:1(9Z)/20:1(11Z)), TG(18:0/16:1(9Z)/18:1(11Z)), TG(18:0/16:1(9Z)/18:1(9Z)), TG(18:0/18:1(11Z)/16:1(9Z)), TG(18:0/18:1(9Z)/16:1(9Z)), TG(18:0/20:1(11Z)/14:1(9Z)), TG(20:0/14:0/18:2(9Z,12Z)), TG(20:0/14:1(9Z)/18:1(11Z)), TG(20:0/14:1(9Z)/18:1(9Z)), TG(20:0/16:1(9Z)/16:1(9Z)), TG(20:0/18:1(11Z)/14:1(9Z)), TG(20:0/18:1(9Z)/14:1(9Z)), TG(22:0/14:1(9Z)/16:1(9Z))","HMDB0005369, HMDB0005378, HMDB0005382, HMDB0005423, HMDB0005431, HMDB0010425, HMDB0010437, HMDB0010438, HMDB0031116, HMDB0042141, HMDB0042168, HMDB0042196, HMDB0042285, HMDB0042314, HMDB0042342, HMDB0042372, HMDB0042400, HMDB0042401, HMDB0042459, HMDB0042488, HMDB0042515, HMDB0042574, HMDB0042663, HMDB0043008, HMDB0043540, HMDB0043847, HMDB0043900, HMDB0044036, HMDB0044116, HMDB0044088, HMDB0044089, HMDB0044143, HMDB0044198, HMDB0044250, HMDB0044305, HMDB0044682, HMDB0044734, HMDB0044865, HMDB0044890, HMDB0044891, HMDB0044916, HMDB0044943, HMDB0044969, HMDB0045488, HMDB0045664, HMDB0045665, HMDB0045689, HMDB0045714, HMDB0045740, HMDB0046434","0","19878224","635627456","50","1","false","0.0007096623303368688","C57H100O6+H+"
"Pacific Northwest National Laboratory","20201130_jl_lungmap_agarose_1","2020-12-01_22h59m24s","C44H86NO7P","M+Na","","C44H86NO7P+Na+","794.6034117749999","0.22604056","0.2","0.26781516854959686","0.8608349375352419","0.9804632426988923","PC(18:0/P-18:1(11Z)), PC(18:0/P-18:1(9Z)), PC(18:1(11Z)/P-18:0), PC(18:1(9Z)/P-18:0), PC(20:1(11Z)/P-16:0), PC(P-16:0/20:1(11Z)), PC(P-18:0/18:1(11Z)), PC(P-18:0/18:1(9Z)), PC(P-18:1(9Z)/18:0), PC(P-18:1(11Z)/18:0), PC(o-18:0/18:2(9Z,12Z)), PC(o-18:1(9Z)/18:1(11Z))","HMDB0008062, HMDB0008063, HMDB0008094, HMDB0008127, HMDB0008324, HMDB0011216, HMDB0011242, HMDB0011243, HMDB0011307, HMDB0011274, HMDB0013418, HMDB0013428","0","3753300.5","1272069120","12","1","false","0.0000626861656201072","C46H84NO7P+H+"
"Pacific Northwest National Laboratory","20201130_jl_lungmap_agarose_1","2020-12-01_22h59m24s","C9H13N2O8P","M+Na","","C9H13N2O8P+Na+","331.03017305900005","0.22766423","0.2","0.23326391878298378","0.9781005480159377","0.9978464731828459","dUMP","HMDB0001409","0","1930635.375","2801708544","1","1","false","0.00003438958810875192","C11H11F3N2O4+K+"
"Pacific Northwest National Laboratory","20201130_jl_lungmap_agarose_1","2020-12-01_22h59m24s","C26H52NO7P","M+Na","","C26H52NO7P+Na+","544.337360687","0.2327994","0.2","0.2499593451614389","0.93371385880491","0.997467278599354","LysoPC(18:1(9Z)), LysoPC(18:1(11Z)), 2-oleoyl-sn-glycero-3-phosphocholine","HMDB0002815, HMDB0010385, HMDB0062651","0","778567.3125","2784919552","3","1","false","0.00001592514854564797","C28H50NO7P+H+"
"Pacific Northwest National Laboratory","20201130_jl_lungmap_agarose_1","2020-12-01_22h59m24s","C8H18N2O4S","M+Na","","C8H18N2O4S+Na+","261.08794890900003","0.2387451","0.2","0.24232390292841682","0.9862980237323146","0.998918458136871","15(R)-hydroperoxy-EPE","HMDB0062295","0","2024308.625","14811086848","1","2","false","0.000162149517564103","C16H14O2+Na+, C13H18O3+K+"
"Pacific Northwest National Laboratory","20201130_jl_lungmap_agarose_1","2020-12-01_22h59m24s","C42H82NO6P","M+Na","","C42H82NO6P+Na+","750.5771970269999","0.25446194","0.2","0.46206549809721237","0.5526356123421198","0.9965071559170292","CerP(d18:1/24:1(15Z)), PC(P-16:0/P-18:1(11Z)), PC(P-16:0/P-18:1(9Z)), PC(P-18:1(11Z)/P-16:0), PC(P-18:1(9Z)/P-16:0)","HMDB0010705, HMDB0011234, HMDB0011235, HMDB0011298, HMDB0011331","0","2696158.75","8699553792","5","0","false","0.0001851063861977309",""
"Pacific Northwest National Laboratory","20201130_jl_lungmap_agarose_1","2020-12-01_22h59m24s","C46H80NO8P","M+Na","","C46H80NO8P+Na+","828.5513762029999","0.25609252","0.2","0.30868052950857566","0.8456083852096927","0.9811115640712054","PC(16:0/22:6(4Z,7Z,10Z,13Z,16Z,19Z)), PC(16:1(9Z)/22:5(4Z,7Z,10Z,13Z,16Z)), PC(16:1(9Z)/22:5(7Z,10Z,13Z,16Z,19Z)), PC(18:1(11Z)/20:5(5Z,8Z,11Z,14Z,17Z)), PC(18:1(9Z)/20:5(5Z,8Z,11Z,14Z,17Z)), PC(18:2(9Z,12Z)/20:4(5Z,8Z,11Z,14Z)), PC(18:2(9Z,12Z)/20:4(8Z,11Z,14Z,17Z)), PC(18:3(6Z,9Z,12Z)/20:3(5Z,8Z,11Z)), PC(18:3(6Z,9Z,12Z)/20:3(8Z,11Z,14Z)), PC(18:3(9Z,12Z,15Z)/20:3(5Z,8Z,11Z)), PC(18:3(9Z,12Z,15Z)/20:3(8Z,11Z,14Z)), PC(18:4(6Z,9Z,12Z,15Z)/20:2(11Z,14Z)), PC(20:2(11Z,14Z)/18:4(6Z,9Z,12Z,15Z)), PC(20:3(5Z,8Z,11Z)/18:3(6Z,9Z,12Z)), PC(20:3(5Z,8Z,11Z)/18:3(9Z,12Z,15Z)), PC(20:3(8Z,11Z,14Z)/18:3(6Z,9Z,12Z)), PC(20:3(8Z,11Z,14Z)/18:3(9Z,12Z,15Z)), PC(20:4(5Z,8Z,11Z,14Z)/18:2(9Z,12Z)), PC(20:4(8Z,11Z,14Z,17Z)/18:2(9Z,12Z)), PC(20:5(5Z,8Z,11Z,14Z,17Z)/18:1(11Z)), PC(20:5(5Z,8Z,11Z,14Z,17Z)/18:1(9Z)), PC(22:5(4Z,7Z,10Z,13Z,16Z)/16:1(9Z)), PC(22:5(7Z,10Z,13Z,16Z,19Z)/16:1(9Z)), PC(22:6(4Z,7Z,10Z,13Z,16Z,19Z)/16:0), PE-NMe(18:0/22:6(4Z,7Z,10Z,13Z,16Z,19Z)), PE-NMe(18:1(11Z)/22:5(4Z,7Z,10Z,13Z,16Z)), PE-NMe(18:1(11Z)/22:5(7Z,10Z,13Z,16Z,19Z)), PE-NMe(18:1(9Z)/22:5(4Z,7Z,10Z,13Z,16Z)), PE-NMe(18:1(9Z)/22:5(7Z,10Z,13Z,16Z,19Z)), PE-NMe(18:2(9Z,12Z)/22:4(7Z,10Z,13Z,16Z)), PE-NMe(18:4(6Z,9Z,12Z,15Z)/22:2(13Z,16Z)), PE-NMe(20:1(11Z)/20:5(5Z,8Z,11Z,14Z,17Z)), PE-NMe(20:2(11Z,14Z)/20:4(5Z,8Z,11Z,14Z)), PE-NMe(20:2(11Z,14Z)/20:4(8Z,11Z,14Z,17Z)), PE-NMe(20:3(5Z,8Z,11Z)/20:3(5Z,8Z,11Z)), PE-NMe(20:3(5Z,8Z,11Z)/20:3(8Z,11Z,14Z)), PE-NMe(20:3(8Z,11Z,14Z)/20:3(5Z,8Z,11Z)), PE-NMe(20:3(8Z,11Z,14Z)/20:3(8Z,11Z,14Z)), PE-NMe(20:4(5Z,8Z,11Z,14Z)/20:2(11Z,14Z)), PE-NMe(20:4(8Z,11Z,14Z,17Z)/20:2(11Z,14Z)), PE-NMe(20:5(5Z,8Z,11Z,14Z,17Z)/20:1(11Z)), PE-NMe(22:2(13Z,16Z)/18:4(6Z,9Z,12Z,15Z)), PE-NMe(22:4(7Z,10Z,13Z,16Z)/18:2(9Z,12Z)), PE-NMe(22:5(4Z,7Z,10Z,13Z,16Z)/18:1(11Z)), PE-NMe(22:5(4Z,7Z,10Z,13Z,16Z)/18:1(9Z)), PE-NMe(22:5(7Z,10Z,13Z,16Z,19Z)/18:1(11Z)), PE-NMe(22:5(7Z,10Z,13Z,16Z,19Z)/18:1(9Z)), PE-NMe(22:6(4Z,7Z,10Z,13Z,16Z,19Z)/18:0)","HMDB0007991, HMDB0008022, HMDB0008024, HMDB0008083, HMDB0008116, HMDB0008147, HMDB0008148, HMDB0008178, HMDB0008179, HMDB0008211, HMDB0008212, HMDB0008243, HMDB0008339, HMDB0008370, HMDB0008371, HMDB0008403, HMDB0008404, HMDB0008434, HMDB0008467, HMDB0008498, HMDB0008499, HMDB0008660, HMDB0008693, HMDB0008725, HMDB0113107, HMDB0113132, HMDB0113133, HMDB0113159, HMDB0113160, HMDB0113187, HMDB0113272, HMDB0113327, HMDB0113354, HMDB0113355, HMDB0113381, HMDB0113382, HMDB0113409, HMDB0113410, HMDB0113436, HMDB0113464, HMDB0113492, HMDB0113574, HMDB0113600, HMDB0113625, HMDB0113626, HMDB0113652, HMDB0113653, HMDB0113678","0","3437806.25","2554715648","48","0","false","0.000028493774152593687",""
"Pacific Northwest National Laboratory","20201130_jl_lungmap_agarose_1","2020-12-01_22h59m24s","C27H20O13","M+Na","","C27H20O13+Na+","575.0796113829999","0.2587321","0.2","0.2803752923422978","0.9241955407201838","0.9984969141947043","Epitheaflagallin 3-O-gallate","HMDB0033288","0","933055.125","3216281856","1","1","false","0.0000511518373969011","C24H24O14+K+"
"Pacific Northwest National Laboratory","20201130_jl_lungmap_agarose_1","2020-12-01_22h59m24s","C43H84NO8P","M+Na","","C43H84NO8P+Na+","796.5826763309999","0.26008466","0.2","0.3003388628156065","0.8700093743970609","0.9953578991952563","PC(15:0/20:1(11Z)), PC(20:1(11Z)/15:0), PE(14:0/24:1(15Z)), PE(14:1(9Z)/24:0), PE(16:0/22:1(13Z)), PE(16:1(9Z)/22:0), PE(18:0/20:1(11Z)), PE(18:1(11Z)/20:0), PE(22:1(13Z)/16:0), PE(18:1(9Z)/20:0), PE(20:0/18:1(11Z)), PE(20:0/18:1(9Z)), PE(20:1(11Z)/18:0), PE(22:0/16:1(9Z)), PE(24:0/14:1(9Z)), PE(24:1(15Z)/14:0), PE-NMe(15:0/22:1(13Z)), PE-NMe(22:1(13Z)/15:0), PE-NMe2(18:0/18:1(9Z)), PE-NMe2(18:0/18:1(11Z)), PE-NMe2(14:1(9Z)/22:0), PE-NMe2(16:0/20:1(11Z)), PE-NMe2(16:1(9Z)/20:0), PE-NMe2(14:0/22:1(13Z)), PE-NMe2(18:1(11Z)/18:0), PE-NMe2(18:1(9Z)/18:0), PE-NMe2(20:0/16:1(9Z)), PE-NMe2(20:1(11Z)/16:0), PE-NMe2(22:0/14:1(9Z)), PE-NMe2(22:1(13Z)/14:0)","HMDB0007945, HMDB0008297, HMDB0008849, HMDB0008881, HMDB0008941, HMDB0008973, HMDB0008999, HMDB0009031, HMDB0009517, HMDB0009064, HMDB0009223, HMDB0009224, HMDB0009255, HMDB0009485, HMDB0009713, HMDB0009745, HMDB0113032, HMDB0113537, HMDB0113871, HMDB0113872, HMDB0113873, HMDB0113874, HMDB0113875, HMDB0113891, HMDB0114016, HMDB0114043, HMDB0114185, HMDB0114213, HMDB0114411, HMDB0114437","0","3152904.5","8090338304","30","1","false","0.000034096112358383834","C45H82NO8P+H+"
"Pacific Northwest National Laboratory","20201130_jl_lungmap_agarose_1","2020-12-01_22h59m24s","C37H68O4","M+Na","","C37H68O4+Na+","599.500981339","0.2611198","0.2","0.29022449948465745","0.9020149145412626","0.9974520619910691","Cohibin C, Cohibin D","HMDB0035397, HMDB0035398","0","1002888.6875","2422320640","2","0","false","0.0000151494195961277",""
"Pacific Northwest National Laboratory","20201130_jl_lungmap_agarose_1","2020-12-01_22h59m24s","C49H92O6","M+Na","","C49H92O6+Na+","799.6786113469999","0.28095374","0.2","0.3532085105590192","0.8414312987028029","0.9453333333333334","TG(16:0/14:0/16:1(9Z)), Glycerol 1,3-ditetradecanoate 2-(9Z-octadecenoate), TG(14:0/14:0/18:1(11Z)), TG(14:0/14:0/18:1(9Z)), TG(14:0/16:0/16:1(9Z)), TG(14:0/18:0/14:1(9Z)), TG(14:0/16:1(9Z)/16:0), TG(14:0/14:1(9Z)/18:0), TG(14:0/18:1(11Z)/14:0), TG(14:0/18:1(9Z)/14:0), TG(15:0/15:0/16:1(9Z)), TG(15:0/16:1(9Z)/15:0), TG(16:0/16:0/14:1(9Z)), TG(16:0/14:1(9Z)/16:0), TG(18:0/14:0/14:1(9Z))","HMDB0010412, HMDB0031123, HMDB0042070, HMDB0042071, HMDB0042129, HMDB0042158, HMDB0042303, HMDB0042274, HMDB0042331, HMDB0042361, HMDB0042996, HMDB0043192, HMDB0043890, HMDB0044025, HMDB0044672","0","1930662.75","29172516","15","2","false","0.01370509248226881","C51H90O6+H+, C15H11I4NO4+Na+"
"Pacific Northwest National Laboratory","20201130_jl_lungmap_agarose_1","2020-12-01_22h59m24s","C54H101NO13","M+Na","","C54H101NO13+Na+","994.7165129749999","0.28226045","0.2","0.3394232360487846","0.8452598091639767","0.9838258164852255","Galabiosylceramide (d18:1/24:1(15Z)), Lactosylceramide (d18:1/24:1(15Z))","HMDB0004837, HMDB0004872","0","950724.5","172992384","2","0","false","0.00007315431139431894",""
"Pacific Northwest National Laboratory","20201130_jl_lungmap_agarose_1","2020-12-01_22h59m24s","C40H22O24","M+K","","C40H22O24+K+","925.013259477","0.29112428","0.2","0.33871763413247674","0.8633294451552467","0.9955522971652004","6,7,8,11,12,13,19,28,29,35-decahydroxy-18-(hydroxymethyl)-17,33,37,40,41,43-hexaoxaundecacyclo[19.16.3.3⁵,²⁰.2²⁴,²⁷.0¹,²².0⁴,³⁸.0¹⁰,¹⁵.0²³,³⁶.0²⁵,³⁴.0²⁶,³¹.0⁹,⁴⁵]pentatetraconta-5,7,9(45),10,12,14,23(36),24,26,28,30,34-dodecaene-2,3,16,32,39,42,44-heptone","HMDB0134679","0","1337528.875","326423072","1","0","false","0.09713894128799438",""
"Pacific Northwest National Laboratory","20201130_jl_lungmap_agarose_1","2020-12-01_22h59m24s","C21H18O11","M+Na","","C21H18O11+Na+","469.07413207900004","0.29384747","0.2","0.3112795559066324","0.9453538041341698","0.9985665202207953","Glucorhein, Genistein 4'-O-glucuronide, Genistein 5-O-glucuronide, Genistein 7-O-glucuronide, Baicalin, 6-[(5,7-dihydroxy-4-oxo-2-phenyl-4H-chromen-3-yl)oxy]-3,4,5-trihydroxyoxane-2-carboxylic acid, 6-[(3,7-dihydroxy-4-oxo-2-phenyl-4H-chromen-5-yl)oxy]-3,4,5-trihydroxyoxane-2-carboxylic acid, 6-[(3,5-dihydroxy-4-oxo-2-phenyl-4H-chromen-7-yl)oxy]-3,4,5-trihydroxyoxane-2-carboxylic acid, 6-[4-(5,7-dihydroxy-4-oxo-4H-chromen-3-yl)phenoxy]-3,4,5-trihydroxyoxane-2-carboxylic acid, 3,4,5-trihydroxy-6-{[5-hydroxy-3-(4-hydroxyphenyl)-4-oxo-4H-chromen-7-yl]oxy}oxane-2-carboxylic acid, 6-[(5,6-dihydroxy-4-oxo-3-phenyl-4H-chromen-7-yl)oxy]-3,4,5-trihydroxyoxane-2-carboxylic acid, 6-[(7,8-dihydroxy-4-oxo-2-phenyl-4H-chromen-5-yl)oxy]-3,4,5-trihydroxyoxane-2-carboxylic acid, 6-[(5,8-dihydroxy-4-oxo-2-phenyl-4H-chromen-7-yl)oxy]-3,4,5-trihydroxyoxane-2-carboxylic acid, 3,4,5-trihydroxy-6-{[5-hydroxy-2-(4-hydroxyphenyl)-4-oxo-4H-chromen-7-yl]oxy}oxane-2-carboxylic acid, 6-[4-(5,7-dihydroxy-4-oxo-4H-chromen-2-yl)phenoxy]-3,4,5-trihydroxyoxane-2-carboxylic acid, 6-{[2-(3,4-dihydroxyphenyl)-4-oxo-4H-chromen-7-yl]oxy}-3,4,5-trihydroxyoxane-2-carboxylic acid, 3,4,5-trihydroxy-6-[2-hydroxy-5-(7-hydroxy-4-oxo-4H-chromen-2-yl)phenoxy]oxane-2-carboxylic acid, 3,4,5-trihydroxy-6-[2-hydroxy-4-(7-hydroxy-4-oxo-4H-chromen-2-yl)phenoxy]oxane-2-carboxylic acid, 3,4,5-trihydroxy-6-{[7-hydroxy-2-(3-hydroxyphenyl)-4-oxo-4H-chromen-6-yl]oxy}oxane-2-carboxylic acid, 3,4,5-trihydroxy-6-{[6-hydroxy-2-(3-hydroxyphenyl)-4-oxo-4H-chromen-7-yl]oxy}oxane-2-carboxylic acid, 6-[3-(6,7-dihydroxy-4-oxo-4H-chromen-2-yl)phenoxy]-3,4,5-trihydroxyoxane-2-carboxylic acid, 3,4,5-trihydroxy-6-{[7-hydroxy-2-(3-hydroxyphenyl)-4-oxo-4H-chromen-5-yl]oxy}oxane-2-carboxylic acid, 3,4,5-trihydroxy-6-{[5-hydroxy-2-(3-hydroxyphenyl)-4-oxo-4H-chromen-7-yl]oxy}oxane-2-carboxylic acid, 6-[3-(5,7-dihydroxy-4-oxo-4H-chromen-2-yl)phenoxy]-3,4,5-trihydroxyoxane-2-carboxylic acid, 6-[(5,6-dihydroxy-4-oxo-2-phenyl-4H-chromen-7-yl)oxy]-3,4,5-trihydroxyoxane-2-carboxylic acid, 6-[(6,7-dihydroxy-4-oxo-2-phenyl-4H-chromen-5-yl)oxy]-3,4,5-trihydroxyoxane-2-carboxylic acid, 6-[(5,7-dihydroxy-4-oxo-2-phenyl-4H-chromen-6-yl)oxy]-3,4,5-trihydroxyoxane-2-carboxylic acid","HMDB0032877, HMDB0041737, HMDB0041738, HMDB0041739, HMDB0041832, HMDB0125399, HMDB0125397, HMDB0125398, HMDB0129970, HMDB0129971, HMDB0130004, HMDB0130202, HMDB0130203, HMDB0132462, HMDB0132464, HMDB0133326, HMDB0133327, HMDB0133328, HMDB0133351, HMDB0133352, HMDB0133353, HMDB0133375, HMDB0133376, HMDB0133377, HMDB0134897, HMDB0134895, HMDB0134896","0","1096337.75","3995513600","27","1","false","0.000010589519661152735","C18H22O12+K+"
"Pacific Northwest National Laboratory","20201130_jl_lungmap_agarose_1","2020-12-01_22h59m24s","C44H86NO8P","M+Na","","C44H86NO8P+Na+","810.598326395","0.2952006","0.2","0.31602685620409643","0.9464788474162456","0.9869207987006783","PC(14:0/22:1(13Z)), PC(14:1(9Z)/22:0), PC(16:0/20:1(11Z)), PC(16:1(9Z)/20:0), PC(18:0/18:1(11Z)), PC(18:0/18:1(9Z)), PC(18:1(11Z)/18:0), PC(18:1(9Z)/18:0), PC(20:0/16:1(9Z)), PC(20:1(11Z)/16:0), PC(22:0/14:1(9Z)), PC(22:1(13Z)/14:0), PE(15:0/24:1(15Z)), PE(24:1(15Z)/15:0), PE-NMe(14:0/24:1(15Z)), PE-NMe(14:1(9Z)/24:0), PE-NMe(16:0/22:1(13Z)), PE-NMe(16:1(9Z)/22:0), PE-NMe(18:0/20:1(11Z)), PE-NMe(18:1(11Z)/20:0), PE-NMe(18:1(9Z)/20:0), PE-NMe(20:0/18:1(11Z)), PE-NMe(20:0/18:1(9Z)), PE-NMe(20:1(11Z)/18:0), PE-NMe(22:0/16:1(9Z)), PE-NMe(22:1(13Z)/16:0), PE-NMe(24:0/14:1(9Z)), PE-NMe(24:1(15Z)/14:0), PE-NMe2(15:0/22:1(13Z)), PE-NMe2(22:1(13Z)/15:0)","HMDB0007887, HMDB0007919, HMDB0007978, HMDB0008010, HMDB0008037, HMDB0008038, HMDB0008069, HMDB0008102, HMDB0008266, HMDB0008298, HMDB0008526, HMDB0008558, HMDB0008915, HMDB0009747, HMDB0112998, HMDB0113016, HMDB0113053, HMDB0113075, HMDB0113094, HMDB0113120, HMDB0113147, HMDB0113285, HMDB0113286, HMDB0113313, HMDB0113512, HMDB0113538, HMDB0113702, HMDB0113728, HMDB0113932, HMDB0114439","0","17975114","14103018496","30","1","false","0.00006027219205861911","C46H84NO8P+H+"
"Pacific Northwest National Laboratory","20201130_jl_lungmap_agarose_1","2020-12-01_22h59m24s","C20H32N6O12S2","M+Na","","C20H32N6O12S2+Na+","635.1411834869999","0.30160585","0.2","0.3263406353113674","0.9256461215677666","0.9984437796512857","Oxidized glutathione","HMDB0003337","0","2065007","5132039680","1","0","false","0.00020911384490318596",""
"Pacific Northwest National Laboratory","20201130_jl_lungmap_agarose_1","2020-12-01_22h59m24s","C44H88NO7P","M+Na","","C44H88NO7P+Na+","796.6190618389999","0.30696267","0.2","0.3636451272495056","0.8589319116883098","0.9827635327635328","PC(18:0/P-18:0), PC(20:0/P-16:0), PC(P-16:0/20:0), PC(P-18:0/18:0), PC(o-16:1(9Z)/20:0), PC(o-18:1(9Z)/18:0)","HMDB0008061, HMDB0008291, HMDB0011215, HMDB0011241, HMDB0013414, HMDB0013427","0","2606455.75","201848096","6","1","false","0.0006280233501456678","C46H86NO7P+H+"
"Pacific Northwest National Laboratory","20201130_jl_lungmap_agarose_1","2020-12-01_22h59m24s","C17H18O9","M+K","","C17H18O9+K+","405.058240049","0.30774745","0.2","0.32093091771275795","0.959943592844274","0.9989348947441795","Furocoumarinic acid glucoside, 3,5,7-trihydroxy-2-(1-hydroxy-3-methoxy-4-oxocyclohexyl)-6-methoxy-4H-chromen-4-one","HMDB0029601, HMDB0128768","0","1288728.25","5561399808","2","1","false","0.000022566095140064135","C20H14O8+Na+"
"Pacific Northwest National Laboratory","20201130_jl_lungmap_agarose_1","2020-12-01_22h59m24s","C51H96O6","M+K","","C51H96O6+K+","843.6838486849999","0.31235597","0.2","0.3968627776345922","0.8351471381142832","0.9424242424242424","TG(16:0/16:0/16:1(9Z)), TG(16:0/14:0/18:1(9Z)), TG(18:0/14:0/16:1(9Z)), TG(14:0/14:0/20:1(11Z)), TG(14:0/16:0/18:1(11Z)), TG(14:0/16:0/18:1(9Z)), TG(14:0/18:0/16:1(9Z)), TG(14:0/20:0/14:1(9Z)), TG(14:0/14:1(9Z)/20:0), TG(14:0/16:1(9Z)/18:0), TG(14:0/18:1(11Z)/16:0), TG(14:0/18:1(9Z)/16:0), TG(14:0/20:1(11Z)/14:0), TG(15:0/15:0/18:1(11Z)), TG(15:0/15:0/18:1(9Z)), TG(15:0/18:1(11Z)/15:0), TG(15:0/18:1(9Z)/15:0), TG(16:0/14:0/18:1(11Z)), TG(16:0/18:0/14:1(9Z)), TG(16:0/14:1(9Z)/18:0), TG(18:0/16:0/14:1(9Z)), TG(16:0/16:1(9Z)/16:0), TG(20:0/14:0/14:1(9Z))","HMDB0005359, HMDB0010414, HMDB0010426, HMDB0042072, HMDB0042130, HMDB0042131, HMDB0042159, HMDB0042188, HMDB0042275, HMDB0042304, HMDB0042333, HMDB0042363, HMDB0042391, HMDB0042997, HMDB0042998, HMDB0043221, HMDB0043250, HMDB0043836, HMDB0043918, HMDB0044026, HMDB0044726, HMDB0044053, HMDB0045480","0","2648986.75","34684040","23","1","false","0.17908398807048798","C49H95O8P+H+"
"Pacific Northwest National Laboratory","20201130_jl_lungmap_agarose_1","2020-12-01_22h59m24s","C11H12O7","M+K","","C11H12O7+K+","295.021460617","0.31295604","0.2","0.3223648007034212","0.9723448601858897","0.9984248376536253","(2R,3S)-Piscidic acid","HMDB0030809","0","1923071.75","6871470080","1","0","false","0.00010609256423776969",""
"Pacific Northwest National Laboratory","20201130_jl_lungmap_agarose_1","2020-12-01_22h59m24s","C17H18O11","M+K","","C17H18O11+K+","437.048069289","0.31760326","0.2","0.33194610528948554","0.9578288331197155","0.99891716901094","3,4,5-trihydroxy-6-{[4-methoxy-6-(3-oxoprop-1-en-1-yl)-2H-1,3-benzodioxol-5-yl]oxy}oxane-2-carboxylic acid, 3,4,5-trihydroxy-6-{[5-methoxy-6-(3-oxoprop-1-en-1-yl)-2H-1,3-benzodioxol-4-yl]oxy}oxane-2-carboxylic acid","HMDB0128691, HMDB0128692","0","1566576.625","6581307392","2","2","false","0.000019489349142531864","C12H22NO10S3+H+, C18H16N2O7S2+H+"
"Pacific Northwest National Laboratory","20201130_jl_lungmap_agarose_1","2020-12-01_22h59m24s","C39H69O8P","M+Na","","C39H69O8P+Na+","719.462226851","0.32852787","0.2","0.367868251029796","0.8952201033578149","0.997585369338477","1,2-Di-(9Z,12Z-octadecadienoyl)-sn-glycero-3-phosphate, PA(14:0/22:4(7Z,10Z,13Z,16Z)), PA(16:0/20:4(5Z,8Z,11Z,14Z)), PA(16:1(9Z)/20:3(5Z,8Z,11Z)), PA(18:0/18:4(6Z,9Z,12Z,15Z)), PA(18:1(11Z)/18:3(6Z,9Z,12Z)), PA(18:1(11Z)/18:3(9Z,12Z,15Z)), PA(18:1(9Z)/18:3(6Z,9Z,12Z)), PA(18:1(9Z)/18:3(9Z,12Z,15Z)), PA(18:2(9Z,12Z)/18:2(9Z,12Z)), PA(18:3(6Z,9Z,12Z)/18:1(11Z)), PA(18:3(6Z,9Z,12Z)/18:1(9Z)), PA(18:3(9Z,12Z,15Z)/18:1(11Z)), PA(18:3(9Z,12Z,15Z)/18:1(9Z)), PA(18:4(6Z,9Z,12Z,15Z)/18:0), PA(20:3(5Z,8Z,11Z)/16:1(9Z)), PA(20:4(5Z,8Z,11Z,14Z)/16:0), PA(20:4(8Z,11Z,14Z,17Z)/16:0), PA(22:4(7Z,10Z,13Z,16Z)/14:0), PA(16:1(9Z)/20:3(8Z,11Z,14Z)), PA(20:3(8Z,11Z,14Z)/16:1(9Z)), PA(16:0/20:4(8Z,11Z,14Z,17Z))","HMDB0031092, HMDB0114790, HMDB0114841, HMDB0114860, HMDB0114880, HMDB0114903, HMDB0114904, HMDB0114928, HMDB0114929, HMDB0114954, HMDB0114979, HMDB0114980, HMDB0115006, HMDB0115007, HMDB0115032, HMDB0115122, HMDB0115147, HMDB0115174, HMDB0115323, HMDB0115513, HMDB0115565, HMDB0116701","0","2894633.5","6689021440","22","1","false","0.000009457372470933478","C41H67O8P+H+"
"Pacific Northwest National Laboratory","20201130_jl_lungmap_agarose_1","2020-12-01_22h59m24s","C21H18O12","M+Na","","C21H18O12+Na+","485.069046699","0.33365837","0.2","0.352957408086548","0.9466170460273471","0.9986317986910404","Kaempferol 3-glucuronide, 3-Methylellagic acid 8-rhamnoside, 3,4,5-trihydroxy-6-[3-(3,5,7-trihydroxy-4-oxo-4H-chromen-2-yl)phenoxy]oxane-2-carboxylic acid, 6-{[3,7-dihydroxy-2-(3-hydroxyphenyl)-4-oxo-4H-chromen-5-yl]oxy}-3,4,5-trihydroxyoxane-2-carboxylic acid, 6-{[3,5-dihydroxy-2-(3-hydroxyphenyl)-4-oxo-4H-chromen-7-yl]oxy}-3,4,5-trihydroxyoxane-2-carboxylic acid, 6-{[5,7-dihydroxy-2-(3-hydroxyphenyl)-4-oxo-4H-chromen-3-yl]oxy}-3,4,5-trihydroxyoxane-2-carboxylic acid, 3,4,5-trihydroxy-6-[4-(3,5,7-trihydroxy-4-oxo-4H-chromen-2-yl)phenoxy]oxane-2-carboxylic acid, 6-{[3,7-dihydroxy-2-(4-hydroxyphenyl)-4-oxo-4H-chromen-5-yl]oxy}-3,4,5-trihydroxyoxane-2-carboxylic acid, 6-{[3,5-dihydroxy-2-(4-hydroxyphenyl)-4-oxo-4H-chromen-7-yl]oxy}-3,4,5-trihydroxyoxane-2-carboxylic acid, 3,4,5-trihydroxy-6-[(3,5,7-trihydroxy-4-oxo-2-phenyl-4H-chromen-6-yl)oxy]oxane-2-carboxylic acid, 3,4,5-trihydroxy-6-[(3,6,7-trihydroxy-4-oxo-2-phenyl-4H-chromen-5-yl)oxy]oxane-2-carboxylic acid, 3,4,5-trihydroxy-6-[(3,5,6-trihydroxy-4-oxo-2-phenyl-4H-chromen-7-yl)oxy]oxane-2-carboxylic acid, 3,4,5-trihydroxy-6-[(5,6,7-trihydroxy-4-oxo-2-phenyl-4H-chromen-3-yl)oxy]oxane-2-carboxylic acid, 6-{4-[(1E)-3-(2,4-dihydroxy-3,6-dioxocyclohexa-1,4-dien-1-yl)-3-oxoprop-1-en-1-yl]phenoxy}-3,4,5-trihydroxyoxane-2-carboxylic acid, 6-{[5,6-dihydroxy-2-(4-hydroxyphenyl)-4-oxo-4H-chromen-7-yl]oxy}-3,4,5-trihydroxyoxane-2-carboxylic acid, 6-{[5,7-dihydroxy-2-(4-hydroxyphenyl)-4-oxo-4H-chromen-6-yl]oxy}-3,4,5-trihydroxyoxane-2-carboxylic acid, 6-{[6,7-dihydroxy-2-(4-hydroxyphenyl)-4-oxo-4H-chromen-5-yl]oxy}-3,4,5-trihydroxyoxane-2-carboxylic acid, 3,4,5-trihydroxy-6-[4-(5,6,7-trihydroxy-4-oxo-4H-chromen-2-yl)phenoxy]oxane-2-carboxylic acid, 3,4,5-trihydroxy-6-[4-(5,6,7-trihydroxy-4-oxo-4H-chromen-3-yl)phenoxy]oxane-2-carboxylic acid, 6-{[5,6-dihydroxy-3-(4-hydroxyphenyl)-4-oxo-4H-chromen-7-yl]oxy}-3,4,5-trihydroxyoxane-2-carboxylic acid, 6-{[7,8-dihydroxy-2-(4-hydroxyphenyl)-4-oxo-4H-chromen-5-yl]oxy}-3,4,5-trihydroxyoxane-2-carboxylic acid, 6-{[5,8-dihydroxy-2-(4-hydroxyphenyl)-4-oxo-4H-chromen-7-yl]oxy}-3,4,5-trihydroxyoxane-2-carboxylic acid, 3,4,5-trihydroxy-6-[4-(5,7,8-trihydroxy-4-oxo-4H-chromen-2-yl)phenoxy]oxane-2-carboxylic acid, 3,4,5-trihydroxy-6-[(5,7,8-trihydroxy-4-oxo-2-phenyl-4H-chromen-6-yl)oxy]oxane-2-carboxylic acid, 3,4,5-trihydroxy-6-[(6,7,8-trihydroxy-4-oxo-2-phenyl-4H-chromen-5-yl)oxy]oxane-2-carboxylic acid, 3,4,5-trihydroxy-6-[(5,6,8-trihydroxy-4-oxo-2-phenyl-4H-chromen-7-yl)oxy]oxane-2-carboxylic acid, 6-{[5,6-dihydroxy-2-(3-hydroxyphenyl)-4-oxo-4H-chromen-7-yl]oxy}-3,4,5-trihydroxyoxane-2-carboxylic acid, 6-{[2-(3,4-dihydroxyphenyl)-7-hydroxy-4-oxo-4H-chromen-6-yl]oxy}-3,4,5-trihydroxyoxane-2-carboxylic acid, 6-{[2-(3,4-dihydroxyphenyl)-6-hydroxy-4-oxo-4H-chromen-7-yl]oxy}-3,4,5-trihydroxyoxane-2-carboxylic acid, 6-[5-(6,7-dihydroxy-4-oxo-4H-chromen-2-yl)-2-hydroxyphenoxy]-3,4,5-trihydroxyoxane-2-carboxylic acid, 6-[4-(6,7-dihydroxy-4-oxo-4H-chromen-2-yl)-2-hydroxyphenoxy]-3,4,5-trihydroxyoxane-2-carboxylic acid, 6-[2,3-dihydroxy-6-(7-hydroxy-4-oxo-4H-chromen-2-yl)phenoxy]-3,4,5-trihydroxyoxane-2-carboxylic acid, 3,4,5-trihydroxy-6-{[4-oxo-2-(2,3,4-trihydroxyphenyl)-4H-chromen-7-yl]oxy}oxane-2-carboxylic acid, 6-[2,6-dihydroxy-3-(7-hydroxy-4-oxo-4H-chromen-2-yl)phenoxy]-3,4,5-trihydroxyoxane-2-carboxylic acid, 6-[2,3-dihydroxy-4-(7-hydroxy-4-oxo-4H-chromen-2-yl)phenoxy]-3,4,5-trihydroxyoxane-2-carboxylic acid, 6-[4,5-dihydroxy-2-(7-hydroxy-4-oxo-4H-chromen-2-yl)phenoxy]-3,4,5-trihydroxyoxane-2-carboxylic acid, 3,4,5-trihydroxy-6-{[4-oxo-2-(2,4,5-trihydroxyphenyl)-4H-chromen-7-yl]oxy}oxane-2-carboxylic acid, 6-[2,4-dihydroxy-5-(7-hydroxy-4-oxo-4H-chromen-2-yl)phenoxy]-3,4,5-trihydroxyoxane-2-carboxylic acid, 6-[2,5-dihydroxy-4-(7-hydroxy-4-oxo-4H-chromen-2-yl)phenoxy]-3,4,5-trihydroxyoxane-2-carboxylic acid, 6-{[2-(3,4-dihydroxyphenyl)-7-hydroxy-4-oxo-4H-chromen-5-yl]oxy}-3,4,5-trihydroxyoxane-2-carboxylic acid, 6-{[2-(3,4-dihydroxyphenyl)-5-hydroxy-4-oxo-4H-chromen-7-yl]oxy}-3,4,5-trihydroxyoxane-2-carboxylic acid, 6-[5-(5,7-dihydroxy-4-oxo-4H-chromen-2-yl)-2-hydroxyphenoxy]-3,4,5-trihydroxyoxane-2-carboxylic acid, 6-[4-(5,7-dihydroxy-4-oxo-4H-chromen-2-yl)-2-hydroxyphenoxy]-3,4,5-trihydroxyoxane-2-carboxylic acid","HMDB0029500, HMDB0037079, HMDB0125272, HMDB0125273, HMDB0125274, HMDB0125275, HMDB0125378, HMDB0125379, HMDB0125380, HMDB0125418, HMDB0125419, HMDB0125420, HMDB0125421, HMDB0126626, HMDB0128606, HMDB0128607, HMDB0128608, HMDB0128609, HMDB0129992, HMDB0129993, HMDB0130189, HMDB0130190, HMDB0130191, HMDB0130231, HMDB0130232, HMDB0130233, HMDB0131979, HMDB0133345, HMDB0133346, HMDB0133347, HMDB0133348, HMDB0133355, HMDB0133356, HMDB0133357, HMDB0133358, HMDB0133360, HMDB0133361, HMDB0133362, HMDB0133363, HMDB0133365, HMDB0133366, HMDB0133367, HMDB0133368","0","1358594.75","4198680064","43","2","false","0.000005080150458525168","C18H18N6O5S2+Na+, C22H21Cl3N4O+Na+"
"Pacific Northwest National Laboratory","20201130_jl_lungmap_agarose_1","2020-12-01_22h59m24s","C40H76NO8P","M+K","","C40H76NO8P+K+","768.4940132849999","0.3340311","0.2","0.35606197076263946","0.9423610136980192","0.995506329113924","PC(14:0/18:2(9Z,12Z)), PC(14:1(9Z)/18:1(11Z)), PC(14:1(9Z)/18:1(9Z)), PC(16:1(9Z)/16:1(9Z)), PC(18:1(11Z)/14:1(9Z)), PC(18:1(9Z)/14:1(9Z)), PC(18:2(9Z,12Z)/14:0), PE(15:0/20:2(11Z,14Z)), PE(20:2(11Z,14Z)/15:0), PE-NMe(14:1(9Z)/20:1(11Z)), PE-NMe(16:1(9Z)/18:1(9Z)), PE-NMe(16:1(9Z)/18:1(11Z)), PE-NMe(14:0/20:2(11Z,14Z)), PE-NMe(16:0/18:2(9Z,12Z)), PE-NMe(18:1(9Z)/16:1(9Z)), PE-NMe(18:1(11Z)/16:1(9Z)), PE-NMe(18:2(9Z,12Z)/16:0), PE-NMe(20:1(11Z)/14:1(9Z)), PE-NMe(20:2(11Z,14Z)/14:0), PE-NMe2(15:0/18:2(9Z,12Z)), PE-NMe2(18:2(9Z,12Z)/15:0)","HMDB0007874, HMDB0007905, HMDB0007906, HMDB0008002, HMDB0008065, HMDB0008098, HMDB0008130, HMDB0008901, HMDB0009285, HMDB0112955, HMDB0112956, HMDB0112957, HMDB0112984, HMDB0113042, HMDB0113141, HMDB0113114, HMDB0113167, HMDB0113309, HMDB0113337, HMDB0113920, HMDB0114067","0","1620698.625","4034730496","21","0","false","0.00001235200761584565",""
"Pacific Northwest National Laboratory","20201130_jl_lungmap_agarose_1","2020-12-01_22h59m24s","C20H22O5","M+K","","C20H22O5+K+","381.109881697","0.33711344","0.2","0.361049401846336","0.9345061545282726","0.9991421568627451","Hydroxygaleon, Austrobailignan 7, 7-Hydroxyaustrobailignan 5, 1,2,3,4-Tetrahydro-1-[1-hydroxy-3-(4-hydroxyphenyl)-2-propenyl]-7-methoxy-2,6-naphthalenediol, 3-[2,4-dihydroxy-3-(3-methylbut-2-en-1-yl)phenyl]-1-(3,4-dihydroxyphenyl)propan-1-one, 3-(4-hydroxyphenyl)-1-[2,4,6-trihydroxy-3-(3-methylbut-2-en-1-yl)phenyl]propan-1-one, 5-[(E)-2-(2,4-dihydroxyphenyl)ethenyl]-4-methoxy-2-(3-methylbut-2-en-1-yl)benzene-1,3-diol, 5-[(E)-2-(2,4-dihydroxy-5-methoxyphenyl)ethenyl]-2-(3-methylbut-2-en-1-yl)benzene-1,3-diol, 3-phenyl-1-[2,4,6-trihydroxy-3-(4-hydroxy-3-methylbut-2-en-1-yl)phenyl]propan-1-one, 3-phenyl-1-{2,4,6-trihydroxy-3-[(2E)-4-hydroxy-3-methylbut-2-en-1-yl]phenyl}propan-1-one, 5-[(E)-2-(4-hydroxy-3-methoxyphenyl)ethenyl]-2-[(1E)-3-hydroxy-3-methylbut-1-en-1-yl]benzene-1,3-diol, 6-[(E)-2-(4-hydroxy-3-methoxyphenyl)ethenyl]-3-[(1E)-3-methylbut-1-en-1-yl]benzene-1,2,4-triol, 5-[(E)-2-(2,5-dihydroxy-4-methoxyphenyl)ethenyl]-2-[(1E)-3-methylbut-1-en-1-yl]benzene-1,3-diol, 5-[3-(4-hydroxy-3-methoxyphenyl)oxiran-2-yl]-2-[(1E)-3-methylbut-1-en-1-yl]benzene-1,3-diol, 5-[(E)-2-(4-hydroxy-3-methoxyphenyl)ethenyl]-2-[3-(propan-2-yl)oxiran-2-yl]benzene-1,3-diol, 5-[(E)-2-(4-hydroxy-3-methoxyphenyl)ethenyl]-2-[(1E)-4-hydroxy-3-methylbut-1-en-1-yl]benzene-1,3-diol, 1-{3-[(3,3-dimethyloxiran-2-yl)methyl]-2,4,6-trihydroxyphenyl}-3-phenylpropan-1-one, 3-phenyl-1-[2,3,4,6-tetrahydroxy-5-(3-methylbut-2-en-1-yl)phenyl]propan-1-one, 3-(3-hydroxyphenyl)-1-[2,4,6-trihydroxy-3-(3-methylbut-2-en-1-yl)phenyl]propan-1-one, 3-hydroxy-3-phenyl-1-[2,4,6-trihydroxy-3-(3-methylbut-2-en-1-yl)phenyl]propan-1-one, 3-methoxy-5-[7-methoxy-3-methyl-5-(prop-1-en-1-yl)-2,3-dihydro-1-benzofuran-2-yl]benzene-1,2-diol, 1-(4-hydroxy-3-methoxyphenyl)-7-(3-hydroxyphenyl)heptane-3,5-dione, 1-(3,4-dihydroxyphenyl)-7-(3-methoxyphenyl)heptane-3,5-dione, 1-(2,4-dihydroxyphenyl)-3-[4-hydroxy-3-(4-hydroxy-3-methylbut-2-en-1-yl)phenyl]propan-1-one, 1-(2,4-dihydroxyphenyl)-3-{4-hydroxy-3-[(2E)-4-hydroxy-3-methylbut-2-en-1-yl]phenyl}propan-1-one, 1-(2,4-dihydroxyphenyl)-3-hydroxy-3-[4-hydroxy-3-(3-methylbut-2-en-1-yl)phenyl]propan-1-one, 1-(2,4-dihydroxyphenyl)-3-{3-[(3,3-dimethyloxiran-2-yl)methyl]-4-hydroxyphenyl}propan-1-one, 3-[4-hydroxy-3-(3-methylbut-2-en-1-yl)phenyl]-1-(2,4,5-trihydroxyphenyl)propan-1-one, 3-[3,4-dihydroxy-5-(3-methylbut-2-en-1-yl)phenyl]-1-(2,4-dihydroxyphenyl)propan-1-one, 3-[4-hydroxy-3-(3-methylbut-2-en-1-yl)phenyl]-1-(2,4,6-trihydroxyphenyl)propan-1-one, 3-[4-hydroxy-3-(3-methylbut-2-en-1-yl)phenyl]-1-(2,3,4-trihydroxyphenyl)propan-1-one","HMDB0031535, HMDB0030859, HMDB0038930, HMDB0041400, HMDB0124814, HMDB0124916, HMDB0125557, HMDB0125565, HMDB0129259, HMDB0129261, HMDB0129044, HMDB0129051, HMDB0129056, HMDB0129072, HMDB0129079, HMDB0129085, HMDB0129263, HMDB0129265, HMDB0129267, HMDB0129268, HMDB0130863, HMDB0133499, HMDB0133500, HMDB0135881, HMDB0135882, HMDB0135883, HMDB0135884, HMDB0135885, HMDB0135886, HMDB0135887, HMDB0135888","0","1625689.375","7489510400","31","1","false","0.0009423349983990192","C17H20N2O6S+H+"
"Pacific Northwest National Laboratory","20201130_jl_lungmap_agarose_1","2020-12-01_22h59m24s","C21H42NO2","M+K","","C21H42NO2+K+","379.284712477","0.33755067","0.2","0.3630904075229348","0.9332120453007106","0.9961938444697065","9-Hexadecenoylcholine","HMDB0013208","0","1871759.625","3715567360","1","0","false","0.00012049890938214958",""
"Pacific Northwest National Laboratory","20201130_jl_lungmap_agarose_1","2020-12-01_22h59m24s","C17H20O10","M+K","","C17H20O10+K+","423.068804733","0.3418112","0.2","0.3544501945703945","0.9653648900509829","0.998940379403794","Eleutheroside B1, Tomenin, 5-(3',5'-Dihydroxyphenyl)-gamma-valerolactone 3-O-glucuronide, 5-(3',4'-Dihydroxyphenyl)-gamma-valerolactone-4'-O-glucuronide, 3,4,5-trihydroxy-6-{2-hydroxy-4-[(5-oxooxolan-2-yl)methyl]phenoxy}oxane-2-carboxylic acid, 3,4,5-trihydroxy-6-{2-hydroxy-5-[(5-oxooxolan-2-yl)methyl]phenoxy}oxane-2-carboxylic acid, 3,4,5-trihydroxy-6-{4-[(1Z)-2-hydroxy-3-oxobut-1-en-1-yl]-2-methoxyphenoxy}oxane-2-carboxylic acid, 3,4,5-trihydroxy-6-[3-hydroxy-2-methoxy-6-(3-oxobut-1-en-1-yl)phenoxy]oxane-2-carboxylic acid, 3,4,5-trihydroxy-6-[3-hydroxy-2-methoxy-4-(3-oxobut-1-en-1-yl)phenoxy]oxane-2-carboxylic acid, 3,4,5-trihydroxy-6-[5-hydroxy-4-methoxy-2-(3-oxobut-1-en-1-yl)phenoxy]oxane-2-carboxylic acid, 3,4,5-trihydroxy-6-[5-hydroxy-2-methoxy-4-(3-oxobut-1-en-1-yl)phenoxy]oxane-2-carboxylic acid, 3,4,5-trihydroxy-6-[2-hydroxy-3-methoxy-5-(3-oxobut-1-en-1-yl)phenoxy]oxane-2-carboxylic acid, 3,4,5-trihydroxy-6-[2-hydroxy-6-methoxy-4-(3-oxobut-1-en-1-yl)phenoxy]oxane-2-carboxylic acid, 6-[4-(3-acetyloxiran-2-yl)-2-methoxyphenoxy]-3,4,5-trihydroxyoxane-2-carboxylic acid, 3,4,5-trihydroxy-6-[4-(4-hydroxy-3-oxobut-1-en-1-yl)-2-methoxyphenoxy]oxane-2-carboxylic acid","HMDB0029549, HMDB0033900, HMDB0041693, HMDB0059989, HMDB0127730, HMDB0127731, HMDB0135677, HMDB0135682, HMDB0135683, HMDB0135684, HMDB0135685, HMDB0135686, HMDB0135687, HMDB0135690, HMDB0135694","0","1699581.875","7571442688","15","1","false","0.000012591277481988072","C20H16O9+Na+"
"Pacific Northwest National Laboratory","20201130_jl_lungmap_agarose_1","2020-12-01_22h59m24s","C10H16N2O5","M+K","","C10H16N2O5+K+","283.069079505","0.34520045","0.2","0.35549558724447006","0.9725894006796892","0.9984069900636671","Hydroxyprolyl-Hydroxyproline, gamma-Glutamylproline, Carbidopa, Glutamylproline, (2S,4S)-Pinnatanine","HMDB0028864, HMDB0029157, HMDB0014336, HMDB0028827, HMDB0029439","0","11949901","69374967808","5","0","false","0.0005641927127726376",""
"Pacific Northwest National Laboratory","20201130_jl_lungmap_agarose_1","2020-12-01_22h59m24s","C9H16N2O5S2","M+K","","C9H16N2O5S2+K+","335.013221845","0.3463353","0.2","0.3657077917428512","0.9476559793815574","0.9993366898425637","N-Acetyldjenkolic acid","HMDB0029421","0","19783500","102687555584","1","1","false","0.00017977705283556134","C10H20N2S4+K+"
"Pacific Northwest National Laboratory","20201130_jl_lungmap_agarose_1","2020-12-01_22h59m24s","C38H76NO8P","M+K","","C38H76NO8P+K+","744.4940132849999","0.35037437","0.2","0.37903708625459775","0.9259178388906826","0.998339330934293","PC(14:0/16:0), PC(15:0/15:0), PC(16:0/14:0), PE(15:0/18:0), PE(18:0/15:0), PE-NMe(16:0/16:0), PE-NMe(14:0/18:0), PE-NMe(18:0/14:0), PE-NMe2(15:0/16:0), PE-NMe2(16:0/15:0)","HMDB0007869, HMDB0007934, HMDB0007965, HMDB0008892, HMDB0008988, HMDB0010567, HMDB0112959, HMDB0113084, HMDB0113865, HMDB0113942","0","11263473","47345098752","10","2","false","0.00015935678675305098","C38H75O10P+Na+, C41H72NO7P+Na+"
"Pacific Northwest National Laboratory","20201130_jl_lungmap_agarose_1","2020-12-01_22h59m24s","C41H62O5","M+K","","C41H62O5+K+","673.4228829770001","0.35066023","0.2","0.4142409737367959","0.8478190949873681","0.998459057516574","DG(18:4(6Z,9Z,12Z,15Z)/20:5(5Z,8Z,11Z,14Z,17Z)/0:0), DG(20:5(5Z,8Z,11Z,14Z,17Z)/18:4(6Z,9Z,12Z,15Z)/0:0), DG(18:4n3/0:0/20:5n3)","HMDB0007346, HMDB0007570, HMDB0056374","0","2332996","7033340416","3","0","false","0.000932492024730891",""
"Pacific Northwest National Laboratory","20201130_jl_lungmap_agarose_1","2020-12-01_22h59m24s","C35H66O4","M+Na","","C35H66O4+Na+","573.485331275","0.35087466","0.2","0.3804820451355588","0.9239557369481187","0.9980830670926517","Artemoin A, Artemoin B, Artemoin C, Artemoin D","HMDB0033604, HMDB0033605, HMDB0033606, HMDB0033607","0","1214309","3424208128","4","1","false","0.00032499682856723666","C37H64O4+H+"
"Pacific Northwest National Laboratory","20201130_jl_lungmap_agarose_1","2020-12-01_22h59m24s","C42H82NO7P","M+Na","","C42H82NO7P+Na+","766.5721116469999","0.3533882","0.2","0.4126992567603775","0.8679414923630396","0.9865699404761905","PC(16:0/P-18:1(11Z)), PC(16:0/P-18:1(9Z)), PC(16:1(9Z)/P-18:0), PC(18:1(11Z)/P-16:0), PC(18:1(9Z)/P-16:0), PC(O-16:0/18:2(9Z,12Z)), PC(P-16:0/18:1(11Z)), PC(P-16:0/18:1(9Z)), PC(P-18:0/16:1(9Z)), PC(P-18:1(11Z)/16:0), PC(P-18:1(9Z)/16:0)","HMDB0007996, HMDB0007997, HMDB0008028, HMDB0008093, HMDB0008126, HMDB0011151, HMDB0011209, HMDB0011210, HMDB0011240, HMDB0011272, HMDB0011305","0","3665449.5","660699328","11","1","false","0.00007034792361082509","C44H80NO7P+H+"
"Pacific Northwest National Laboratory","20201130_jl_lungmap_agarose_1","2020-12-01_22h59m24s","C11H16O9","M+K","","C11H16O9+K+","331.042589985","0.3541729","0.2","0.3642704843052753","0.9734676958363968","0.9987798380221654","6-[(3-carboxy-2-methylprop-2-en-1-yl)oxy]-3,4,5-trihydroxyoxane-2-carboxylic acid, 3,4,5-trihydroxy-6-[(4-hydroxy-3-methylbut-2-enoyl)oxy]oxane-2-carboxylic acid, 6-(3,3-dimethyloxirane-2-carbonyloxy)-3,4,5-trihydroxyoxane-2-carboxylic acid, 6-[(2Z)-2-carboxy-2-ethylideneethoxy]-3,4,5-trihydroxyoxane-2-carboxylic acid, 3,4,5-trihydroxy-6-{[(2E)-2-(hydroxymethyl)but-2-enoyl]oxy}oxane-2-carboxylic acid, 6-[(3-carboxy-3-methylprop-2-en-1-yl)oxy]-3,4,5-trihydroxyoxane-2-carboxylic acid, 3,4,5-trihydroxy-6-[(4-hydroxy-2-methylbut-2-enoyl)oxy]oxane-2-carboxylic acid, 6-(2,3-dimethyloxirane-2-carbonyloxy)-3,4,5-trihydroxyoxane-2-carboxylic acid","HMDB0128928, HMDB0128929, HMDB0128931, HMDB0129115, HMDB0129116, HMDB0129118, HMDB0129119, HMDB0129121","0","3260373.25","13895534592","8","0","false","0.000012345765753707383",""
"Pacific Northwest National Laboratory","20201130_jl_lungmap_agarose_1","2020-12-01_22h59m24s","C21H41O7P","M+Na","","C21H41O7P+Na+","459.24821133500006","0.35600522","0.2","0.3704548609088055","0.9620272909145043","0.9989268031580356","LysoPA(0:0/18:1(9Z)), LysoPA(18:1(9Z)/0:0), DHAP(18:0)","HMDB0007851, HMDB0007855, HMDB0011133","0","1752149.375","6102012928","3","0","false","0.00029811784042976797",""
"Pacific Northwest National Laboratory","20201130_jl_lungmap_agarose_1","2020-12-01_22h59m24s","C15H17N5O6S2","M+Na","","C15H17N5O6S2+Na+","450.05124628699997","0.35650036","0.2","0.37637470364273395","0.9481786418512054","0.9989629155669306","Cefpodoxime","HMDB0015486","0","4998705.5","19475322880","1","2","false","0.000010991388990078121","C18H18O11+K+, C21H14O10+Na+"
"Pacific Northwest National Laboratory","20201130_jl_lungmap_agarose_1","2020-12-01_22h59m24s","C35H54O2","M+Na","","C35H54O2+Na+","529.401601651","0.3603384","0.2","0.38385138747617786","0.9408354383810491","0.9977775717111771","Panaxynol linoleate","HMDB0041177","0","2453379.25","9597117440","1","0","false","0.00036460254341363907",""
"Pacific Northwest National Laboratory","20201130_jl_lungmap_agarose_1","2020-12-01_22h59m24s","C34H32FeN4O4","M+K","","C34H32FeN4O4+K+","653.145122397","0.36041498","0.2","0.4051754259778989","0.8961262432584496","0.9926371877378728","Heme","HMDB0003178","0","1567522.125","1930376192","1","1","false","0.0000527381562278606","C28H28O18+H+"
"Pacific Northwest National Laboratory","20201130_jl_lungmap_agarose_1","2020-12-01_22h59m24s","C21H39O6P","M+Na","","C21H39O6P+Na+","441.2376466510001","0.3609512","0.2","0.3761666337805171","0.9609888424986225","0.9985040834478855","CPA(18:1(11Z)/0:0), CPA(18:1(9Z)/0:0)","HMDB0007005, HMDB0007006","0","1388386.625","5374653952","2","0","false","0.0002578642452135682",""
"Pacific Northwest National Laboratory","20201130_jl_lungmap_agarose_1","2020-12-01_22h59m24s","C30H20O11","M+Na","","C30H20O11+Na+","579.089782143","0.36455876","0.2","0.3997674913202866","0.912930032671002","0.9989012764582323","Ephedrannin A","HMDB0037654","0","3404005.25","7156903424","1","0","false","0.0024711298756301403",""
"Pacific Northwest National Laboratory","20201130_jl_lungmap_agarose_1","2020-12-01_22h59m24s","C45H91N2O6P","M+K","","C45H91N2O6P+K+","825.624633525","0.36581787","0.2","0.4242849153057207","0.8672911323065691","0.9941282513520474","SM(d18:0/22:1(13Z)), SM(d18:1/22:0)","HMDB0012092, HMDB0012103","0","3069241","8919541760","2","0","false","0.00009651733853388578",""
"Pacific Northwest National Laboratory","20201130_jl_lungmap_agarose_1","2020-12-01_22h59m24s","C20H22O6","M+K","","C20H22O6+K+","397.104796317","0.36897844","0.2","0.38863815680178704","0.9505522512251132","0.9988023308896586","Sanshodiol, Dihydrocubebin, Glicophenone, (-)-Matairesinol, Matairesinol, Isocolumbin, 5-Deoxykievitone hydrate, (7'x,8'x)-4,7'-Epoxy-3,8'-bilign-7-ene-3,5'-dimethoxy-4',9,9'-triol, 3-(4-hydroxyphenyl)-1-[2,4,6-trihydroxy-3-(4-hydroxy-3-methylbut-2-en-1-yl)phenyl]propan-1-one, 3-(4-hydroxyphenyl)-1-{2,4,6-trihydroxy-3-[(2E)-4-hydroxy-3-methylbut-2-en-1-yl]phenyl}propan-1-one, 3-hydroxy-3-(4-hydroxyphenyl)-1-[2,4,6-trihydroxy-3-(3-methylbut-2-en-1-yl)phenyl]propan-1-one, 1-{3-[(3,3-dimethyloxiran-2-yl)methyl]-2,4,6-trihydroxyphenyl}-3-(4-hydroxyphenyl)propan-1-one, 3-(4-hydroxyphenyl)-1-[2,3,4,6-tetrahydroxy-5-(3-methylbut-2-en-1-yl)phenyl]propan-1-one, 3-(3,4-dihydroxyphenyl)-1-[2,4,6-trihydroxy-3-(3-methylbut-2-en-1-yl)phenyl]propan-1-one, 4,8,14-trihydroxy-17-methoxy-2-oxatricyclo[13.2.2.1³,⁷]icosa-1(17),3,5,7(20),15,18-hexaen-10-one, 4,8,11-trihydroxy-17-methoxy-2-oxatricyclo[13.2.2.1³,⁷]icosa-1(17),3,5,7(20),15,18-hexaen-10-one, 4,8,9-trihydroxy-17-methoxy-2-oxatricyclo[13.2.2.1³,⁷]icosa-1(17),3,5,7(20),15,18-hexaen-10-one, 1-(3,4-dihydroxyphenyl)-7-(4-hydroxy-3-methoxyphenyl)heptane-3,5-dione","HMDB0030573, HMDB0030709, HMDB0035467, HMDB0035698, HMDB0035789, HMDB0036837, HMDB0038113, HMDB0041276, HMDB0129247, HMDB0129248, HMDB0129249, HMDB0129250, HMDB0129251, HMDB0129252, HMDB0133425, HMDB0133426, HMDB0133427, HMDB0133452","0","3388615.75","18906378240","18","0","false","0.000017297794329351746",""
"Pacific Northwest National Laboratory","20201130_jl_lungmap_agarose_1","2020-12-01_22h59m24s","C39H79N2O6P","M+K","","C39H79N2O6P+K+","741.5307331409999","0.37147313","0.2","0.4946919846662936","0.752052803600423","0.9984911301012493","SM(d18:0/16:1(9Z)), Palmitoyl sphingomyelin","HMDB0013464, HMDB0061712","0","13322229","29812832256","2","1","false","0.00006774873327231035","C39H78NO8P+Na+"
"Pacific Northwest National Laboratory","20201130_jl_lungmap_agarose_1","2020-12-01_22h59m24s","C44H84NO7P","M+K","","C44H84NO7P+K+","808.5616989209999","0.3733141","0.2","0.43751653001340574","0.8698533531873266","0.9809206877426512","PC(18:1(11Z)/P-18:1(11Z)), PC(18:1(11Z)/P-18:1(9Z)), PC(18:1(9Z)/P-18:1(11Z)), PC(18:1(9Z)/P-18:1(9Z)), PC(18:2(9Z,12Z)/P-18:0), PC(20:2(11Z,14Z)/P-16:0), PC(P-16:0/20:2(11Z,14Z)), PC(P-18:0/18:2(9Z,12Z)), PC(P-18:1(11Z)/18:1(11Z)), PC(P-18:1(11Z)/18:1(9Z)), PC(P-18:1(9Z)/18:1(11Z)), PC(P-18:1(9Z)/18:1(9Z)), PC(o-18:1(11Z)/18:2(9Z,12Z)), PC(o-18:1(9Z)/18:2(9Z,12Z)), 1-O-Hexadecyl-2-O-dihomogammalinolenoylglycero-3-phosphocholine","HMDB0008095, HMDB0008096, HMDB0008128, HMDB0008129, HMDB0008160, HMDB0008357, HMDB0011217, HMDB0011244, HMDB0011275, HMDB0011276, HMDB0011308, HMDB0011309, HMDB0013425, HMDB0013429, HMDB0039527","0","3948325.25","4940118528","15","1","false","0.000060602436860790476","C42H81NO11S+H+"
"Pacific Northwest National Laboratory","20201130_jl_lungmap_agarose_1","2020-12-01_22h59m24s","C17H20O11","M+K","","C17H20O11+K+","439.063719353","0.3856352","0.2","0.396093885649374","0.9745581673320275","0.9990121642583067","Sinapinic acid-O-glucuronide isomer, 5-(3',4',5'-Trihydroxyphenyl)-gamma-valerolactone-3'-O-glucuronide, 5-(3',4',5'-Trihydroxyphenyl)-gamma-valerolactone-4'-O-glucuronide, 3,4,5-trihydroxy-6-[2-hydroxy-3,4-dimethoxy-5-(3-oxoprop-1-en-1-yl)phenoxy]oxane-2-carboxylic acid, 3,4,5-trihydroxy-6-[6-hydroxy-2,3-dimethoxy-4-(3-oxoprop-1-en-1-yl)phenoxy]oxane-2-carboxylic acid, 3,4,5-trihydroxy-6-{[4-methoxy-6-(3-oxopropyl)-2H-1,3-benzodioxol-5-yl]oxy}oxane-2-carboxylic acid, 3,4,5-trihydroxy-6-{[5-methoxy-6-(3-oxopropyl)-2H-1,3-benzodioxol-4-yl]oxy}oxane-2-carboxylic acid, 3,4,5-trihydroxy-6-{[6-(3-hydroxyprop-1-en-1-yl)-4-methoxy-2H-1,3-benzodioxol-5-yl]oxy}oxane-2-carboxylic acid, 3,4,5-trihydroxy-6-{[6-(3-hydroxyprop-1-en-1-yl)-5-methoxy-2H-1,3-benzodioxol-4-yl]oxy}oxane-2-carboxylic acid","HMDB0060019, HMDB0059984, HMDB0059986, HMDB0128694, HMDB0128695, HMDB0128700, HMDB0128701, HMDB0128710, HMDB0128712","0","2066332.5","8253235712","9","0","false","0.000020471792595344596",""
"Pacific Northwest National Laboratory","20201130_jl_lungmap_agarose_1","2020-12-01_22h59m24s","C42H72NO8P","M+Na","","C42H72NO8P+Na+","772.4887759469999","0.3857299","0.2","0.4348424425284834","0.8889768117659518","0.9978401285985679","PC(14:1(9Z)/20:5(5Z,8Z,11Z,14Z,17Z)), PC(20:5(5Z,8Z,11Z,14Z,17Z)/14:1(9Z)), PE(15:0/22:6(4Z,7Z,10Z,13Z,16Z,19Z)), PE(22:6(4Z,7Z,10Z,13Z,16Z,19Z)/15:0), PE-NMe(14:0/22:6(4Z,7Z,10Z,13Z,16Z,19Z)), PE-NMe(14:1(9Z)/22:5(4Z,7Z,10Z,13Z,16Z)), PE-NMe(14:1(9Z)/22:5(7Z,10Z,13Z,16Z,19Z)), PE-NMe(16:1(9Z)/20:5(5Z,8Z,11Z,14Z,17Z)), PE-NMe(18:2(9Z,12Z)/18:4(6Z,9Z,12Z,15Z)), PE-NMe(18:3(6Z,9Z,12Z)/18:3(6Z,9Z,12Z)), PE-NMe(18:3(6Z,9Z,12Z)/18:3(9Z,12Z,15Z)), PE-NMe(18:3(9Z,12Z,15Z)/18:3(6Z,9Z,12Z)), PE-NMe(18:3(9Z,12Z,15Z)/18:3(9Z,12Z,15Z)), PE-NMe(18:4(6Z,9Z,12Z,15Z)/18:2(9Z,12Z)), PE-NMe(20:5(5Z,8Z,11Z,14Z,17Z)/16:1(9Z)), PE-NMe(22:5(4Z,7Z,10Z,13Z,16Z)/14:1(9Z)), PE-NMe(22:5(7Z,10Z,13Z,16Z,19Z)/14:1(9Z)), PE-NMe(22:6(4Z,7Z,10Z,13Z,16Z,19Z)/14:0)","HMDB0007918, HMDB0008493, HMDB0008913, HMDB0009681, HMDB0112996, HMDB0113013, HMDB0113014, HMDB0113074, HMDB0113175, HMDB0113201, HMDB0113202, HMDB0113230, HMDB0113231, HMDB0113258, HMDB0113483, HMDB0113621, HMDB0113647, HMDB0113673","0","3441099","12652476416","18","1","false","0.00010560323426034302","C44H70NO8P+H+"
"Pacific Northwest National Laboratory","20201130_jl_lungmap_agarose_1","2020-12-01_22h59m24s","C39H81N2O6P","M+Na","","C39H81N2O6P+Na+","727.572445995","0.39162627","0.2","0.41148475775998733","0.9748274529818673","0.9763157894736842","N-hexadecanoylsphinganine-1-phosphocholine","HMDB0062665","0","3183420.75","41807508","1","0","false","0.0006359959952533245",""
"Pacific Northwest National Laboratory","20201130_jl_lungmap_agarose_1","2020-12-01_22h59m24s","C21H16O10","M+Na","","C21H16O10+Na+","451.063567395","0.39234522","0.2","0.41045096452012697","0.9571076266523378","0.9987258897038848","Theaflavic acid","HMDB0040609","0","1570441.5","6628396032","1","1","false","0.000017746604498825036","C19H18N2O7S2+H+"
"Pacific Northwest National Laboratory","20201130_jl_lungmap_agarose_1","2020-12-01_22h59m24s","C41H80NO8P","M+Na","","C41H80NO8P+Na+","768.5513762029999","0.39884448","0.2","0.43996397422250105","0.907898290586795","0.998502777106979","PC(15:0/18:1(11Z)), PC(15:0/18:1(9Z)), PC(18:1(11Z)/15:0), PC(18:1(9Z)/15:0), PE(14:0/22:1(13Z)), PE(14:1(9Z)/22:0), PE(16:0/20:1(11Z)), PE(16:1(9Z)/20:0), PE(18:0/18:1(11Z)), PE(18:0/18:1(9Z)), PE(18:1(11Z)/18:0), PE(18:1(9Z)/18:0), PE(20:0/16:1(9Z)), PE(20:1(11Z)/16:0), PE(22:0/14:1(9Z)), PE(22:1(13Z)/14:0), PE-NMe2(16:0/18:1(9Z)), PE-NMe(15:0/20:1(11Z)), PE-NMe(20:1(11Z)/15:0), PE-NMe2(14:0/20:1(11Z)), PE-NMe2(14:1(9Z)/20:0), PE-NMe2(16:0/18:1(11Z)), PE-NMe2(16:1(9Z)/18:0), PE-NMe2(18:0/16:1(9Z)), PE-NMe2(18:1(11Z)/16:0), PE-NMe2(18:1(9Z)/16:0), PE-NMe2(20:0/14:1(9Z)), PE-NMe2(20:1(11Z)/14:0)","HMDB0007938, HMDB0007939, HMDB0008066, HMDB0008099, HMDB0008842, HMDB0008874, HMDB0008933, HMDB0008965, HMDB0008992, HMDB0008993, HMDB0009024, HMDB0009057, HMDB0009221, HMDB0009253, HMDB0009482, HMDB0009514, HMDB0010568, HMDB0112963, HMDB0113310, HMDB0113859, HMDB0113861, HMDB0113862, HMDB0113863, HMDB0113989, HMDB0114014, HMDB0114041, HMDB0114182, HMDB0114210","0","4858912.5","18975459328","28","0","false","0.00012016672553727403",""
"Pacific Northwest National Laboratory","20201130_jl_lungmap_agarose_1","2020-12-01_22h59m24s","C18H20O13","M+K","","C18H20O13+K+","483.05354859299996","0.40043014","0.2","0.4210514704802811","0.9521934514382502","0.9987720728063026","6-[3-(6,7-dimethoxy-2H-1,3-benzodioxol-5-yl)oxirane-2-carbonyloxy]-3,4,5-trihydroxyoxane-2-carboxylic acid, 6-{[(2Z)-3-(6,7-dimethoxy-2H-1,3-benzodioxol-5-yl)-2-hydroxyprop-2-enoyl]oxy}-3,4,5-trihydroxyoxane-2-carboxylic acid","HMDB0128722, HMDB0128729","0","1995559.125","7073892352","2","1","false","0.00001546839121147059","C21H16O12+Na+"
"Pacific Northwest National Laboratory","20201130_jl_lungmap_agarose_1","2020-12-01_22h59m24s","C20H14O8","M+Na","","C20H14O8+Na+","405.058088091","0.40225497","0.2","0.4163761843606336","0.9671155224075326","0.9989348947441795","(+)-12a-Hydroxypachyrrhizone","HMDB0030774","0","1288728.25","5561399808","1","2","false","0.000022566095140064135","C17H18O9+K+, C15H18O11S+H+"
"Pacific Northwest National Laboratory","20201130_jl_lungmap_agarose_1","2020-12-01_22h59m24s","C41H72NO7P","M+Na","","C41H72NO7P+Na+","744.4938613269999","0.40571132","0.2","0.4368705342510812","0.9302211035422933","0.998339330934293","PE(18:4(6Z,9Z,12Z,15Z)/P-18:1(11Z)), PE(18:4(6Z,9Z,12Z,15Z)/P-18:1(9Z)), PE(20:5(5Z,8Z,11Z,14Z,17Z)/P-16:0), PE(P-16:0/20:5(5Z,8Z,11Z,14Z,17Z)), PE(P-18:1(11Z)/18:4(6Z,9Z,12Z,15Z)), PE(P-18:1(9Z)/18:4(6Z,9Z,12Z,15Z))","HMDB0009215, HMDB0009216, HMDB0009477, HMDB0011354, HMDB0011412, HMDB0011445","0","11263473","47345098752","6","2","false","0.00015935678675305098","C38H76NO8P+K+, C38H75O10P+Na+"
"Pacific Northwest National Laboratory","20201130_jl_lungmap_agarose_1","2020-12-01_22h59m24s","C46H86NO7P","M+Na","","C46H86NO7P+Na+","818.6034117749999","0.40587157","0.2","0.47702718987583625","0.8623330846244337","0.9866666666666667","PC(20:2(11Z,14Z)/P-18:1(11Z)), PC(20:2(11Z,14Z)/P-18:1(9Z)), PC(20:3(5Z,8Z,11Z)/P-18:0), PC(20:3(8Z,11Z,14Z)/P-18:0), PC(P-18:0/20:3(5Z,8Z,11Z)), PC(P-18:0/20:3(8Z,11Z,14Z)), PC(P-18:1(11Z)/20:2(11Z,14Z)), PC(P-18:1(9Z)/20:2(11Z,14Z)), PC(o-18:0/20:4(8Z,11Z,14Z,17Z))","HMDB0008359, HMDB0008360, HMDB0008391, HMDB0008423, HMDB0011251, HMDB0011252, HMDB0011283, HMDB0011316, HMDB0013420","0","3466531.5","134366528","9","0","false","0.0011540601262822747",""
"Pacific Northwest National Laboratory","20201130_jl_lungmap_agarose_1","2020-12-01_22h59m24s","C12H14N4O2S","M+K","","C12H14N4O2S+K+","317.046904751","0.40752542","0.2","0.4263739745816181","0.9581856070809818","0.9975033629270917","Sulfamethazine","HMDB0015522","0","5297048","2787467008","1","1","false","0.00006951017712708563","C14H14O5S+Na+"
"Pacific Northwest National Laboratory","20201130_jl_lungmap_agarose_1","2020-12-01_22h59m24s","C14H12O7","M+Na","","C14H12O7+Na+","315.047523407","0.4113626","0.2","0.41732266071125534","0.9869540838373513","0.9987478687127025","Cordeauxione","HMDB0034310","0","2385294.5","10192563200","1","2","false","0.00003415899118408561","C11H16O8+K+, C15H13ClFNO2+Na+"
"Pacific Northwest National Laboratory","20201130_jl_lungmap_agarose_1","2020-12-01_22h59m24s","C39H78NO8P","M+K","","C39H78NO8P+K+","758.509663349","0.41176426","0.2","0.4434813247623729","0.9303661658669965","0.9979744245524297","PC(15:0/16:0), PC(16:0/15:0), PE(14:0/20:0), PE(16:0/18:0), PE(18:0/16:0), PE(20:0/14:0), PE-NMe2(16:0/16:0), PE-NMe(15:0/18:0), PE-NMe(18:0/15:0), PE-NMe2(14:0/18:0), PE-NMe2(18:0/14:0)","HMDB0007935, HMDB0007967, HMDB0008833, HMDB0008925, HMDB0008989, HMDB0009217, HMDB0010566, HMDB0113019, HMDB0113086, HMDB0113860, HMDB0113985","0","2888663.5","11116623872","11","0","false","0.00004349164373707026",""
"Pacific Northwest National Laboratory","20201130_jl_lungmap_agarose_1","2020-12-01_22h59m24s","C40H78NO7P","M+K","","C40H78NO7P+K+","754.514748729","0.41245493","0.2","0.460063500223817","0.897823527050859","0.9985452499598135","PC(14:0/P-18:1(11Z)), PC(14:0/P-18:1(9Z)), PC(14:1(9Z)/P-18:0), PC(16:1(9Z)/P-16:0), PC(P-16:0/16:1(9Z)), PC(P-18:0/14:1(9Z)), PC(P-18:1(11Z)/14:0), PC(P-18:1(9Z)/14:0), PC(o-16:1(9Z)/16:1(9Z))","HMDB0007897, HMDB0007898, HMDB0007929, HMDB0008027, HMDB0011207, HMDB0011237, HMDB0011269, HMDB0011302, HMDB0013411","0","3817834.75","13362888704","9","0","false","0.0002768889826256782",""
"Pacific Northwest National Laboratory","20201130_jl_lungmap_agarose_1","2020-12-01_22h59m24s","C34H28O22","M+Na","","C34H28O22+Na+","811.096443219","0.43470982","0.2","0.4894472440722711","0.8894051367008238","0.9986054547698383","2,3,4,6-Tetragalloyl-D-glucopyranose, 1,2,3,6-Tetragalloyl-beta-D-glucopyranose, 1,2,4,6-Tetragalloyl-beta-D-glucopyranose, 1,2',3,5-Tetra-O-galloylhamamelofuranose","HMDB0039186, HMDB0039188, HMDB0039191, HMDB0039371","0","3453288.75","11673379840","4","0","false","0.0006494669360108674",""
"Pacific Northwest National Laboratory","20201130_jl_lungmap_agarose_1","2020-12-01_22h59m24s","C49H82O3","M+K","","C49H82O3+K+","757.589554377","0.43715593","0.2","0.4957187641362924","0.8833594629349887","0.9983057208728755","CE(DiMe(11,5)), CE(13D3)","HMDB0061668, HMDB0112207","0","3497874.25","12941333504","2","0","false","0.0002467830490786582",""
"Pacific Northwest National Laboratory","20201130_jl_lungmap_agarose_1","2020-12-01_22h59m24s","C10H12N4O5","M+K","","C10H12N4O5+K+","307.043927377","0.43960443","0.2","0.4497487345919504","0.979230323679099","0.9981763323721029","Inosine, Allopurinol riboside, Arabinosylhypoxanthine","HMDB0000195, HMDB0000481, HMDB0003040","0","1980299.125","10414287872","3","0","false","0.00006111324910307303",""
"Pacific Northwest National Laboratory","20201130_jl_lungmap_agarose_1","2020-12-01_22h59m24s","C24H30O13","M+H","","C24H30O13+H+","527.175917455","0.44678822","0.2","0.4774027110662667","0.9366951438770126","0.9991221048137474","Demethyloleuropein","HMDB0036121","0","1549974.375","6264759808","1","0","false","0.00043125805677846074",""
"Pacific Northwest National Laboratory","20201130_jl_lungmap_agarose_1","2020-12-01_22h59m24s","C30H22O11","M+H","","C30H22O11+H+","559.1234879589999","0.45517012","0.2","0.4977429610483659","0.9163650374981769","0.9979300917789494","Deoxyrubroskyrin, Dihydromorelloflavone","HMDB0030866, HMDB0038392","0","3286865.75","10137403392","2","0","false","0.000289656687527895",""
"Pacific Northwest National Laboratory","20201130_jl_lungmap_agarose_1","2020-12-01_22h59m24s","C26H54NO7P","M+K","","C26H54NO7P+K+","562.326947961","0.45745885","0.2","0.48902532502889295","0.9375410199025365","0.997769917466734","LysoPC(18:0), LysoPC(0:0/18:0), 2-acetyl-1-alkyl-sn-glycero-3-phosphocholine","HMDB0010384, HMDB0011128, HMDB0062195","0","1731561.375","3892598784","3","0","false","0.000052585688536055386",""
"Pacific Northwest National Laboratory","20201130_jl_lungmap_agarose_1","2020-12-01_22h59m24s","C16H20N4O4S","M+K","","C16H20N4O4S+K+","403.083684183","0.45827958","0.2","0.47937129436999093","0.9572976314138708","0.9986458107031646","hydroxytorsemide","HMDB0060982","0","35511576","90867671040","1","0","false","0.00013894222502131015",""
"Pacific Northwest National Laboratory","20201130_jl_lungmap_agarose_1","2020-12-01_22h59m24s","C16H22O8","M+K","","C16H22O8+K+","381.094625557","0.46091402","0.2","0.48014957585753454","0.9607292046772273","0.9991768560696875","Sphalleroside A, Coniferin, 3-Hydroxy-3-(3,4-dihydroxy-4-methylpentanoyl)-5-(3-methylbutyl)-1,2,4-cyclopentanetrione, 4-Hydroxy-3-(2-hydroxyethyl)acetophenone 4-glucoside, Citrusin D, Veranisatin A, Myzodendrone, 3,4,5-trihydroxy-6-[3-(4-methoxyphenyl)propoxy]oxane-2-carboxylic acid","HMDB0032767, HMDB0013682, HMDB0030107, HMDB0037552, HMDB0039334, HMDB0040663, HMDB0041273, HMDB0135749","0","4050677.5","18185805824","8","1","false","0.000904773420188576","C19H18O7+Na+"
"Pacific Northwest National Laboratory","20201130_jl_lungmap_agarose_1","2020-12-01_22h59m24s","C16H14O2","M+K","","C16H14O2+K+","277.062537581","0.46435538","0.2","0.48399436332400086","0.9604552240234365","0.9989254192997894","4'-Methoxychalcone, Cinnamyl benzoate, Benzyl cinnamate","HMDB0032585, HMDB0029700, HMDB0040286","0","4341767","24551168000","3","2","false","0.00003986581941717304","C11H14N2O3S+Na+, C8H18N2O4S+K+"
"Pacific Northwest National Laboratory","20201130_jl_lungmap_agarose_1","2020-12-01_22h59m24s","C22H28O11S","M+K","","C22H28O11S+K+","539.0983907789999","0.4650187","0.2","0.49476174167620934","0.9405176443847074","0.9993264080506411","Lyoniresinol 9'-sulfate","HMDB0039926","0","2440896.25","7831806976","1","1","false","0.00015667131810914725","C30H18O10+H+"
"Pacific Northwest National Laboratory","20201130_jl_lungmap_agarose_1","2020-12-01_22h59m24s","C48H82NO7P","M+H","","C48H82NO7P+H+","816.5901673989999","0.46532342","0.2","0.5471529725725827","0.8619867598157972","0.9866100895803867","PC(22:6(4Z,7Z,10Z,13Z,16Z,19Z)/P-18:1(11Z)), PC(22:6(4Z,7Z,10Z,13Z,16Z,19Z)/P-18:1(9Z)), PC(P-18:1(11Z)/22:6(4Z,7Z,10Z,13Z,16Z,19Z)), PC(P-18:1(9Z)/22:6(4Z,7Z,10Z,13Z,16Z,19Z))","HMDB0008753, HMDB0008754, HMDB0011295, HMDB0011328","0","6020960","809335360","4","1","false","0.00016094739839900285","C46H84NO7P+Na+"
"Pacific Northwest National Laboratory","20201130_jl_lungmap_agarose_1","2020-12-01_22h59m24s","C20H16O9","M+Na","","C20H16O9+Na+","423.06865277500003","0.4656505","0.2","0.4784439090959552","0.9742927449324794","0.998940379403794","Theaflagallin, 15,16-dihydroxy-11,17,18-trimethoxy-6,8,20-trioxapentacyclo[10.8.0.0²,⁹.0³,⁷.0¹⁴,¹⁹]icosa-1(12),2(9),4,10,14,16,18-heptaen-13-one","HMDB0033287, HMDB0128899","0","1699581.875","7571442688","2","2","false","0.000012591277481988072","C17H20O10+K+, C15H21NO9S2+H+"
"Pacific Northwest National Laboratory","20201130_jl_lungmap_agarose_1","2020-12-01_22h59m24s","C37H66O4","M+H","","C37H66O4+H+","575.5033870269999","0.46675423","0.2","0.4944617147097935","0.9449953736960633","0.9989089839729451","Montecristin","HMDB0029795","0","2375477.5","3975210496","1","0","false","0.00014217443822417408",""
"Pacific Northwest National Laboratory","20201130_jl_lungmap_agarose_1","2020-12-01_22h59m24s","C59H104O6","M+Na","","C59H104O6+Na+","931.7725117309999","0.46799943","0.2","0.5500564264361326","0.8801593937956524","0.9666666666666667","TG(16:0/20:1(11Z)/20:4(5Z,8Z,11Z,14Z)), TG(18:0/18:1(9Z)/20:4(5Z,8Z,11Z,14Z)), TG(16:1(9Z)/20:0/20:4(5Z,8Z,11Z,14Z)), TG(18:2(9Z,12Z)/18:2(9Z,12Z)/20:1(11Z)), TG(18:1(9Z)/18:1(9Z)/20:3(5Z,8Z,11Z)), TG(18:1(9Z)/18:1(9Z)/20:3(8Z,11Z,14Z)), TG(18:2(9Z,12Z)/18:1(9Z)/20:2(11Z,14Z)), TG(14:0/20:0/22:5(4Z,7Z,10Z,13Z,16Z)), TG(14:0/20:0/22:5(7Z,10Z,13Z,16Z,19Z)), TG(14:0/22:0/20:5(5Z,8Z,11Z,14Z,17Z)), TG(14:0/20:1(11Z)/22:4(7Z,10Z,13Z,16Z)), TG(14:0/20:3(5Z,8Z,11Z)/22:2(13Z,16Z)), TG(14:0/22:1(13Z)/20:4(5Z,8Z,11Z,14Z)), TG(14:0/22:1(13Z)/20:4(8Z,11Z,14Z,17Z)), TG(14:0/24:1(15Z)/18:4(6Z,9Z,12Z,15Z)), TG(14:0/20:3n6/22:2(13Z,16Z)), TG(14:0/20:4(5Z,8Z,11Z,14Z)/22:1(13Z)), TG(14:0/22:2(13Z,16Z)/20:3(5Z,8Z,11Z)), TG(14:0/22:2(13Z,16Z)/20:3n6), TG(14:0/22:4(7Z,10Z,13Z,16Z)/20:1(11Z)), TG(14:0/22:5(4Z,7Z,10Z,13Z,16Z)/20:0), TG(14:0/18:4(6Z,9Z,12Z,15Z)/24:1(15Z)), TG(14:0/20:4(8Z,11Z,14Z,17Z)/22:1(13Z)), TG(14:0/20:5(5Z,8Z,11Z,14Z,17Z)/22:0), TG(14:0/22:5(7Z,10Z,13Z,16Z,19Z)/20:0), TG(16:0/18:0/22:5(4Z,7Z,10Z,13Z,16Z)), TG(16:0/18:0/22:5(7Z,10Z,13Z,16Z,19Z)), TG(16:0/20:0/20:5(5Z,8Z,11Z,14Z,17Z)), TG(16:0/18:1(11Z)/22:4(7Z,10Z,13Z,16Z)), TG(16:0/18:1(9Z)/22:4(7Z,10Z,13Z,16Z)), TG(16:0/20:1(11Z)/20:4(8Z,11Z,14Z,17Z)), TG(16:0/20:3(5Z,8Z,11Z)/20:2n6), TG(16:0/22:1(13Z)/18:4(6Z,9Z,12Z,15Z)), TG(16:0/18:3(6Z,9Z,12Z)/22:2(13Z,16Z)), TG(16:0/20:2n6/20:3(5Z,8Z,11Z)), TG(16:0/20:2n6/20:3n6), TG(16:0/20:3n6/20:2n6), TG(16:0/20:4(5Z,8Z,11Z,14Z)/20:1(11Z)), TG(16:0/22:2(13Z,16Z)/18:3(6Z,9Z,12Z)), TG(16:0/22:2(13Z,16Z)/18:3(9Z,12Z,15Z)), TG(16:0/22:4(7Z,10Z,13Z,16Z)/18:1(11Z)), TG(16:0/22:4(7Z,10Z,13Z,16Z)/18:1(9Z)), TG(16:0/22:5(4Z,7Z,10Z,13Z,16Z)/18:0), TG(16:0/18:3(9Z,12Z,15Z)/22:2(13Z,16Z)), TG(16:0/18:4(6Z,9Z,12Z,15Z)/22:1(13Z)), TG(16:0/20:4(8Z,11Z,14Z,17Z)/20:1(11Z)), TG(16:0/20:5(5Z,8Z,11Z,14Z,17Z)/20:0), TG(16:0/22:5(7Z,10Z,13Z,16Z,19Z)/18:0), TG(18:0/16:0/22:5(4Z,7Z,10Z,13Z,16Z)), TG(18:0/16:0/22:5(7Z,10Z,13Z,16Z,19Z))","HMDB0005387, HMDB0005406, HMDB0005429, HMDB0005473, HMDB0010462, HMDB0010463, HMDB0010484, HMDB0042203, HMDB0042208, HMDB0042237, HMDB0042412, HMDB0042441, HMDB0042470, HMDB0042476, HMDB0042505, HMDB0042621, HMDB0042644, HMDB0042673, HMDB0042679, HMDB0042702, HMDB0042725, HMDB0042795, HMDB0042824, HMDB0042846, HMDB0042875, HMDB0043933, HMDB0043938, HMDB0043965, HMDB0044100, HMDB0044128, HMDB0044160, HMDB0044180, HMDB0044215, HMDB0044295, HMDB0044315, HMDB0044321, HMDB0044348, HMDB0044370, HMDB0044403, HMDB0044410, HMDB0044424, HMDB0044425, HMDB0044446, HMDB0044491, HMDB0044512, HMDB0044538, HMDB0044559, HMDB0044586, HMDB0044741, HMDB0044746","0","2761824","47547140","50","0","false","0.05928344279527664",""
"Pacific Northwest National Laboratory","20201130_jl_lungmap_agarose_1","2020-12-01_22h59m24s","C21H16O12","M+Na","","C21H16O12+Na+","483.053396635","0.46925053","0.2","0.4943968567413445","0.9503042776241212","0.9987720728063026","6-({13,14-dihydroxy-9-oxo-8,17-dioxatetracyclo[8.7.0.0²,⁷.0¹¹,¹⁶]heptadeca-1(10),2(7),3,5,11(16),12,14-heptaen-5-yl}oxy)-3,4,5-trihydroxyoxane-2-carboxylic acid, 6-({5,13-dihydroxy-9-oxo-8,17-dioxatetracyclo[8.7.0.0²,⁷.0¹¹,¹⁶]heptadeca-1(10),2(7),3,5,11,13,15-heptaen-14-yl}oxy)-3,4,5-trihydroxyoxane-2-carboxylic acid, 6-({5,14-dihydroxy-9-oxo-8,17-dioxatetracyclo[8.7.0.0²,⁷.0¹¹,¹⁶]heptadeca-1(10),2(7),3,5,11,13,15-heptaen-13-yl}oxy)-3,4,5-trihydroxyoxane-2-carboxylic acid","HMDB0128488, HMDB0128489, HMDB0128490","0","1995559.125","7073892352","3","2","false","0.00001546839121147059","C18H20O13+K+, C19H14ClF5N4O2+Na+"
"Pacific Northwest National Laboratory","20201130_jl_lungmap_agarose_1","2020-12-01_22h59m24s","C46H84NO8P","M+K","","C46H84NO8P+K+","848.5566135409999","0.4743772","0.2","0.5349418309034439","0.8893823419485147","0.9970770749594527","PC(16:0/22:4(7Z,10Z,13Z,16Z)), PC(18:0/20:4(5Z,8Z,11Z,14Z)), PC(18:0/20:4(8Z,11Z,14Z,17Z)), PC(18:1(11Z)/20:3(5Z,8Z,11Z)), PC(18:1(11Z)/20:3(8Z,11Z,14Z)), PC(18:1(9Z)/20:3(5Z,8Z,11Z)), PC(18:1(9Z)/20:3(8Z,11Z,14Z)), PC(18:2(9Z,12Z)/20:2(11Z,14Z)), PC(18:3(6Z,9Z,12Z)/20:1(11Z)), PC(18:3(9Z,12Z,15Z)/20:1(11Z)), PC(18:4(6Z,9Z,12Z,15Z)/20:0), PC(20:0/18:4(6Z,9Z,12Z,15Z)), PC(20:1(11Z)/18:3(6Z,9Z,12Z)), PC(20:1(11Z)/18:3(9Z,12Z,15Z)), PC(20:2(11Z,14Z)/18:2(9Z,12Z)), PC(20:3(5Z,8Z,11Z)/18:1(11Z)), PC(20:3(5Z,8Z,11Z)/18:1(9Z)), PC(20:3(8Z,11Z,14Z)/18:1(11Z)), PC(20:3(8Z,11Z,14Z)/18:1(9Z)), PC(20:4(5Z,8Z,11Z,14Z)/18:0), PC(20:4(8Z,11Z,14Z,17Z)/18:0), PC(22:4(7Z,10Z,13Z,16Z)/16:0), PE-NMe(18:0/22:4(7Z,10Z,13Z,16Z)), PE-NMe(18:2(9Z,12Z)/22:2(13Z,16Z)), PE-NMe(18:3(6Z,9Z,12Z)/22:1(13Z)), PE-NMe(18:3(9Z,12Z,15Z)/22:1(13Z)), PE-NMe(18:4(6Z,9Z,12Z,15Z)/22:0), PE-NMe(20:0/20:4(5Z,8Z,11Z,14Z)), PE-NMe(20:0/20:4(8Z,11Z,14Z,17Z)), PE-NMe(20:1(11Z)/20:3(5Z,8Z,11Z)), PE-NMe(20:1(11Z)/20:3(8Z,11Z,14Z)), PE-NMe(20:2(11Z,14Z)/20:2(11Z,14Z)), PE-NMe(20:3(5Z,8Z,11Z)/20:1(11Z)), PE-NMe(20:3(8Z,11Z,14Z)/20:1(11Z)), PE-NMe(20:4(5Z,8Z,11Z,14Z)/20:0), PE-NMe(20:4(8Z,11Z,14Z,17Z)/20:0), PE-NMe(22:0/18:4(6Z,9Z,12Z,15Z)), PE-NMe(22:1(13Z)/18:3(6Z,9Z,12Z)), PE-NMe(22:1(13Z)/18:3(9Z,12Z,15Z)), PE-NMe(22:2(13Z,16Z)/18:2(9Z,12Z)), PE-NMe(22:4(7Z,10Z,13Z,16Z)/18:0)","HMDB0007988, HMDB0008048, HMDB0008049, HMDB0008079, HMDB0008080, HMDB0008112, HMDB0008113, HMDB0008145, HMDB0008176, HMDB0008209, HMDB0008241, HMDB0008273, HMDB0008304, HMDB0008305, HMDB0008336, HMDB0008367, HMDB0008368, HMDB0008400, HMDB0008401, HMDB0008431, HMDB0008464, HMDB0008626, HMDB0113104, HMDB0113186, HMDB0113213, HMDB0113242, HMDB0113270, HMDB0113296, HMDB0113297, HMDB0113323, HMDB0113324, HMDB0113351, HMDB0113379, HMDB0113407, HMDB0113434, HMDB0113462, HMDB0113519, HMDB0113544, HMDB0113545, HMDB0113571, HMDB0113597","0","6019568","13209925632","41","0","false","0.000055939628509804606",""
"Pacific Northwest National Laboratory","20201130_jl_lungmap_agarose_1","2020-12-01_22h59m24s","C53H96O6","M+K","","C53H96O6+K+","867.6838486849999","0.47498536","0.2","0.5705776601472655","0.8858991903534192","0.9396825396825397","TG(16:0/16:1(9Z)/18:2(9Z,12Z)), TG(16:1(9Z)/16:1(9Z)/18:1(9Z)), TG(16:0/16:0/18:3(9Z,12Z,15Z)), TG(18:1(11Z)/14:0/18:2(9Z,12Z)), TG(18:1(9Z)/14:0/18:2(9Z,12Z)), 15-Oleoylsolamin, TG(14:0/16:0/20:3(5Z,8Z,11Z)), TG(14:0/16:0/20:3n6), TG(14:0/18:0/18:3(6Z,9Z,12Z)), TG(14:0/18:0/18:3(9Z,12Z,15Z)), TG(14:0/14:1(9Z)/22:2(13Z,16Z)), TG(14:0/16:1(9Z)/20:2n6), TG(14:0/18:1(11Z)/18:2(9Z,12Z)), TG(14:0/18:1(9Z)/18:2(9Z,12Z)), TG(14:0/20:3(5Z,8Z,11Z)/16:0), TG(14:0/18:2(9Z,12Z)/18:1(11Z)), TG(14:0/18:2(9Z,12Z)/18:1(9Z)), TG(14:0/18:3(6Z,9Z,12Z)/18:0), TG(14:0/20:2n6/16:1(9Z)), TG(14:0/20:3n6/16:0), TG(14:0/22:2(13Z,16Z)/14:1(9Z)), TG(14:0/18:3(9Z,12Z,15Z)/18:0), TG(15:0/15:0/20:3(5Z,8Z,11Z)), TG(15:0/15:0/20:3n6), TG(15:0/20:3(5Z,8Z,11Z)/15:0), TG(15:0/20:3n6/15:0), TG(16:0/14:0/20:3(5Z,8Z,11Z)), TG(16:0/14:0/20:3n6), TG(16:0/16:0/18:3(6Z,9Z,12Z)), TG(16:0/14:1(9Z)/20:2n6), TG(16:0/18:2(9Z,12Z)/16:1(9Z)), TG(16:0/18:3(6Z,9Z,12Z)/16:0), TG(16:0/20:2n6/14:1(9Z)), TG(16:0/18:3(9Z,12Z,15Z)/16:0), TG(18:0/14:0/18:3(6Z,9Z,12Z)), TG(18:0/14:0/18:3(9Z,12Z,15Z)), TG(18:0/14:1(9Z)/18:2(9Z,12Z)), TG(18:0/18:2(9Z,12Z)/14:1(9Z)), TG(14:1(9Z)/14:0/22:2(13Z,16Z)), TG(14:1(9Z)/16:0/20:2n6), TG(14:1(9Z)/18:0/18:2(9Z,12Z)), TG(14:1(9Z)/14:1(9Z)/22:1(13Z)), TG(14:1(9Z)/16:1(9Z)/20:1(11Z)), TG(14:1(9Z)/18:1(11Z)/18:1(11Z)), TG(14:1(9Z)/18:1(11Z)/18:1(9Z)), TG(14:1(9Z)/18:1(9Z)/18:1(11Z)), TG(14:1(9Z)/18:1(9Z)/18:1(9Z)), TG(14:1(9Z)/20:1(11Z)/16:1(9Z)), TG(14:1(9Z)/22:1(13Z)/14:1(9Z)), TG(16:1(9Z)/14:1(9Z)/20:1(11Z))","HMDB0005379, HMDB0005433, HMDB0010417, HMDB0010436, HMDB0010449, HMDB0036342, HMDB0042133, HMDB0042139, HMDB0042167, HMDB0042174, HMDB0042291, HMDB0042318, HMDB0042346, HMDB0042376, HMDB0042423, HMDB0042520, HMDB0042521, HMDB0042544, HMDB0042579, HMDB0042603, HMDB0042668, HMDB0042754, HMDB0043000, HMDB0043006, HMDB0043308, HMDB0043482, HMDB0043839, HMDB0043845, HMDB0043899, HMDB0044040, HMDB0044255, HMDB0044277, HMDB0044310, HMDB0044473, HMDB0044681, HMDB0044688, HMDB0044869, HMDB0045077, HMDB0047737, HMDB0047780, HMDB0047801, HMDB0047891, HMDB0047912, HMDB0047933, HMDB0047934, HMDB0047956, HMDB0047957, HMDB0047978, HMDB0048023, HMDB0048570","0","2908871.25","37115656","50","0","false","0.2681465148925781",""
"Pacific Northwest National Laboratory","20201130_jl_lungmap_agarose_1","2020-12-01_22h59m24s","C42H84NO8P","M+K","","C42H84NO8P+K+","800.5566135409999","0.47634757","0.2","0.4994451859221608","0.9567110585447564","0.9969085872576178","PC(14:0/20:0), PC(16:0/18:0), PC(18:0/16:0), PC(20:0/14:0), PE(15:0/22:0), PE(22:0/15:0), PE-NMe(18:0/18:0), PE-NMe(14:0/22:0), PE-NMe(16:0/20:0), PE-NMe(20:0/16:0), PE-NMe(22:0/14:0), PE-NMe2(15:0/20:0), PE-NMe2(20:0/15:0)","HMDB0007878, HMDB0007970, HMDB0008034, HMDB0008262, HMDB0008907, HMDB0009483, HMDB0112975, HMDB0112990, HMDB0113046, HMDB0113282, HMDB0113508, HMDB0113924, HMDB0114183","0","6748644","17875849216","13","1","false","0.000034761214919853956","C45H80NO7P+Na+"
"Pacific Northwest National Laboratory","20201130_jl_lungmap_agarose_1","2020-12-01_22h59m24s","C39H71O8P","M+K","","C39H71O8P+K+","737.4518141249999","0.4850115","0.2","0.5227323870895764","0.9297114333891068","0.9979859894921191","PA(14:1(9Z)/22:2(13Z,16Z)), PA(16:0/20:3(5Z,8Z,11Z)), PA(18:0/18:3(6Z,9Z,12Z)), PA(18:0/18:3(9Z,12Z,15Z)), PA(18:1(11Z)/18:2(9Z,12Z)), PA(18:1(9Z)/18:2(9Z,12Z)), PA(18:2(9Z,12Z)/18:1(11Z)), PA(18:2(9Z,12Z)/18:1(9Z)), PA(18:3(6Z,9Z,12Z)/18:0), PA(18:3(9Z,12Z,15Z)/18:0), PA(20:3(5Z,8Z,11Z)/16:0), PA(22:2(13Z,16Z)/14:1(9Z)), PA(16:0/20:3(8Z,11Z,14Z)), PA(16:1(9Z)/20:2(11Z,14Z)), PA(20:2(11Z,14Z)/16:1(9Z)), PA(20:3(8Z,11Z,14Z)/16:0)","HMDB0114805, HMDB0114840, HMDB0114878, HMDB0114879, HMDB0114902, HMDB0114927, HMDB0114952, HMDB0114953, HMDB0114978, HMDB0115005, HMDB0115121, HMDB0115297, HMDB0115511, HMDB0115512, HMDB0115536, HMDB0115564","0","3258853.5","11947833344","16","0","false","0.00004510386861511506",""
"Pacific Northwest National Laboratory","20201130_jl_lungmap_agarose_1","2020-12-01_22h59m24s","C57H94O6","M+H","","C57H94O6+H+","875.712317163","0.4931521","0.2","0.57377393263884","0.9100466695909828","0.9444444444444444","TG(18:3(9Z,12Z,15Z)/18:2(9Z,12Z)/18:3(9Z,12Z,15Z)), TG(20:4(5Z,8Z,11Z,14Z)/14:0/20:4(5Z,8Z,11Z,14Z)), TG(14:0/20:3(5Z,8Z,11Z)/20:5(5Z,8Z,11Z,14Z,17Z)), TG(14:0/18:2(9Z,12Z)/22:6(4Z,7Z,10Z,13Z,16Z,19Z)), TG(14:0/18:3(6Z,9Z,12Z)/22:5(4Z,7Z,10Z,13Z,16Z)), TG(14:0/18:3(6Z,9Z,12Z)/22:5(7Z,10Z,13Z,16Z,19Z)), TG(14:0/20:3n6/20:5(5Z,8Z,11Z,14Z,17Z)), TG(14:0/20:4(5Z,8Z,11Z,14Z)/20:4(5Z,8Z,11Z,14Z)), TG(14:0/20:4(5Z,8Z,11Z,14Z)/20:4(8Z,11Z,14Z,17Z)), TG(14:0/22:4(7Z,10Z,13Z,16Z)/18:4(6Z,9Z,12Z,15Z)), TG(14:0/22:5(4Z,7Z,10Z,13Z,16Z)/18:3(6Z,9Z,12Z)), TG(14:0/22:5(4Z,7Z,10Z,13Z,16Z)/18:3(9Z,12Z,15Z)), TG(14:0/18:3(9Z,12Z,15Z)/22:5(4Z,7Z,10Z,13Z,16Z)), TG(14:0/18:3(9Z,12Z,15Z)/22:5(7Z,10Z,13Z,16Z,19Z)), TG(14:0/18:4(6Z,9Z,12Z,15Z)/22:4(7Z,10Z,13Z,16Z)), TG(14:0/20:4(8Z,11Z,14Z,17Z)/20:4(5Z,8Z,11Z,14Z)), TG(14:0/20:4(8Z,11Z,14Z,17Z)/20:4(8Z,11Z,14Z,17Z)), TG(14:0/20:5(5Z,8Z,11Z,14Z,17Z)/20:3(5Z,8Z,11Z)), TG(14:0/20:5(5Z,8Z,11Z,14Z,17Z)/20:3n6), TG(14:0/22:5(7Z,10Z,13Z,16Z,19Z)/18:3(6Z,9Z,12Z)), TG(14:0/22:5(7Z,10Z,13Z,16Z,19Z)/18:3(9Z,12Z,15Z)), TG(14:0/22:6(4Z,7Z,10Z,13Z,16Z,19Z)/18:2(9Z,12Z)), TG(16:0/18:3(6Z,9Z,12Z)/20:5(5Z,8Z,11Z,14Z,17Z)), TG(16:0/20:4(5Z,8Z,11Z,14Z)/18:4(6Z,9Z,12Z,15Z)), TG(16:0/18:3(9Z,12Z,15Z)/20:5(5Z,8Z,11Z,14Z,17Z)), TG(16:0/18:4(6Z,9Z,12Z,15Z)/20:4(5Z,8Z,11Z,14Z)), TG(16:0/18:4(6Z,9Z,12Z,15Z)/20:4(8Z,11Z,14Z,17Z)), TG(16:0/20:4(8Z,11Z,14Z,17Z)/18:4(6Z,9Z,12Z,15Z)), TG(16:0/20:5(5Z,8Z,11Z,14Z,17Z)/18:3(6Z,9Z,12Z)), TG(16:0/20:5(5Z,8Z,11Z,14Z,17Z)/18:3(9Z,12Z,15Z)), TG(18:0/18:4(6Z,9Z,12Z,15Z)/18:4(6Z,9Z,12Z,15Z)), TG(14:1(9Z)/18:1(11Z)/22:6(4Z,7Z,10Z,13Z,16Z,19Z)), TG(14:1(9Z)/18:1(9Z)/22:6(4Z,7Z,10Z,13Z,16Z,19Z)), TG(14:1(9Z)/20:3(5Z,8Z,11Z)/20:4(5Z,8Z,11Z,14Z)), TG(14:1(9Z)/20:3(5Z,8Z,11Z)/20:4(8Z,11Z,14Z,17Z)), TG(14:1(9Z)/18:2(9Z,12Z)/22:5(4Z,7Z,10Z,13Z,16Z)), TG(14:1(9Z)/18:2(9Z,12Z)/22:5(7Z,10Z,13Z,16Z,19Z)), TG(14:1(9Z)/18:3(6Z,9Z,12Z)/22:4(7Z,10Z,13Z,16Z)), TG(14:1(9Z)/20:2n6/20:5(5Z,8Z,11Z,14Z,17Z)), TG(14:1(9Z)/20:3n6/20:4(5Z,8Z,11Z,14Z)), TG(14:1(9Z)/20:3n6/20:4(8Z,11Z,14Z,17Z)), TG(14:1(9Z)/20:4(5Z,8Z,11Z,14Z)/20:3(5Z,8Z,11Z)), TG(14:1(9Z)/20:4(5Z,8Z,11Z,14Z)/20:3n6), TG(14:1(9Z)/22:4(7Z,10Z,13Z,16Z)/18:3(6Z,9Z,12Z)), TG(14:1(9Z)/22:4(7Z,10Z,13Z,16Z)/18:3(9Z,12Z,15Z)), TG(14:1(9Z)/22:5(4Z,7Z,10Z,13Z,16Z)/18:2(9Z,12Z)), TG(14:1(9Z)/18:3(9Z,12Z,15Z)/22:4(7Z,10Z,13Z,16Z)), TG(14:1(9Z)/20:4(8Z,11Z,14Z,17Z)/20:3(5Z,8Z,11Z)), TG(14:1(9Z)/20:4(8Z,11Z,14Z,17Z)/20:3n6), TG(14:1(9Z)/20:5(5Z,8Z,11Z,14Z,17Z)/20:2n6)","HMDB0010507, HMDB0010518, HMDB0042447, HMDB0042539, HMDB0042563, HMDB0042568, HMDB0042627, HMDB0042650, HMDB0042656, HMDB0042715, HMDB0042737, HMDB0042744, HMDB0042773, HMDB0042778, HMDB0042802, HMDB0042830, HMDB0042836, HMDB0042853, HMDB0042859, HMDB0042887, HMDB0042894, HMDB0042916, HMDB0044301, HMDB0044383, HMDB0044497, HMDB0044518, HMDB0044524, HMDB0044551, HMDB0044571, HMDB0044578, HMDB0045337, HMDB0047952, HMDB0047975, HMDB0048012, HMDB0048018, HMDB0048084, HMDB0048089, HMDB0048106, HMDB0048134, HMDB0048150, HMDB0048156, HMDB0048166, HMDB0048172, HMDB0048216, HMDB0048223, HMDB0048238, HMDB0048267, HMDB0048304, HMDB0048310, HMDB0048332","0","4588984","51903024","50","1","false","0.36968913674354553","C55H96O6+Na+"
"Pacific Northwest National Laboratory","20201130_jl_lungmap_agarose_1","2020-12-01_22h59m24s","C11H16O8","M+K","","C11H16O8+K+","315.04767536500003","0.49510342","0.2","0.5252194398626536","0.9438420368706893","0.998747768630272","3,4,5-trihydroxy-6-[(3-methylbut-2-enoyl)oxy]oxane-2-carboxylic acid, 3,4,5-trihydroxy-6-{[(2E)-2-methylbut-2-enoyl]oxy}oxane-2-carboxylic acid","HMDB0128920, HMDB0129102","0","2385294.5","10192297984","2","1","false","0.000033238782634725794","C14H12O7+Na+"
"Pacific Northwest National Laboratory","20201130_jl_lungmap_agarose_1","2020-12-01_22h59m24s","C26H52NO7P","M+H","","C26H52NO7P+H+","522.355416439","0.5069191","0.2","0.532373727826107","0.9541713517802116","0.9979198184568835","LysoPC(18:1(9Z)), LysoPC(18:1(11Z)), 2-oleoyl-sn-glycero-3-phosphocholine","HMDB0002815, HMDB0010385, HMDB0062651","0","1817937.125","3753410304","3","0","false","0.0002091624919557944",""
"Pacific Northwest National Laboratory","20201130_jl_lungmap_agarose_1","2020-12-01_22h59m24s","C18H20O12","M+K","","C18H20O12+K+","467.058633973","0.5086049","0.2","0.524112274800687","0.9714596606523398","0.9989217027440251","6-{[3-(6,7-dimethoxy-2H-1,3-benzodioxol-5-yl)prop-2-enoyl]oxy}-3,4,5-trihydroxyoxane-2-carboxylic acid","HMDB0128689","0","3274570","12012868608","1","0","false","0.000005414086444943678",""
"Pacific Northwest National Laboratory","20201130_jl_lungmap_agarose_1","2020-12-01_22h59m24s","C24H50NO7P","M+K","","C24H50NO7P+K+","534.295647833","0.51018846","0.2","0.5326628651385599","0.9593954045383147","0.9983448199507321","LysoPC(16:0)","HMDB0010382","0","1989300.625","7252699136","1","0","false","0.00005758747647632845",""
"Pacific Northwest National Laboratory","20201130_jl_lungmap_agarose_1","2020-12-01_22h59m24s","C27H22O18","M+H","","C27H22O18+H+","635.087890299","0.5117518","0.2","0.5458430129405513","0.9388082297223713","0.9986531986531987","Sanguiin H4, Corilagin, Punicacortein A, Punicacortein B, Pterocaryanin B, 3,4,5,12,13,21,22,23-octahydroxy-8,18-dioxo-9,14,17-trioxatetracyclo[17.4.0.0²,⁷.0¹⁰,¹⁵]tricosa-1(23),2,4,6,19,21-hexaen-11-yl 3,4,5-trihydroxybenzoate, 3,4,5,11,13,21,22,23-octahydroxy-8,18-dioxo-9,14,17-trioxatetracyclo[17.4.0.0²,⁷.0¹⁰,¹⁵]tricosa-1(23),2,4,6,19,21-hexaen-12-yl 3,4,5-trihydroxybenzoate","HMDB0029871, HMDB0031457, HMDB0039200, HMDB0039201, HMDB0039743, HMDB0136070, HMDB0136071","0","2898545.25","9482790912","7","0","false","0.00037034155684523284",""
"Pacific Northwest National Laboratory","20201130_jl_lungmap_agarose_1","2020-12-01_22h59m24s","C40H76NO8P","M+H","","C40H76NO8P+H+","730.5381318269999","0.5277996","0.2","0.5752666066809815","0.9283034166685451","0.9883481554677207","PC(14:0/18:2(9Z,12Z)), PC(14:1(9Z)/18:1(11Z)), PC(14:1(9Z)/18:1(9Z)), PC(16:1(9Z)/16:1(9Z)), PC(18:1(11Z)/14:1(9Z)), PC(18:1(9Z)/14:1(9Z)), PC(18:2(9Z,12Z)/14:0), PE(15:0/20:2(11Z,14Z)), PE(20:2(11Z,14Z)/15:0), PE-NMe(14:1(9Z)/20:1(11Z)), PE-NMe(16:1(9Z)/18:1(9Z)), PE-NMe(16:1(9Z)/18:1(11Z)), PE-NMe(14:0/20:2(11Z,14Z)), PE-NMe(16:0/18:2(9Z,12Z)), PE-NMe(18:1(9Z)/16:1(9Z)), PE-NMe(18:1(11Z)/16:1(9Z)), PE-NMe(18:2(9Z,12Z)/16:0), PE-NMe(20:1(11Z)/14:1(9Z)), PE-NMe(20:2(11Z,14Z)/14:0), PE-NMe2(15:0/18:2(9Z,12Z)), PE-NMe2(18:2(9Z,12Z)/15:0)","HMDB0007874, HMDB0007905, HMDB0007906, HMDB0008002, HMDB0008065, HMDB0008098, HMDB0008130, HMDB0008901, HMDB0009285, HMDB0112955, HMDB0112956, HMDB0112957, HMDB0112984, HMDB0113042, HMDB0113141, HMDB0113114, HMDB0113167, HMDB0113309, HMDB0113337, HMDB0113920, HMDB0114067","0","4124713.5","3887325952","21","0","false","0.00012760782556142658",""
"Pacific Northwest National Laboratory","20201130_jl_lungmap_agarose_1","2020-12-01_22h59m24s","C17H18O10","M+K","","C17H18O10+K+","421.05315466900004","0.5294129","0.2","0.5432125630253698","0.9754615867494485","0.999112851662404","7-Hydroxy-2-methyl-4-oxo-4H-1-benzopyran-5-carboxylic acid 7-glucoside, 6-[(5-acetyl-4-methoxy-1-benzofuran-6-yl)oxy]-3,4,5-trihydroxyoxane-2-carboxylic acid","HMDB0036377, HMDB0129397","0","3650429.75","18786813952","2","0","false","0.00003070634920732118",""
"Pacific Northwest National Laboratory","20201130_jl_lungmap_agarose_1","2020-12-01_22h59m24s","C36H28O16","M+K","","C36H28O16+K+","755.1008927089999","0.5341777","0.2","0.6065136419881498","0.8815156629666212","0.999114300491337","Theaflavin-3-gallate, Isoneotheaflavin 3-O-gallate, Isotheaflavin 3'-gallate, Neotheaflavin 3-gallate","HMDB0005786, HMDB0029254, HMDB0032904, HMDB0032905","0","3848919.25","9181905920","4","0","false","0.0009220408974215388",""
"Pacific Northwest National Laboratory","20201130_jl_lungmap_agarose_1","2020-12-01_22h59m24s","C44H86NO8P","M+K","","C44H86NO8P+K+","826.572263605","0.5413976","0.2","0.5879409456228775","0.9231353741001965","0.997509888529306","PC(14:0/22:1(13Z)), PC(14:1(9Z)/22:0), PC(16:0/20:1(11Z)), PC(16:1(9Z)/20:0), PC(18:0/18:1(11Z)), PC(18:0/18:1(9Z)), PC(18:1(11Z)/18:0), PC(18:1(9Z)/18:0), PC(20:0/16:1(9Z)), PC(20:1(11Z)/16:0), PC(22:0/14:1(9Z)), PC(22:1(13Z)/14:0), PE(15:0/24:1(15Z)), PE(24:1(15Z)/15:0), PE-NMe(14:0/24:1(15Z)), PE-NMe(14:1(9Z)/24:0), PE-NMe(16:0/22:1(13Z)), PE-NMe(16:1(9Z)/22:0), PE-NMe(18:0/20:1(11Z)), PE-NMe(18:1(11Z)/20:0), PE-NMe(18:1(9Z)/20:0), PE-NMe(20:0/18:1(11Z)), PE-NMe(20:0/18:1(9Z)), PE-NMe(20:1(11Z)/18:0), PE-NMe(22:0/16:1(9Z)), PE-NMe(22:1(13Z)/16:0), PE-NMe(24:0/14:1(9Z)), PE-NMe(24:1(15Z)/14:0), PE-NMe2(15:0/22:1(13Z)), PE-NMe2(22:1(13Z)/15:0)","HMDB0007887, HMDB0007919, HMDB0007978, HMDB0008010, HMDB0008037, HMDB0008038, HMDB0008069, HMDB0008102, HMDB0008266, HMDB0008298, HMDB0008526, HMDB0008558, HMDB0008915, HMDB0009747, HMDB0112998, HMDB0113016, HMDB0113053, HMDB0113075, HMDB0113094, HMDB0113120, HMDB0113147, HMDB0113285, HMDB0113286, HMDB0113313, HMDB0113512, HMDB0113538, HMDB0113702, HMDB0113728, HMDB0113932, HMDB0114439","0","5570554.5","16384282624","30","0","false","0.00013902215869165957",""
"Pacific Northwest National Laboratory","20201130_jl_lungmap_agarose_1","2020-12-01_22h59m24s","C42H78NO8P","M+K","","C42H78NO8P+K+","794.509663349","0.5430907","0.2","0.6065015534712711","0.8972885118302885","0.9979489603024575","PC(14:0/20:3(5Z,8Z,11Z)), PC(14:0/20:3(8Z,11Z,14Z)), PC(14:1(9Z)/20:2(11Z,14Z)), PC(16:0/18:3(6Z,9Z,12Z)), PC(16:0/18:3(9Z,12Z,15Z)), PC(16:1(9Z)/18:2(9Z,12Z)), PC(18:2(9Z,12Z)/16:1(9Z)), PC(18:3(6Z,9Z,12Z)/16:0), PC(18:3(9Z,12Z,15Z)/16:0), PC(20:2(11Z,14Z)/14:1(9Z)), PC(20:3(5Z,8Z,11Z)/14:0), PC(20:3(8Z,11Z,14Z)/14:0), PE-NMe(14:1(9Z)/22:2(13Z,16Z)), PE-NMe(16:0/20:3(5Z,8Z,11Z)), PE-NMe(16:0/20:3(8Z,11Z,14Z)), PE-NMe(16:1(9Z)/20:2(11Z,14Z)), PE-NMe(18:0/18:3(6Z,9Z,12Z)), PE-NMe(18:0/18:3(9Z,12Z,15Z)), PE-NMe(18:1(11Z)/18:2(9Z,12Z)), PE-NMe(18:1(9Z)/18:2(9Z,12Z)), PE-NMe(18:2(9Z,12Z)/18:1(11Z)), PE-NMe(18:2(9Z,12Z)/18:1(9Z)), PE-NMe(18:3(6Z,9Z,12Z)/18:0), PE-NMe(18:3(9Z,12Z,15Z)/18:0), PE-NMe(20:2(11Z,14Z)/16:1(9Z)), PE-NMe(20:3(5Z,8Z,11Z)/16:0), PE-NMe(20:3(8Z,11Z,14Z)/16:0), PE-NMe(22:2(13Z,16Z)/14:1(9Z)), PE-NMe2(15:0/20:3(5Z,8Z,11Z)), PE-NMe2(15:0/20:3(8Z,11Z,14Z)), PE-NMe2(20:3(5Z,8Z,11Z)/15:0), PE-NMe2(20:3(8Z,11Z,14Z)/15:0)","HMDB0007881, HMDB0007882, HMDB0007913, HMDB0007974, HMDB0007975, HMDB0008006, HMDB0008134, HMDB0008166, HMDB0008199, HMDB0008329, HMDB0008361, HMDB0008394, HMDB0113011, HMDB0113048, HMDB0113049, HMDB0113069, HMDB0113090, HMDB0113091, HMDB0113116, HMDB0113143, HMDB0113170, HMDB0113171, HMDB0113198, HMDB0113226, HMDB0113341, HMDB0113369, HMDB0113397, HMDB0113564, HMDB0113926, HMDB0113927, HMDB0114270, HMDB0114298","0","3645101.75","11014348800","32","0","false","0.00006640531501034275",""
"Pacific Northwest National Laboratory","20201130_jl_lungmap_agarose_1","2020-12-01_22h59m24s","C46H78NO8P","M+H","","C46H78NO8P+H+","804.5537818909999","0.5433498","0.2","0.5771255383973534","0.9609284766980204","0.9797564687975647","PC(16:1(9Z)/22:6(4Z,7Z,10Z,13Z,16Z,19Z)), PC(18:2(9Z,12Z)/20:5(5Z,8Z,11Z,14Z,17Z)), PC(18:3(6Z,9Z,12Z)/20:4(5Z,8Z,11Z,14Z)), PC(18:3(6Z,9Z,12Z)/20:4(8Z,11Z,14Z,17Z)), PC(18:3(9Z,12Z,15Z)/20:4(5Z,8Z,11Z,14Z)), PC(18:3(9Z,12Z,15Z)/20:4(8Z,11Z,14Z,17Z)), PC(18:4(6Z,9Z,12Z,15Z)/20:3(5Z,8Z,11Z)), PC(18:4(6Z,9Z,12Z,15Z)/20:3(8Z,11Z,14Z)), PC(20:3(5Z,8Z,11Z)/18:4(6Z,9Z,12Z,15Z)), PC(20:3(8Z,11Z,14Z)/18:4(6Z,9Z,12Z,15Z)), PC(20:4(5Z,8Z,11Z,14Z)/18:3(6Z,9Z,12Z)), PC(20:4(5Z,8Z,11Z,14Z)/18:3(9Z,12Z,15Z)), PC(20:4(8Z,11Z,14Z,17Z)/18:3(6Z,9Z,12Z)), PC(20:4(8Z,11Z,14Z,17Z)/18:3(9Z,12Z,15Z)), PC(20:5(5Z,8Z,11Z,14Z,17Z)/18:2(9Z,12Z)), PC(22:6(4Z,7Z,10Z,13Z,16Z,19Z)/16:1(9Z)), PE-NMe(18:1(11Z)/22:6(4Z,7Z,10Z,13Z,16Z,19Z)), PE-NMe(18:1(9Z)/22:6(4Z,7Z,10Z,13Z,16Z,19Z)), PE-NMe(18:2(9Z,12Z)/22:5(4Z,7Z,10Z,13Z,16Z)), PE-NMe(18:2(9Z,12Z)/22:5(7Z,10Z,13Z,16Z,19Z)), PE-NMe(18:3(6Z,9Z,12Z)/22:4(7Z,10Z,13Z,16Z)), PE-NMe(18:3(9Z,12Z,15Z)/22:4(7Z,10Z,13Z,16Z)), PE-NMe(20:2(11Z,14Z)/20:5(5Z,8Z,11Z,14Z,17Z)), PE-NMe(20:3(5Z,8Z,11Z)/20:4(5Z,8Z,11Z,14Z)), PE-NMe(20:3(5Z,8Z,11Z)/20:4(8Z,11Z,14Z,17Z)), PE-NMe(20:3(8Z,11Z,14Z)/20:4(5Z,8Z,11Z,14Z)), PE-NMe(20:3(8Z,11Z,14Z)/20:4(8Z,11Z,14Z,17Z)), PE-NMe(20:4(5Z,8Z,11Z,14Z)/20:3(5Z,8Z,11Z)), PE-NMe(20:4(5Z,8Z,11Z,14Z)/20:3(8Z,11Z,14Z)), PE-NMe(20:4(8Z,11Z,14Z,17Z)/20:3(5Z,8Z,11Z)), PE-NMe(20:4(8Z,11Z,14Z,17Z)/20:3(8Z,11Z,14Z)), PE-NMe(20:5(5Z,8Z,11Z,14Z,17Z)/20:2(11Z,14Z)), PE-NMe(22:4(7Z,10Z,13Z,16Z)/18:3(6Z,9Z,12Z)), PE-NMe(22:4(7Z,10Z,13Z,16Z)/18:3(9Z,12Z,15Z)), PE-NMe(22:5(4Z,7Z,10Z,13Z,16Z)/18:2(9Z,12Z)), PE-NMe(22:6(4Z,7Z,10Z,13Z,16Z,19Z)/18:1(11Z)), PE-NMe(22:5(7Z,10Z,13Z,16Z,19Z)/18:2(9Z,12Z)), PE-NMe(22:6(4Z,7Z,10Z,13Z,16Z,19Z)/18:1(9Z))","HMDB0008023, HMDB0008149, HMDB0008180, HMDB0008181, HMDB0008213, HMDB0008214, HMDB0008244, HMDB0008245, HMDB0008372, HMDB0008405, HMDB0008435, HMDB0008436, HMDB0008468, HMDB0008469, HMDB0008500, HMDB0008726, HMDB0113134, HMDB0113161, HMDB0113188, HMDB0113189, HMDB0113215, HMDB0113244, HMDB0113356, HMDB0113383, HMDB0113384, HMDB0113411, HMDB0113412, HMDB0113437, HMDB0113438, HMDB0113465, HMDB0113466, HMDB0113493, HMDB0113601, HMDB0113602, HMDB0113627, HMDB0113679, HMDB0113654, HMDB0113680","0","30083184","20623253504","38","1","false","0.00006606618990190327","C44H80NO8P+Na+"
"Pacific Northwest National Laboratory","20201130_jl_lungmap_agarose_1","2020-12-01_22h59m24s","C20H41NO2","M+K","","C20H41NO2+K+","366.27688744500006","0.5496985","0.2","0.5829565457274616","0.9459270230231541","0.9968520605005292","Stearoylethanolamide, N,N-Dimethylsphingosine","HMDB0013078, HMDB0013645","0","1981944.5","3697899520","2","0","false","0.00010429832764202729",""
"Pacific Northwest National Laboratory","20201130_jl_lungmap_agarose_1","2020-12-01_22h59m24s","C8H18N2O4S","M+K","","C8H18N2O4S+K+","277.061886119","0.55819595","0.2","0.5640987181071742","0.9905993955156938","0.9989264498255148","15(R)-hydroperoxy-EPE","HMDB0062295","0","4341767","24555466752","1","2","false","0.00004581010580295697","C11H14N2O3S+Na+, C16H14O2+K+"
"Pacific Northwest National Laboratory","20201130_jl_lungmap_agarose_1","2020-12-01_22h59m24s","C47H95N2O6P","M+K","","C47H95N2O6P+K+","853.655933653","0.5637017","0.2","0.6159661868250799","0.9188755652052876","0.9959459000237877","SM(d18:0/24:1(15Z))","HMDB0012095","0","5228664.5","15158255616","1","1","false","0.00004082183659193106","C47H94NO8P+Na+"
"Pacific Northwest National Laboratory","20201130_jl_lungmap_agarose_1","2020-12-01_22h59m24s","C46H84NO8P","M+H","","C46H84NO8P+H+","810.6007320829999","0.5751552","0.2","0.6130662398830637","0.9416154477607244","0.9963320035460993","PC(16:0/22:4(7Z,10Z,13Z,16Z)), PC(18:0/20:4(5Z,8Z,11Z,14Z)), PC(18:0/20:4(8Z,11Z,14Z,17Z)), PC(18:1(11Z)/20:3(5Z,8Z,11Z)), PC(18:1(11Z)/20:3(8Z,11Z,14Z)), PC(18:1(9Z)/20:3(5Z,8Z,11Z)), PC(18:1(9Z)/20:3(8Z,11Z,14Z)), PC(18:2(9Z,12Z)/20:2(11Z,14Z)), PC(18:3(6Z,9Z,12Z)/20:1(11Z)), PC(18:3(9Z,12Z,15Z)/20:1(11Z)), PC(18:4(6Z,9Z,12Z,15Z)/20:0), PC(20:0/18:4(6Z,9Z,12Z,15Z)), PC(20:1(11Z)/18:3(6Z,9Z,12Z)), PC(20:1(11Z)/18:3(9Z,12Z,15Z)), PC(20:2(11Z,14Z)/18:2(9Z,12Z)), PC(20:3(5Z,8Z,11Z)/18:1(11Z)), PC(20:3(5Z,8Z,11Z)/18:1(9Z)), PC(20:3(8Z,11Z,14Z)/18:1(11Z)), PC(20:3(8Z,11Z,14Z)/18:1(9Z)), PC(20:4(5Z,8Z,11Z,14Z)/18:0), PC(20:4(8Z,11Z,14Z,17Z)/18:0), PC(22:4(7Z,10Z,13Z,16Z)/16:0), PE-NMe(18:0/22:4(7Z,10Z,13Z,16Z)), PE-NMe(18:2(9Z,12Z)/22:2(13Z,16Z)), PE-NMe(18:3(6Z,9Z,12Z)/22:1(13Z)), PE-NMe(18:3(9Z,12Z,15Z)/22:1(13Z)), PE-NMe(18:4(6Z,9Z,12Z,15Z)/22:0), PE-NMe(20:0/20:4(5Z,8Z,11Z,14Z)), PE-NMe(20:0/20:4(8Z,11Z,14Z,17Z)), PE-NMe(20:1(11Z)/20:3(5Z,8Z,11Z)), PE-NMe(20:1(11Z)/20:3(8Z,11Z,14Z)), PE-NMe(20:2(11Z,14Z)/20:2(11Z,14Z)), PE-NMe(20:3(5Z,8Z,11Z)/20:1(11Z)), PE-NMe(20:3(8Z,11Z,14Z)/20:1(11Z)), PE-NMe(20:4(5Z,8Z,11Z,14Z)/20:0), PE-NMe(20:4(8Z,11Z,14Z,17Z)/20:0), PE-NMe(22:0/18:4(6Z,9Z,12Z,15Z)), PE-NMe(22:1(13Z)/18:3(6Z,9Z,12Z)), PE-NMe(22:1(13Z)/18:3(9Z,12Z,15Z)), PE-NMe(22:2(13Z,16Z)/18:2(9Z,12Z)), PE-NMe(22:4(7Z,10Z,13Z,16Z)/18:0)","HMDB0007988, HMDB0008048, HMDB0008049, HMDB0008079, HMDB0008080, HMDB0008112, HMDB0008113, HMDB0008145, HMDB0008176, HMDB0008209, HMDB0008241, HMDB0008273, HMDB0008304, HMDB0008305, HMDB0008336, HMDB0008367, HMDB0008368, HMDB0008400, HMDB0008401, HMDB0008431, HMDB0008464, HMDB0008626, HMDB0113104, HMDB0113186, HMDB0113213, HMDB0113242, HMDB0113270, HMDB0113296, HMDB0113297, HMDB0113323, HMDB0113324, HMDB0113351, HMDB0113379, HMDB0113407, HMDB0113434, HMDB0113462, HMDB0113519, HMDB0113544, HMDB0113545, HMDB0113571, HMDB0113597","0","20210916","58589265920","41","1","false","0.00005297445386531763","C44H86NO8P+Na+"
"Pacific Northwest National Laboratory","20201130_jl_lungmap_agarose_1","2020-12-01_22h59m24s","C59H96O6","M+H","","C59H96O6+H+","901.7279672269999","0.5752953","0.2","0.6518960703113783","0.9129263497223913","0.9666666666666667","TG(16:1(9Z)/20:4(5Z,8Z,11Z,14Z)/20:4(5Z,8Z,11Z,14Z)), TG(18:2(9Z,12Z)/18:2(9Z,12Z)/20:5(5Z,8Z,11Z,14Z,17Z)), TG(18:3(9Z,12Z,15Z)/16:0/22:6(4Z,7Z,10Z,13Z,16Z,19Z)), TG(18:3(9Z,12Z,15Z)/18:1(9Z)/20:5(5Z,8Z,11Z,14Z,17Z)), TG(20:4(5Z,8Z,11Z,14Z)/18:2(9Z,12Z)/18:3(9Z,12Z,15Z)), TG(14:0/20:3(5Z,8Z,11Z)/22:6(4Z,7Z,10Z,13Z,16Z,19Z)), TG(14:0/20:3n6/22:6(4Z,7Z,10Z,13Z,16Z,19Z)), TG(14:0/20:4(5Z,8Z,11Z,14Z)/22:5(4Z,7Z,10Z,13Z,16Z)), TG(14:0/20:4(5Z,8Z,11Z,14Z)/22:5(7Z,10Z,13Z,16Z,19Z)), TG(14:0/22:4(7Z,10Z,13Z,16Z)/20:5(5Z,8Z,11Z,14Z,17Z)), TG(14:0/22:5(4Z,7Z,10Z,13Z,16Z)/20:4(5Z,8Z,11Z,14Z)), TG(14:0/22:5(4Z,7Z,10Z,13Z,16Z)/20:4(8Z,11Z,14Z,17Z)), TG(14:0/20:4(8Z,11Z,14Z,17Z)/22:5(4Z,7Z,10Z,13Z,16Z)), TG(14:0/20:4(8Z,11Z,14Z,17Z)/22:5(7Z,10Z,13Z,16Z,19Z)), TG(14:0/20:5(5Z,8Z,11Z,14Z,17Z)/22:4(7Z,10Z,13Z,16Z)), TG(14:0/22:5(7Z,10Z,13Z,16Z,19Z)/20:4(5Z,8Z,11Z,14Z)), TG(14:0/22:5(7Z,10Z,13Z,16Z,19Z)/20:4(8Z,11Z,14Z,17Z)), TG(14:0/22:6(4Z,7Z,10Z,13Z,16Z,19Z)/20:3(5Z,8Z,11Z)), TG(14:0/22:6(4Z,7Z,10Z,13Z,16Z,19Z)/20:3n6), TG(16:0/18:3(6Z,9Z,12Z)/22:6(4Z,7Z,10Z,13Z,16Z,19Z)), TG(16:0/20:4(5Z,8Z,11Z,14Z)/20:5(5Z,8Z,11Z,14Z,17Z)), TG(16:0/22:5(4Z,7Z,10Z,13Z,16Z)/18:4(6Z,9Z,12Z,15Z)), TG(16:0/18:3(9Z,12Z,15Z)/22:6(4Z,7Z,10Z,13Z,16Z,19Z)), TG(16:0/18:4(6Z,9Z,12Z,15Z)/22:5(4Z,7Z,10Z,13Z,16Z)), TG(16:0/18:4(6Z,9Z,12Z,15Z)/22:5(7Z,10Z,13Z,16Z,19Z)), TG(16:0/20:4(8Z,11Z,14Z,17Z)/20:5(5Z,8Z,11Z,14Z,17Z)), TG(16:0/20:5(5Z,8Z,11Z,14Z,17Z)/20:4(5Z,8Z,11Z,14Z)), TG(16:0/20:5(5Z,8Z,11Z,14Z,17Z)/20:4(8Z,11Z,14Z,17Z)), TG(16:0/22:5(7Z,10Z,13Z,16Z,19Z)/18:4(6Z,9Z,12Z,15Z)), TG(16:0/22:6(4Z,7Z,10Z,13Z,16Z,19Z)/18:3(6Z,9Z,12Z)), TG(16:0/22:6(4Z,7Z,10Z,13Z,16Z,19Z)/18:3(9Z,12Z,15Z)), TG(18:0/18:4(6Z,9Z,12Z,15Z)/20:5(5Z,8Z,11Z,14Z,17Z)), TG(18:0/20:5(5Z,8Z,11Z,14Z,17Z)/18:4(6Z,9Z,12Z,15Z)), TG(14:1(9Z)/20:3(5Z,8Z,11Z)/22:5(4Z,7Z,10Z,13Z,16Z)), TG(14:1(9Z)/20:3(5Z,8Z,11Z)/22:5(7Z,10Z,13Z,16Z,19Z)), TG(14:1(9Z)/20:2n6/22:6(4Z,7Z,10Z,13Z,16Z,19Z)), TG(14:1(9Z)/20:3n6/22:5(4Z,7Z,10Z,13Z,16Z)), TG(14:1(9Z)/20:3n6/22:5(7Z,10Z,13Z,16Z,19Z)), TG(14:1(9Z)/20:4(5Z,8Z,11Z,14Z)/22:4(7Z,10Z,13Z,16Z)), TG(14:1(9Z)/22:4(7Z,10Z,13Z,16Z)/20:4(5Z,8Z,11Z,14Z)), TG(14:1(9Z)/22:4(7Z,10Z,13Z,16Z)/20:4(8Z,11Z,14Z,17Z)), TG(14:1(9Z)/22:5(4Z,7Z,10Z,13Z,16Z)/20:3(5Z,8Z,11Z)), TG(14:1(9Z)/22:5(4Z,7Z,10Z,13Z,16Z)/20:3n6), TG(14:1(9Z)/20:4(8Z,11Z,14Z,17Z)/22:4(7Z,10Z,13Z,16Z)), TG(14:1(9Z)/22:5(7Z,10Z,13Z,16Z,19Z)/20:3(5Z,8Z,11Z)), TG(14:1(9Z)/22:5(7Z,10Z,13Z,16Z,19Z)/20:3n6), TG(14:1(9Z)/22:6(4Z,7Z,10Z,13Z,16Z,19Z)/20:2n6), TG(16:1(9Z)/20:3(5Z,8Z,11Z)/20:5(5Z,8Z,11Z,14Z,17Z)), TG(16:1(9Z)/18:2(9Z,12Z)/22:6(4Z,7Z,10Z,13Z,16Z,19Z)), TG(16:1(9Z)/18:3(6Z,9Z,12Z)/22:5(4Z,7Z,10Z,13Z,16Z))","HMDB0005448, HMDB0010493, HMDB0010500, HMDB0010504, HMDB0010527, HMDB0042449, HMDB0042629, HMDB0042653, HMDB0042658, HMDB0042717, HMDB0042740, HMDB0042746, HMDB0042833, HMDB0042838, HMDB0042862, HMDB0042890, HMDB0042896, HMDB0042913, HMDB0042919, HMDB0044303, HMDB0044385, HMDB0044467, HMDB0044499, HMDB0044521, HMDB0044526, HMDB0044553, HMDB0044574, HMDB0044580, HMDB0044607, HMDB0044627, HMDB0044634, HMDB0045339, HMDB0045391, HMDB0048015, HMDB0048020, HMDB0048136, HMDB0048153, HMDB0048158, HMDB0048175, HMDB0048219, HMDB0048225, HMDB0048235, HMDB0048241, HMDB0048313, HMDB0048350, HMDB0048356, HMDB0048378, HMDB0048695, HMDB0048763, HMDB0048779","0","4655613.5","71835296","50","1","false","0.12556473910808563","C57H98O6+Na+"
"Pacific Northwest National Laboratory","20201130_jl_lungmap_agarose_1","2020-12-01_22h59m24s","C41H80NO8P","M+H","","C41H80NO8P+H+","746.5694319549999","0.58664536","0.2","0.6385706759722508","0.9209563356974382","0.9975338390599435","PC(15:0/18:1(11Z)), PC(15:0/18:1(9Z)), PC(18:1(11Z)/15:0), PC(18:1(9Z)/15:0), PE(14:0/22:1(13Z)), PE(14:1(9Z)/22:0), PE(16:0/20:1(11Z)), PE(16:1(9Z)/20:0), PE(18:0/18:1(11Z)), PE(18:0/18:1(9Z)), PE(18:1(11Z)/18:0), PE(18:1(9Z)/18:0), PE(20:0/16:1(9Z)), PE(20:1(11Z)/16:0), PE(22:0/14:1(9Z)), PE(22:1(13Z)/14:0), PE-NMe2(16:0/18:1(9Z)), PE-NMe(15:0/20:1(11Z)), PE-NMe(20:1(11Z)/15:0), PE-NMe2(14:0/20:1(11Z)), PE-NMe2(14:1(9Z)/20:0), PE-NMe2(16:0/18:1(11Z)), PE-NMe2(16:1(9Z)/18:0), PE-NMe2(18:0/16:1(9Z)), PE-NMe2(18:1(11Z)/16:0), PE-NMe2(18:1(9Z)/16:0), PE-NMe2(20:0/14:1(9Z)), PE-NMe2(20:1(11Z)/14:0)","HMDB0007938, HMDB0007939, HMDB0008066, HMDB0008099, HMDB0008842, HMDB0008874, HMDB0008933, HMDB0008965, HMDB0008992, HMDB0008993, HMDB0009024, HMDB0009057, HMDB0009221, HMDB0009253, HMDB0009482, HMDB0009514, HMDB0010568, HMDB0112963, HMDB0113310, HMDB0113859, HMDB0113861, HMDB0113862, HMDB0113863, HMDB0113989, HMDB0114014, HMDB0114041, HMDB0114182, HMDB0114210","0","5110383","10891888640","28","0","false","0.0003660112852230668",""
"Pacific Northwest National Laboratory","20201130_jl_lungmap_agarose_1","2020-12-01_22h59m24s","C25H47NO4","M+H","","C25H47NO4+H+","426.35778541900004","0.596316","0.2","0.6181597783788111","0.967006530541115","0.9975767039703883","Oleoylcarnitine, Vaccenyl carnitine, Elaidic carnitine, 11Z-Octadecenylcarnitine, Octadecenoylcarnitine","HMDB0005065, HMDB0006351, HMDB0006464, HMDB0013338, HMDB0094687","0","1700713.25","5271985152","5","0","false","0.00012525793863460422",""
"Pacific Northwest National Laboratory","20201130_jl_lungmap_agarose_1","2020-12-01_22h59m24s","C53H98O6","M+K","","C53H98O6+K+","869.699498749","0.60002285","0.2","0.660127028787875","0.9300073965189719","0.9773584905660377","TG(16:0/16:0/18:2(9Z,12Z)), TG(16:0/16:1(9Z)/18:1(9Z)), TG(16:1(9Z)/16:1(9Z)/18:0), TG(16:1(9Z)/16:0/18:1(11Z)), TG(18:0/14:0/18:2(9Z,12Z)), TG(18:1(11Z)/14:0/18:1(11Z)), TG(18:1(11Z)/14:0/18:1(9Z)), TG(18:1(9Z)/14:0/18:1(9Z)), Glycerol 1,2-di-(9Z-octadecenoate) 3-tetradecanoate, Glycerol 1,2-dihexadecanoate 3-(9Z,12Z-octadecadienoate), Glycerol 1,3-dihexadecanoate 2-(9Z,12Z-octadecadienoate), TG(14:0/14:0/22:2(13Z,16Z)), TG(14:0/16:0/20:2n6), TG(14:0/18:0/18:2(9Z,12Z)), TG(14:0/14:1(9Z)/22:1(13Z)), TG(14:0/16:1(9Z)/20:1(11Z)), TG(14:0/18:1(11Z)/18:1(11Z)), TG(14:0/18:1(11Z)/18:1(9Z)), TG(14:0/18:1(9Z)/18:1(11Z)), TG(14:0/18:1(9Z)/18:1(9Z)), TG(14:0/20:1(11Z)/16:1(9Z)), TG(14:0/22:1(13Z)/14:1(9Z)), TG(14:0/18:2(9Z,12Z)/18:0), TG(14:0/20:2n6/16:0), TG(14:0/22:2(13Z,16Z)/14:0), TG(15:0/15:0/20:2n6), TG(15:0/20:2n6/15:0), TG(16:0/14:0/20:2n6), TG(16:0/14:1(9Z)/20:1(11Z)), TG(16:0/16:1(9Z)/18:1(11Z)), TG(16:0/18:1(11Z)/16:1(9Z)), TG(16:0/18:1(9Z)/16:1(9Z)), TG(16:0/20:1(11Z)/14:1(9Z)), TG(16:0/18:2(9Z,12Z)/16:0), TG(18:0/14:1(9Z)/18:1(11Z)), TG(18:0/14:1(9Z)/18:1(9Z)), TG(18:0/16:1(9Z)/16:1(9Z)), TG(18:0/18:1(11Z)/14:1(9Z)), TG(18:0/18:1(9Z)/14:1(9Z)), TG(20:0/14:1(9Z)/16:1(9Z)), TG(20:0/16:1(9Z)/14:1(9Z)), TG(22:0/14:1(9Z)/14:1(9Z)), TG(14:1(9Z)/22:0/14:1(9Z)), TG(14:1(9Z)/20:0/16:1(9Z)), TG(14:1(9Z)/14:0/22:1(13Z)), TG(14:1(9Z)/16:0/20:1(11Z)), TG(14:1(9Z)/18:0/18:1(11Z)), TG(14:1(9Z)/18:0/18:1(9Z)), TG(16:1(9Z)/14:0/20:1(11Z)), TG(16:1(9Z)/16:0/18:1(9Z))","HMDB0005362, HMDB0005377, HMDB0005430, HMDB0010423, HMDB0010430, HMDB0010434, HMDB0010435, HMDB0010448, HMDB0031120, HMDB0031121, HMDB0031122, HMDB0042081, HMDB0042138, HMDB0042166, HMDB0042284, HMDB0042312, HMDB0042340, HMDB0042341, HMDB0042370, HMDB0042371, HMDB0042399, HMDB0042458, HMDB0042514, HMDB0042573, HMDB0042661, HMDB0043005, HMDB0043453, HMDB0043844, HMDB0044034, HMDB0044060, HMDB0044087, HMDB0044115, HMDB0044142, HMDB0044249, HMDB0044863, HMDB0044864, HMDB0044889, HMDB0044915, HMDB0044942, HMDB0045663, HMDB0045688, HMDB0046433, HMDB0047839, HMDB0047817, HMDB0047730, HMDB0047774, HMDB0047795, HMDB0047796, HMDB0048416, HMDB0048459","0","8397277","134153712","50","1","false","0.12922273576259613","C51H97O8P+H+"
"Pacific Northwest National Laboratory","20201130_jl_lungmap_agarose_1","2020-12-01_22h59m24s","C25H22O14","M+K","","C25H22O14+K+","585.0641132769999","0.6058625","0.2","0.6234489928165325","0.9726943369388753","0.9990718998099072","3,4,5-trihydroxy-6-({17-hydroxy-11,18-dimethoxy-13-oxo-6,8,20-trioxapentacyclo[10.8.0.0²,⁹.0³,⁷.0¹⁴,¹⁹]icosa-1(12),2(9),4,10,14,16,18-heptaen-15-yl}oxy)oxane-2-carboxylic acid, 3,4,5-trihydroxy-6-({15-hydroxy-11,18-dimethoxy-13-oxo-6,8,20-trioxapentacyclo[10.8.0.0²,⁹.0³,⁷.0¹⁴,¹⁹]icosa-1(12),2(9),4,10,14(19),15,17-heptaen-17-yl}oxy)oxane-2-carboxylic acid, 3,4,5-trihydroxy-6-({18-hydroxy-11,17-dimethoxy-13-oxo-6,8,20-trioxapentacyclo[10.8.0.0²,⁹.0³,⁷.0¹⁴,¹⁹]icosa-1(12),2(9),4,10,14(19),15,17-heptaen-15-yl}oxy)oxane-2-carboxylic acid, 3,4,5-trihydroxy-6-({15-hydroxy-11,17-dimethoxy-13-oxo-6,8,20-trioxapentacyclo[10.8.0.0²,⁹.0³,⁷.0¹⁴,¹⁹]icosa-1(12),2(9),4,10,14(19),15,17-heptaen-18-yl}oxy)oxane-2-carboxylic acid, 3,4,5-trihydroxy-6-({11-hydroxy-17,18-dimethoxy-13-oxo-6,8,20-trioxapentacyclo[10.8.0.0²,⁹.0³,⁷.0¹⁴,¹⁹]icosa-1(12),2(9),4,10,14(19),15,17-heptaen-15-yl}oxy)oxane-2-carboxylic acid, 3,4,5-trihydroxy-6-({15-hydroxy-17,18-dimethoxy-13-oxo-6,8,20-trioxapentacyclo[10.8.0.0²,⁹.0³,⁷.0¹⁴,¹⁹]icosa-1,4,9,11,14(19),15,17-heptaen-11-yl}oxy)oxane-2-carboxylic acid","HMDB0128906, HMDB0128907, HMDB0128908, HMDB0128909, HMDB0128910, HMDB0128911","0","2788879","9969996800","6","1","false","0.000005512472398550017","C22H22N6O7S2+K+"
"Pacific Northwest National Laboratory","20201130_jl_lungmap_agarose_1","2020-12-01_22h59m24s","C48H80NO8P","M+H","","C48H80NO8P+H+","830.5694319549999","0.6086848","0.2","0.6458075319248304","0.9453655898178827","0.9969871141188468","PC(18:2(9Z,12Z)/22:6(4Z,7Z,10Z,13Z,16Z,19Z)), PC(18:3(6Z,9Z,12Z)/22:5(4Z,7Z,10Z,13Z,16Z)), PC(18:3(6Z,9Z,12Z)/22:5(7Z,10Z,13Z,16Z,19Z)), PC(18:3(9Z,12Z,15Z)/22:5(4Z,7Z,10Z,13Z,16Z)), PC(18:3(9Z,12Z,15Z)/22:5(7Z,10Z,13Z,16Z,19Z)), PC(18:4(6Z,9Z,12Z,15Z)/22:4(7Z,10Z,13Z,16Z)), PC(20:3(5Z,8Z,11Z)/20:5(5Z,8Z,11Z,14Z,17Z)), PC(20:3(8Z,11Z,14Z)/20:5(5Z,8Z,11Z,14Z,17Z)), PC(20:4(5Z,8Z,11Z,14Z)/20:4(5Z,8Z,11Z,14Z)), PC(20:4(5Z,8Z,11Z,14Z)/20:4(8Z,11Z,14Z,17Z)), PC(20:4(8Z,11Z,14Z,17Z)/20:4(5Z,8Z,11Z,14Z)), PC(20:4(8Z,11Z,14Z,17Z)/20:4(8Z,11Z,14Z,17Z)), PC(20:5(5Z,8Z,11Z,14Z,17Z)/20:3(5Z,8Z,11Z)), PC(20:5(5Z,8Z,11Z,14Z,17Z)/20:3(8Z,11Z,14Z)), PC(22:4(7Z,10Z,13Z,16Z)/18:4(6Z,9Z,12Z,15Z)), PC(22:5(4Z,7Z,10Z,13Z,16Z)/18:3(6Z,9Z,12Z)), PC(22:5(4Z,7Z,10Z,13Z,16Z)/18:3(9Z,12Z,15Z)), PC(22:5(7Z,10Z,13Z,16Z,19Z)/18:3(6Z,9Z,12Z)), PC(22:5(7Z,10Z,13Z,16Z,19Z)/18:3(9Z,12Z,15Z)), PC(22:6(4Z,7Z,10Z,13Z,16Z,19Z)/18:2(9Z,12Z)), PE-NMe(20:2(11Z,14Z)/22:6(4Z,7Z,10Z,13Z,16Z,19Z)), PE-NMe(20:3(5Z,8Z,11Z)/22:5(4Z,7Z,10Z,13Z,16Z)), PE-NMe(20:3(5Z,8Z,11Z)/22:5(7Z,10Z,13Z,16Z,19Z)), PE-NMe(20:3(8Z,11Z,14Z)/22:5(4Z,7Z,10Z,13Z,16Z)), PE-NMe(20:4(5Z,8Z,11Z,14Z)/22:4(7Z,10Z,13Z,16Z)), PE-NMe(20:4(8Z,11Z,14Z,17Z)/22:4(7Z,10Z,13Z,16Z)), PE-NMe(22:4(7Z,10Z,13Z,16Z)/20:4(5Z,8Z,11Z,14Z)), PE-NMe(22:4(7Z,10Z,13Z,16Z)/20:4(8Z,11Z,14Z,17Z)), PE-NMe(22:5(4Z,7Z,10Z,13Z,16Z)/20:3(5Z,8Z,11Z)), PE-NMe(22:5(4Z,7Z,10Z,13Z,16Z)/20:3(8Z,11Z,14Z)), PE-NMe(22:5(7Z,10Z,13Z,16Z,19Z)/20:3(5Z,8Z,11Z)), PE-NMe(22:6(4Z,7Z,10Z,13Z,16Z,19Z)/20:2(11Z,14Z)), PE-NMe(20:3(8Z,11Z,14Z)/22:5(7Z,10Z,13Z,16Z,19Z)), PE-NMe(22:5(7Z,10Z,13Z,16Z,19Z)/20:3(8Z,11Z,14Z))","HMDB0008156, HMDB0008187, HMDB0008188, HMDB0008220, HMDB0008221, HMDB0008252, HMDB0008380, HMDB0008412, HMDB0008443, HMDB0008444, HMDB0008476, HMDB0008477, HMDB0008507, HMDB0008508, HMDB0008634, HMDB0008665, HMDB0008666, HMDB0008698, HMDB0008699, HMDB0008730, HMDB0113363, HMDB0113390, HMDB0113391, HMDB0113418, HMDB0113444, HMDB0113473, HMDB0113609, HMDB0113610, HMDB0113634, HMDB0113635, HMDB0113661, HMDB0113687, HMDB0116728, HMDB0116736","0","8306533.5","20455188480","34","1","false","0.000055777374655008316","C46H82NO8P+Na+"
"Pacific Northwest National Laboratory","20201130_jl_lungmap_agarose_1","2020-12-01_22h59m24s","C23H20N2O4S","M+K","","C23H20N2O4S+K+","459.077536183","0.6124537","0.2","0.6458227320343721","0.9498998247939568","0.9983483843469458","Sulfinpyrazone sulfone","HMDB0060944","0","5482592","23590567936","1","1","false","0.0009590288391336799","C20H20O10+K+"
"Pacific Northwest National Laboratory","20201130_jl_lungmap_agarose_1","2020-12-01_22h59m24s","C47H93N2O6P","M+K","","C47H93N2O6P+K+","851.640283589","0.61425257","0.2","0.6580794172892136","0.9374161613677832","0.9957177282792757","SM(d18:1/24:1(15Z))","HMDB0012107","0","6478855","20008992768","1","0","false","0.000049944763304665685",""
"Pacific Northwest National Laboratory","20201130_jl_lungmap_agarose_1","2020-12-01_22h59m24s","C45H91N2O6P","M+H","","C45H91N2O6P+H+","787.6687520669999","0.6165791","0.2","0.665846286592586","0.9285045653230066","0.9973113976582184","SM(d18:0/22:1(13Z)), SM(d18:1/22:0)","HMDB0012092, HMDB0012103","0","5161361.5","14395072512","2","0","false","0.0003567918320186436",""
"Pacific Northwest National Laboratory","20201130_jl_lungmap_agarose_1","2020-12-01_22h59m24s","C57H106O6","M+K","","C57H106O6+K+","925.762099005","0.6170777","0.2","0.6912056723964882","0.9149358245375712","0.9757575757575757","TG(16:0/18:1(9Z)/20:1(11Z)), TG(16:0/18:2(9Z,12Z)/20:0), TG(18:0/18:0/18:2(9Z,12Z)), TG(18:0/18:1(9Z)/18:1(9Z)), TG(16:1(9Z)/18:0/20:1(11Z)), TG(16:1(9Z)/18:1(9Z)/20:0), TG(18:1(11Z)/18:0/18:1(11Z)), TG(18:1(11Z)/18:0/18:1(9Z)), Glycerol 1,3-di-(9Z-octadecenoate) 2-octadecanoate, Glycerol 1,2-di-(9Z-octadecenoate) 3-octadecanoate, TG(14:0/18:0/22:2(13Z,16Z)), TG(14:0/20:0/20:2n6), TG(14:0/22:0/18:2(9Z,12Z)), TG(14:0/16:1(9Z)/24:1(15Z)), TG(14:0/18:1(11Z)/22:1(13Z)), TG(14:0/18:1(9Z)/22:1(13Z)), TG(14:0/20:1(11Z)/20:1(11Z)), TG(14:0/22:1(13Z)/18:1(11Z)), TG(14:0/22:1(13Z)/18:1(9Z)), TG(14:0/24:1(15Z)/16:1(9Z)), TG(14:0/18:2(9Z,12Z)/22:0), TG(14:0/20:2n6/20:0), TG(14:0/22:2(13Z,16Z)/18:0), TG(16:0/16:0/22:2(13Z,16Z)), TG(16:0/18:0/20:2n6), TG(16:0/20:0/18:2(9Z,12Z)), TG(16:0/14:1(9Z)/24:1(15Z)), TG(16:0/16:1(9Z)/22:1(13Z)), TG(16:0/18:1(11Z)/20:1(11Z)), TG(16:0/20:1(11Z)/18:1(11Z)), TG(16:0/20:1(11Z)/18:1(9Z)), TG(16:0/22:1(13Z)/16:1(9Z)), TG(16:0/24:1(15Z)/14:1(9Z)), TG(16:0/20:2n6/18:0), TG(16:0/22:2(13Z,16Z)/16:0), TG(18:0/14:0/22:2(13Z,16Z)), TG(18:0/16:0/20:2n6), TG(18:0/14:1(9Z)/22:1(13Z)), TG(18:0/16:1(9Z)/20:1(11Z)), TG(18:0/18:1(11Z)/18:1(11Z)), TG(18:0/18:1(11Z)/18:1(9Z)), TG(18:0/18:1(9Z)/18:1(11Z)), TG(18:0/20:1(11Z)/16:1(9Z)), TG(18:0/22:1(13Z)/14:1(9Z)), TG(18:0/18:2(9Z,12Z)/18:0), TG(20:0/16:0/18:2(9Z,12Z)), TG(20:0/14:0/20:2n6), TG(20:0/14:1(9Z)/20:1(11Z)), TG(20:0/18:1(11Z)/16:1(9Z)), TG(20:0/16:1(9Z)/18:1(11Z))","HMDB0005383, HMDB0005388, HMDB0005397, HMDB0005403, HMDB0005424, HMDB0005437, HMDB0010445, HMDB0010446, HMDB0031142, HMDB0031144, HMDB0042171, HMDB0042198, HMDB0042226, HMDB0042315, HMDB0042344, HMDB0042374, HMDB0042402, HMDB0042460, HMDB0042461, HMDB0042489, HMDB0042516, HMDB0042575, HMDB0042664, HMDB0043903, HMDB0043928, HMDB0043954, HMDB0044037, HMDB0044064, HMDB0044090, HMDB0044144, HMDB0044145, HMDB0044199, HMDB0044226, HMDB0044306, HMDB0044389, HMDB0044685, HMDB0044736, HMDB0044867, HMDB0044892, HMDB0044917, HMDB0044918, HMDB0044944, HMDB0044970, HMDB0045023, HMDB0045073, HMDB0045540, HMDB0045490, HMDB0045666, HMDB0045715, HMDB0045690","0","5544466","98246024","50","0","false","0.12229740619659424",""
"Pacific Northwest National Laboratory","20201130_jl_lungmap_agarose_1","2020-12-01_22h59m24s","C57H104O6","M+K","","C57H104O6+K+","923.7464489409999","0.61763316","0.2","0.6726706741956977","0.9319878136741229","0.9851851851851852","TG(16:0/18:2(9Z,12Z)/20:1(11Z)), TG(18:0/18:1(9Z)/18:2(9Z,12Z)), TG(16:1(9Z)/18:1(9Z)/20:1(11Z)), TG(16:1(9Z)/18:2(9Z,12Z)/20:0), TG(18:1(9Z)/18:1(9Z)/18:1(9Z)), TG(18:1(11Z)/18:0/18:2(9Z,12Z)), TG(18:1(9Z)/16:0/20:2(11Z,14Z)), TG(18:1(9Z)/18:1(11Z)/18:1(9Z)), Tripetroselinin, TG(14:0/20:0/20:3(5Z,8Z,11Z)), TG(14:0/20:0/20:3n6), TG(14:0/22:0/18:3(6Z,9Z,12Z)), TG(14:0/22:0/18:3(9Z,12Z,15Z)), TG(14:0/18:1(11Z)/22:2(13Z,16Z)), TG(14:0/18:1(9Z)/22:2(13Z,16Z)), TG(14:0/20:1(11Z)/20:2n6), TG(14:0/20:3(5Z,8Z,11Z)/20:0), TG(14:0/22:1(13Z)/18:2(9Z,12Z)), TG(14:0/18:2(9Z,12Z)/22:1(13Z)), TG(14:0/18:3(6Z,9Z,12Z)/22:0), TG(14:0/20:2n6/20:1(11Z)), TG(14:0/20:3n6/20:0), TG(14:0/22:2(13Z,16Z)/18:1(11Z)), TG(14:0/22:2(13Z,16Z)/18:1(9Z)), TG(14:0/18:3(9Z,12Z,15Z)/22:0), TG(16:0/18:0/20:3(5Z,8Z,11Z)), TG(16:0/18:0/20:3n6), TG(16:0/20:0/18:3(6Z,9Z,12Z)), TG(16:0/20:0/18:3(9Z,12Z,15Z)), TG(16:0/18:1(9Z)/20:2n6), TG(16:0/16:1(9Z)/22:2(13Z,16Z)), TG(16:0/18:1(11Z)/20:2n6), TG(16:0/20:1(11Z)/18:2(9Z,12Z)), TG(16:0/20:3(5Z,8Z,11Z)/18:0), TG(16:0/18:3(6Z,9Z,12Z)/20:0), TG(16:0/20:2n6/18:1(11Z)), TG(16:0/20:2n6/18:1(9Z)), TG(16:0/20:3n6/18:0), TG(16:0/22:2(13Z,16Z)/16:1(9Z)), TG(16:0/18:3(9Z,12Z,15Z)/20:0), TG(18:0/16:0/20:3(5Z,8Z,11Z)), TG(18:0/16:0/20:3n6), TG(18:0/18:0/18:3(6Z,9Z,12Z)), TG(18:0/18:0/18:3(9Z,12Z,15Z)), TG(18:0/14:1(9Z)/22:2(13Z,16Z)), TG(18:0/16:1(9Z)/20:2n6), TG(18:0/18:1(11Z)/18:2(9Z,12Z)), TG(18:0/18:2(9Z,12Z)/18:1(11Z)), TG(18:0/18:2(9Z,12Z)/18:1(9Z)), TG(18:0/18:3(6Z,9Z,12Z)/18:0)","HMDB0005389, HMDB0005405, HMDB0005439, HMDB0005444, HMDB0005453, HMDB0010447, HMDB0010452, HMDB0010457, HMDB0031108, HMDB0042193, HMDB0042199, HMDB0042227, HMDB0042234, HMDB0042351, HMDB0042381, HMDB0042408, HMDB0042425, HMDB0042466, HMDB0042524, HMDB0042546, HMDB0042582, HMDB0042605, HMDB0042670, HMDB0042671, HMDB0042756, HMDB0043923, HMDB0043929, HMDB0043955, HMDB0043962, HMDB0044124, HMDB0044071, HMDB0044096, HMDB0044150, HMDB0044166, HMDB0044279, HMDB0044312, HMDB0044313, HMDB0044334, HMDB0044395, HMDB0044475, HMDB0044731, HMDB0044737, HMDB0044762, HMDB0044769, HMDB0044874, HMDB0044898, HMDB0044923, HMDB0045079, HMDB0045080, HMDB0045100","0","12042500","245458048","50","1","false","0.03333032876253128","C53H105O8P+Na+"
"Pacific Northwest National Laboratory","20201130_jl_lungmap_agarose_1","2020-12-01_22h59m24s","C57H100O6","M+K","","C57H100O6+K+","919.7151488129999","0.6213819","0.2","0.6897390934292031","0.9257139484794725","0.9731884057971014","TG(16:0/18:1(9Z)/20:4(5Z,8Z,11Z,14Z)), TG(16:1(9Z)/18:0/20:4(5Z,8Z,11Z,14Z)), TG(18:1(9Z)/18:2(9Z,12Z)/18:2(9Z,12Z)), TG(18:1(11Z)/16:0/20:4(5Z,8Z,11Z,14Z)), TG(18:1(9Z)/18:1(9Z)/18:3(6Z,9Z,12Z)), TG(18:1(9Z)/18:1(9Z)/18:3(9Z,12Z,15Z)), TG(18:2(9Z,12Z)/18:0/18:3(9Z,12Z,15Z)), TG(18:2(9Z,12Z)/18:1(11Z)/18:2(9Z,12Z)), Glycerol 1,2-di-(9Z,12Z-octadecadienoate) 3-(9Z-octadecenoate), Glycerol 1,3-di-(9Z,12Z-octadecadienoate) 2-(9Z-octadecenoate), TG(14:0/18:0/22:5(4Z,7Z,10Z,13Z,16Z)), TG(14:0/18:0/22:5(7Z,10Z,13Z,16Z,19Z)), TG(14:0/20:0/20:5(5Z,8Z,11Z,14Z,17Z)), TG(14:0/18:1(11Z)/22:4(7Z,10Z,13Z,16Z)), TG(14:0/18:1(9Z)/22:4(7Z,10Z,13Z,16Z)), TG(14:0/20:1(11Z)/20:4(5Z,8Z,11Z,14Z)), TG(14:0/20:1(11Z)/20:4(8Z,11Z,14Z,17Z)), TG(14:0/20:3(5Z,8Z,11Z)/20:2n6), TG(14:0/22:1(13Z)/18:4(6Z,9Z,12Z,15Z)), TG(14:0/18:3(6Z,9Z,12Z)/22:2(13Z,16Z)), TG(14:0/20:2n6/20:3(5Z,8Z,11Z)), TG(14:0/20:2n6/20:3n6), TG(14:0/20:3n6/20:2n6), TG(14:0/20:4(5Z,8Z,11Z,14Z)/20:1(11Z)), TG(14:0/22:2(13Z,16Z)/18:3(6Z,9Z,12Z)), TG(14:0/22:2(13Z,16Z)/18:3(9Z,12Z,15Z)), TG(14:0/22:4(7Z,10Z,13Z,16Z)/18:1(11Z)), TG(14:0/22:4(7Z,10Z,13Z,16Z)/18:1(9Z)), TG(14:0/22:5(4Z,7Z,10Z,13Z,16Z)/18:0), TG(14:0/18:3(9Z,12Z,15Z)/22:2(13Z,16Z)), TG(14:0/18:4(6Z,9Z,12Z,15Z)/22:1(13Z)), TG(14:0/20:4(8Z,11Z,14Z,17Z)/20:1(11Z)), TG(14:0/20:5(5Z,8Z,11Z,14Z,17Z)/20:0), TG(14:0/22:5(7Z,10Z,13Z,16Z,19Z)/18:0), TG(16:0/16:0/22:5(4Z,7Z,10Z,13Z,16Z)), TG(16:0/16:0/22:5(7Z,10Z,13Z,16Z,19Z)), TG(16:0/18:0/20:5(5Z,8Z,11Z,14Z,17Z)), TG(16:0/16:1(9Z)/22:4(7Z,10Z,13Z,16Z)), TG(16:0/18:1(11Z)/20:4(5Z,8Z,11Z,14Z)), TG(16:0/18:1(11Z)/20:4(8Z,11Z,14Z,17Z)), TG(16:0/18:1(9Z)/20:4(8Z,11Z,14Z,17Z)), TG(16:0/20:1(11Z)/18:4(6Z,9Z,12Z,15Z)), TG(16:0/20:3(5Z,8Z,11Z)/18:2(9Z,12Z)), TG(16:0/18:2(9Z,12Z)/20:3(5Z,8Z,11Z)), TG(16:0/18:2(9Z,12Z)/20:3n6), TG(16:0/18:3(6Z,9Z,12Z)/20:2n6), TG(16:0/20:2n6/18:3(6Z,9Z,12Z)), TG(16:0/20:2n6/18:3(9Z,12Z,15Z)), TG(16:0/20:3n6/18:2(9Z,12Z)), TG(16:0/20:4(5Z,8Z,11Z,14Z)/18:1(11Z))","HMDB0005385, HMDB0005426, HMDB0005461, HMDB0010441, HMDB0010459, HMDB0010460, HMDB0010477, HMDB0010479, HMDB0031115, HMDB0034298, HMDB0042173, HMDB0042178, HMDB0042207, HMDB0042352, HMDB0042382, HMDB0042410, HMDB0042416, HMDB0042438, HMDB0042475, HMDB0042561, HMDB0042583, HMDB0042589, HMDB0042618, HMDB0042642, HMDB0042677, HMDB0042684, HMDB0042700, HMDB0042701, HMDB0042724, HMDB0042771, HMDB0042794, HMDB0042822, HMDB0042845, HMDB0042874, HMDB0043905, HMDB0043910, HMDB0043937, HMDB0044072, HMDB0044098, HMDB0044104, HMDB0044132, HMDB0044159, HMDB0044178, HMDB0044259, HMDB0044265, HMDB0044292, HMDB0044319, HMDB0044326, HMDB0044346, HMDB0044368","0","4930973.5","84332744","50","0","false","0.1193254217505455",""
"Pacific Northwest National Laboratory","20201130_jl_lungmap_agarose_1","2020-12-01_22h59m24s","C40H77NO11S","M+H","","C40H77NO11S+H+","780.529009889","0.62396276","0.2","0.6511428538630539","0.9598430468660296","0.9983485300841873","3-O-Sulfogalactosylceramide (d18:1/16:0)","HMDB0012313","0","4722227.5","18390532096","1","1","false","0.00015511203673668206","C42H80NO7P+K+"
"Pacific Northwest National Laboratory","20201130_jl_lungmap_agarose_1","2020-12-01_22h59m24s","C57H96O6","M+H","","C57H96O6+H+","877.7279672269999","0.62879175","0.2","0.6873428547992316","0.9308295183583977","0.9827956989247312","TG(16:1(9Z)/18:2(9Z,12Z)/20:4(5Z,8Z,11Z,14Z)), TG(18:2(9Z,12Z)/16:0/20:5(5Z,8Z,11Z,14Z,17Z)), TG(18:2(9Z,12Z)/18:2(9Z,12Z)/18:3(6Z,9Z,12Z)), TG(18:2(9Z,12Z)/18:2(9Z,12Z)/18:3(9Z,12Z,15Z)), TG(18:3(9Z,12Z,15Z)/18:1(11Z)/18:3(9Z,12Z,15Z)), TG(18:3(9Z,12Z,15Z)/18:1(9Z)/18:3(9Z,12Z,15Z)), TG(20:4(5Z,8Z,11Z,14Z)/16:0/18:3(9Z,12Z,15Z)), TG(14:0/18:1(11Z)/22:6(4Z,7Z,10Z,13Z,16Z,19Z)), TG(14:0/18:1(9Z)/22:6(4Z,7Z,10Z,13Z,16Z,19Z)), TG(14:0/20:3(5Z,8Z,11Z)/20:4(5Z,8Z,11Z,14Z)), TG(14:0/20:3(5Z,8Z,11Z)/20:4(8Z,11Z,14Z,17Z)), TG(14:0/18:2(9Z,12Z)/22:5(4Z,7Z,10Z,13Z,16Z)), TG(14:0/18:2(9Z,12Z)/22:5(7Z,10Z,13Z,16Z,19Z)), TG(14:0/18:3(6Z,9Z,12Z)/22:4(7Z,10Z,13Z,16Z)), TG(14:0/20:2n6/20:5(5Z,8Z,11Z,14Z,17Z)), TG(14:0/20:3n6/20:4(5Z,8Z,11Z,14Z)), TG(14:0/20:3n6/20:4(8Z,11Z,14Z,17Z)), TG(14:0/20:4(5Z,8Z,11Z,14Z)/20:3(5Z,8Z,11Z)), TG(14:0/20:4(5Z,8Z,11Z,14Z)/20:3n6), TG(14:0/22:4(7Z,10Z,13Z,16Z)/18:3(6Z,9Z,12Z)), TG(14:0/22:4(7Z,10Z,13Z,16Z)/18:3(9Z,12Z,15Z)), TG(14:0/22:5(4Z,7Z,10Z,13Z,16Z)/18:2(9Z,12Z)), TG(14:0/18:3(9Z,12Z,15Z)/22:4(7Z,10Z,13Z,16Z)), TG(14:0/20:4(8Z,11Z,14Z,17Z)/20:3(5Z,8Z,11Z)), TG(14:0/20:4(8Z,11Z,14Z,17Z)/20:3n6), TG(14:0/20:5(5Z,8Z,11Z,14Z,17Z)/20:2n6), TG(14:0/22:5(7Z,10Z,13Z,16Z,19Z)/18:2(9Z,12Z)), TG(14:0/22:6(4Z,7Z,10Z,13Z,16Z,19Z)/18:1(11Z)), TG(14:0/22:6(4Z,7Z,10Z,13Z,16Z,19Z)/18:1(9Z)), TG(16:0/16:1(9Z)/22:6(4Z,7Z,10Z,13Z,16Z,19Z)), TG(16:0/20:3(5Z,8Z,11Z)/18:4(6Z,9Z,12Z,15Z)), TG(16:0/18:2(9Z,12Z)/20:5(5Z,8Z,11Z,14Z,17Z)), TG(16:0/18:3(6Z,9Z,12Z)/20:4(5Z,8Z,11Z,14Z)), TG(16:0/18:3(6Z,9Z,12Z)/20:4(8Z,11Z,14Z,17Z)), TG(16:0/20:3n6/18:4(6Z,9Z,12Z,15Z)), TG(16:0/20:4(5Z,8Z,11Z,14Z)/18:3(6Z,9Z,12Z)), TG(16:0/20:4(5Z,8Z,11Z,14Z)/18:3(9Z,12Z,15Z)), TG(16:0/18:3(9Z,12Z,15Z)/20:4(5Z,8Z,11Z,14Z)), TG(16:0/18:3(9Z,12Z,15Z)/20:4(8Z,11Z,14Z,17Z)), TG(16:0/18:4(6Z,9Z,12Z,15Z)/20:3(5Z,8Z,11Z)), TG(16:0/18:4(6Z,9Z,12Z,15Z)/20:3n6), TG(16:0/20:4(8Z,11Z,14Z,17Z)/18:3(6Z,9Z,12Z)), TG(16:0/20:4(8Z,11Z,14Z,17Z)/18:3(9Z,12Z,15Z)), TG(16:0/20:5(5Z,8Z,11Z,14Z,17Z)/18:2(9Z,12Z)), TG(16:0/22:6(4Z,7Z,10Z,13Z,16Z,19Z)/16:1(9Z)), TG(18:0/14:1(9Z)/22:6(4Z,7Z,10Z,13Z,16Z,19Z)), TG(18:0/18:3(6Z,9Z,12Z)/18:4(6Z,9Z,12Z,15Z)), TG(18:0/18:3(9Z,12Z,15Z)/18:4(6Z,9Z,12Z,15Z)), TG(18:0/18:4(6Z,9Z,12Z,15Z)/18:3(6Z,9Z,12Z)), TG(18:0/18:4(6Z,9Z,12Z,15Z)/18:3(9Z,12Z,15Z))","HMDB0005447, HMDB0010475, HMDB0010489, HMDB0010490, HMDB0010502, HMDB0010503, HMDB0010519, HMDB0042359, HMDB0042389, HMDB0042440, HMDB0042446, HMDB0042533, HMDB0042538, HMDB0042562, HMDB0042597, HMDB0042620, HMDB0042626, HMDB0042643, HMDB0042649, HMDB0042707, HMDB0042714, HMDB0042736, HMDB0042772, HMDB0042823, HMDB0042829, HMDB0042858, HMDB0042886, HMDB0042910, HMDB0042911, HMDB0044079, HMDB0044187, HMDB0044273, HMDB0044294, HMDB0044300, HMDB0044355, HMDB0044375, HMDB0044382, HMDB0044490, HMDB0044496, HMDB0044511, HMDB0044517, HMDB0044543, HMDB0044550, HMDB0044570, HMDB0044619, HMDB0044882, HMDB0045121, HMDB0045310, HMDB0045329, HMDB0045336","0","23605234","338031104","50","1","false","0.027686381712555885","C55H98O6+Na+"
"Pacific Northwest National Laboratory","20201130_jl_lungmap_agarose_1","2020-12-01_22h59m24s","C44H80NO8P","M+K","","C44H80NO8P+K+","820.5253134129999","0.63080734","0.2","0.6937535727922226","0.9114555021999569","0.9975990675990676","PC(14:0/22:4(7Z,10Z,13Z,16Z)), PC(16:0/20:4(5Z,8Z,11Z,14Z)), PC(16:0/20:4(8Z,11Z,14Z,17Z)), PC(16:1(9Z)/20:3(5Z,8Z,11Z)), PC(16:1(9Z)/20:3(8Z,11Z,14Z)), PC(18:0/18:4(6Z,9Z,12Z,15Z)), PC(18:1(11Z)/18:3(6Z,9Z,12Z)), PC(18:1(11Z)/18:3(9Z,12Z,15Z)), PC(18:1(9Z)/18:3(6Z,9Z,12Z)), PC(18:1(9Z)/18:3(9Z,12Z,15Z)), PC(18:2(9Z,12Z)/18:2(9Z,12Z)), PC(18:3(6Z,9Z,12Z)/18:1(11Z)), PC(18:3(6Z,9Z,12Z)/18:1(9Z)), PC(18:3(9Z,12Z,15Z)/18:1(11Z)), PC(18:3(9Z,12Z,15Z)/18:1(9Z)), PC(18:4(6Z,9Z,12Z,15Z)/18:0), PC(20:3(5Z,8Z,11Z)/16:1(9Z)), PC(20:3(8Z,11Z,14Z)/16:1(9Z)), PC(20:4(5Z,8Z,11Z,14Z)/16:0), PC(20:4(8Z,11Z,14Z,17Z)/16:0), PC(22:4(7Z,10Z,13Z,16Z)/14:0), PE-NMe(16:0/22:4(7Z,10Z,13Z,16Z)), PE-NMe(18:0/20:4(5Z,8Z,11Z,14Z)), PE-NMe(18:0/20:4(8Z,11Z,14Z,17Z)), PE-NMe(18:1(11Z)/20:3(5Z,8Z,11Z)), PE-NMe(18:1(11Z)/20:3(8Z,11Z,14Z)), PE-NMe(18:1(9Z)/20:3(5Z,8Z,11Z)), PE-NMe(18:1(9Z)/20:3(8Z,11Z,14Z)), PE-NMe(18:2(9Z,12Z)/20:2(11Z,14Z)), PE-NMe(18:3(6Z,9Z,12Z)/20:1(11Z)), PE-NMe(18:3(9Z,12Z,15Z)/20:1(11Z)), PE-NMe(18:4(6Z,9Z,12Z,15Z)/20:0), PE-NMe(20:0/18:4(6Z,9Z,12Z,15Z)), PE-NMe(20:1(11Z)/18:3(6Z,9Z,12Z)), PE-NMe(20:1(11Z)/18:3(9Z,12Z,15Z)), PE-NMe(20:2(11Z,14Z)/18:2(9Z,12Z)), PE-NMe(20:3(5Z,8Z,11Z)/18:1(11Z)), PE-NMe(20:3(5Z,8Z,11Z)/18:1(9Z)), PE-NMe(20:3(8Z,11Z,14Z)/18:1(11Z)), PE-NMe(20:3(8Z,11Z,14Z)/18:1(9Z)), PE-NMe(20:4(5Z,8Z,11Z,14Z)/18:0), PE-NMe(20:4(8Z,11Z,14Z,17Z)/18:0), PE-NMe(22:4(7Z,10Z,13Z,16Z)/16:0), PE-NMe2(15:0/22:4(7Z,10Z,13Z,16Z)), PE-NMe2(22:4(7Z,10Z,13Z,16Z)/15:0)","HMDB0007889, HMDB0007982, HMDB0007983, HMDB0008013, HMDB0008014, HMDB0008042, HMDB0008073, HMDB0008074, HMDB0008106, HMDB0008107, HMDB0008138, HMDB0008169, HMDB0008170, HMDB0008202, HMDB0008203, HMDB0008234, HMDB0008365, HMDB0008398, HMDB0008429, HMDB0008462, HMDB0008623, HMDB0113055, HMDB0113098, HMDB0113099, HMDB0113123, HMDB0113124, HMDB0113150, HMDB0113151, HMDB0113178, HMDB0113205, HMDB0113234, HMDB0113262, HMDB0113290, HMDB0113317, HMDB0113318, HMDB0113345, HMDB0113372, HMDB0113373, HMDB0113400, HMDB0113401, HMDB0113427, HMDB0113455, HMDB0113595, HMDB0113934, HMDB0114497","0","10434976","30444021760","45","0","false","0.00009792163473321125",""
"Pacific Northwest National Laboratory","20201130_jl_lungmap_agarose_1","2020-12-01_22h59m24s","C42H84NO8P","M+H","","C42H84NO8P+H+","762.6007320829999","0.6317372","0.2","0.6619317100425766","0.9689372759608703","0.9849804131054131","PC(14:0/20:0), PC(16:0/18:0), PC(18:0/16:0), PC(20:0/14:0), PE(15:0/22:0), PE(22:0/15:0), PE-NMe(18:0/18:0), PE-NMe(14:0/22:0), PE-NMe(16:0/20:0), PE-NMe(20:0/16:0), PE-NMe(22:0/14:0), PE-NMe2(15:0/20:0), PE-NMe2(20:0/15:0)","HMDB0007878, HMDB0007970, HMDB0008034, HMDB0008262, HMDB0008907, HMDB0009483, HMDB0112975, HMDB0112990, HMDB0113046, HMDB0113282, HMDB0113508, HMDB0113924, HMDB0114183","0","12256495","12559318016","13","0","false","0.00019661823171190917",""
"Pacific Northwest National Laboratory","20201130_jl_lungmap_agarose_1","2020-12-01_22h59m24s","C18H10O6","M+K","","C18H10O6+K+","361.01089593300003","0.6347051","0.2","0.661401772188505","0.9605114691383605","0.9990887951546614","7,7'-Dihydroxy-6,8'-bicoumarin","HMDB0033559","0","18590784","17729253376","1","0","false","0.00006988896348048002",""
"Pacific Northwest National Laboratory","20201130_jl_lungmap_agarose_1","2020-12-01_22h59m24s","C11H20O16P2","M+H","","C11H20O16P2+H+","471.02993499499996","0.6356372","0.2","0.6554987260238624","0.9703726997280568","0.999306943889111","1-Phosphatidyl-1D-myo-inositol 3-phosphate","HMDB0003850","0","4872156.5","19673774080","1","0","false","0.00002380498335696757",""
"Pacific Northwest National Laboratory","20201130_jl_lungmap_agarose_1","2020-12-01_22h59m24s","C55H98O6","M+K","","C55H98O6+K+","893.699498749","0.63871604","0.2","0.6979549207175723","0.9412714630066971","0.9722222222222222","TG(16:0/16:0/20:4(5Z,8Z,11Z,14Z)), TG(16:0/18:2(9Z,12Z)/18:2(9Z,12Z)), TG(16:1(9Z)/18:1(9Z)/18:2(9Z,12Z)), TG(18:1(11Z)/16:0/18:3(9Z,12Z,15Z)), TG(18:1(11Z)/16:1(9Z)/18:2(9Z,12Z)), TG(18:1(9Z)/16:0/18:3(9Z,12Z,15Z)), Glycerol 1,2-di-(9Z,12Z-octadecadienoate) 3-hexadecanoate, Glycerol 1,3-di-(9Z,12Z-octadecadienoate) 2-hexadecanoate, TG(14:0/16:0/22:4(7Z,10Z,13Z,16Z)), TG(14:0/18:0/20:4(5Z,8Z,11Z,14Z)), TG(14:0/18:0/20:4(8Z,11Z,14Z,17Z)), TG(14:0/20:0/18:4(6Z,9Z,12Z,15Z)), TG(14:0/18:1(11Z)/20:3(5Z,8Z,11Z)), TG(14:0/18:1(11Z)/20:3n6), TG(14:0/18:1(9Z)/20:3(5Z,8Z,11Z)), TG(14:0/18:1(9Z)/20:3n6), TG(14:0/20:1(11Z)/18:3(6Z,9Z,12Z)), TG(14:0/20:1(11Z)/18:3(9Z,12Z,15Z)), TG(14:0/20:3(5Z,8Z,11Z)/18:1(11Z)), TG(14:0/20:3(5Z,8Z,11Z)/18:1(9Z)), TG(14:0/18:2(9Z,12Z)/20:2n6), TG(14:0/18:3(6Z,9Z,12Z)/20:1(11Z)), TG(14:0/20:2n6/18:2(9Z,12Z)), TG(14:0/20:3n6/18:1(11Z)), TG(14:0/20:3n6/18:1(9Z)), TG(14:0/20:4(5Z,8Z,11Z,14Z)/18:0), TG(14:0/22:4(7Z,10Z,13Z,16Z)/16:0), TG(14:0/18:3(9Z,12Z,15Z)/20:1(11Z)), TG(14:0/18:4(6Z,9Z,12Z,15Z)/20:0), TG(14:0/20:4(8Z,11Z,14Z,17Z)/18:0), TG(15:0/15:0/22:4(7Z,10Z,13Z,16Z)), TG(15:0/22:4(7Z,10Z,13Z,16Z)/15:0), TG(16:0/14:0/22:4(7Z,10Z,13Z,16Z)), TG(16:0/16:0/20:4(8Z,11Z,14Z,17Z)), TG(16:0/18:0/18:4(6Z,9Z,12Z,15Z)), TG(16:0/16:1(9Z)/20:3(5Z,8Z,11Z)), TG(16:0/16:1(9Z)/20:3n6), TG(16:0/18:1(11Z)/18:3(6Z,9Z,12Z)), TG(16:0/18:1(11Z)/18:3(9Z,12Z,15Z)), TG(16:0/18:1(9Z)/18:3(6Z,9Z,12Z)), TG(16:0/18:1(9Z)/18:3(9Z,12Z,15Z)), TG(16:0/20:3(5Z,8Z,11Z)/16:1(9Z)), TG(16:0/18:3(6Z,9Z,12Z)/18:1(11Z)), TG(16:0/18:3(6Z,9Z,12Z)/18:1(9Z)), TG(16:0/20:3n6/16:1(9Z)), TG(16:0/20:4(5Z,8Z,11Z,14Z)/16:0), TG(16:0/18:3(9Z,12Z,15Z)/18:1(9Z)), TG(16:0/18:3(9Z,12Z,15Z)/18:1(11Z)), TG(16:0/18:4(6Z,9Z,12Z,15Z)/18:0), TG(16:0/20:4(8Z,11Z,14Z,17Z)/16:0)","HMDB0005363, HMDB0005390, HMDB0005440, HMDB0010440, HMDB0010444, HMDB0010451, HMDB0031117, HMDB0031118, HMDB0042142, HMDB0042170, HMDB0042176, HMDB0042205, HMDB0042343, HMDB0042349, HMDB0042373, HMDB0042379, HMDB0042407, HMDB0042414, HMDB0042430, HMDB0042431, HMDB0042528, HMDB0042552, HMDB0042586, HMDB0042610, HMDB0042611, HMDB0042634, HMDB0042693, HMDB0042762, HMDB0042785, HMDB0042814, HMDB0043009, HMDB0043569, HMDB0043848, HMDB0043908, HMDB0043935, HMDB0044063, HMDB0044069, HMDB0044095, HMDB0044102, HMDB0044123, HMDB0044130, HMDB0044171, HMDB0044284, HMDB0044285, HMDB0044339, HMDB0044361, HMDB0044481, HMDB0044480, HMDB0044502, HMDB0044529","0","6486338.5","98967792","50","1","false","0.1826988160610199","C51H99O8P+Na+"
"Pacific Northwest National Laboratory","20201130_jl_lungmap_agarose_1","2020-12-01_22h59m24s","C53H92O6","M+H","","C53H92O6+H+","825.6966670989999","0.6430941","0.2","0.7142963387702597","0.9297197969971198","0.9683760683760684","TG(18:2(9Z,12Z)/14:0/18:3(9Z,12Z,15Z)), TG(14:0/14:0/22:5(4Z,7Z,10Z,13Z,16Z)), TG(14:0/14:0/22:5(7Z,10Z,13Z,16Z,19Z)), TG(14:0/16:0/20:5(5Z,8Z,11Z,14Z,17Z)), TG(14:0/14:1(9Z)/22:4(7Z,10Z,13Z,16Z)), TG(14:0/16:1(9Z)/20:4(5Z,8Z,11Z,14Z)), TG(14:0/16:1(9Z)/20:4(8Z,11Z,14Z,17Z)), TG(14:0/18:1(11Z)/18:4(6Z,9Z,12Z,15Z)), TG(14:0/18:1(9Z)/18:4(6Z,9Z,12Z,15Z)), TG(14:0/18:2(9Z,12Z)/18:3(6Z,9Z,12Z)), TG(14:0/18:2(9Z,12Z)/18:3(9Z,12Z,15Z)), TG(14:0/18:3(6Z,9Z,12Z)/18:2(9Z,12Z)), TG(14:0/20:4(5Z,8Z,11Z,14Z)/16:1(9Z)), TG(14:0/22:4(7Z,10Z,13Z,16Z)/14:1(9Z)), TG(14:0/22:5(4Z,7Z,10Z,13Z,16Z)/14:0), TG(14:0/18:3(9Z,12Z,15Z)/18:2(9Z,12Z)), TG(14:0/18:4(6Z,9Z,12Z,15Z)/18:1(11Z)), TG(14:0/18:4(6Z,9Z,12Z,15Z)/18:1(9Z)), TG(14:0/20:4(8Z,11Z,14Z,17Z)/16:1(9Z)), TG(14:0/20:5(5Z,8Z,11Z,14Z,17Z)/16:0), TG(14:0/22:5(7Z,10Z,13Z,16Z,19Z)/14:0), TG(15:0/15:0/20:5(5Z,8Z,11Z,14Z,17Z)), TG(15:0/20:5(5Z,8Z,11Z,14Z,17Z)/15:0), TG(16:0/14:0/20:5(5Z,8Z,11Z,14Z,17Z)), TG(16:0/14:1(9Z)/20:4(5Z,8Z,11Z,14Z)), TG(16:0/14:1(9Z)/20:4(8Z,11Z,14Z,17Z)), TG(16:0/16:1(9Z)/18:4(6Z,9Z,12Z,15Z)), TG(16:0/20:4(5Z,8Z,11Z,14Z)/14:1(9Z)), TG(16:0/18:4(6Z,9Z,12Z,15Z)/16:1(9Z)), TG(16:0/20:4(8Z,11Z,14Z,17Z)/14:1(9Z)), TG(18:0/14:1(9Z)/18:4(6Z,9Z,12Z,15Z)), TG(18:0/18:4(6Z,9Z,12Z,15Z)/14:1(9Z)), TG(14:1(9Z)/14:0/22:4(7Z,10Z,13Z,16Z)), TG(14:1(9Z)/16:0/20:4(5Z,8Z,11Z,14Z)), TG(14:1(9Z)/16:0/20:4(8Z,11Z,14Z,17Z)), TG(14:1(9Z)/18:0/18:4(6Z,9Z,12Z,15Z)), TG(14:1(9Z)/16:1(9Z)/20:3(5Z,8Z,11Z)), TG(14:1(9Z)/16:1(9Z)/20:3n6), TG(14:1(9Z)/18:1(11Z)/18:3(6Z,9Z,12Z)), TG(14:1(9Z)/18:1(11Z)/18:3(9Z,12Z,15Z)), TG(14:1(9Z)/18:1(9Z)/18:3(6Z,9Z,12Z)), TG(14:1(9Z)/18:1(9Z)/18:3(9Z,12Z,15Z)), TG(14:1(9Z)/20:3(5Z,8Z,11Z)/16:1(9Z)), TG(14:1(9Z)/18:2(9Z,12Z)/18:2(9Z,12Z)), TG(14:1(9Z)/18:3(6Z,9Z,12Z)/18:1(11Z)), TG(14:1(9Z)/18:3(6Z,9Z,12Z)/18:1(9Z)), TG(14:1(9Z)/20:3n6/16:1(9Z)), TG(14:1(9Z)/18:3(9Z,12Z,15Z)/18:1(11Z)), TG(14:1(9Z)/18:3(9Z,12Z,15Z)/18:1(9Z)), TG(16:1(9Z)/14:0/20:4(5Z,8Z,11Z,14Z))","HMDB0010471, HMDB0042083, HMDB0042088, HMDB0042147, HMDB0042292, HMDB0042320, HMDB0042326, HMDB0042355, HMDB0042385, HMDB0042527, HMDB0042534, HMDB0042556, HMDB0042639, HMDB0042698, HMDB0042721, HMDB0042766, HMDB0042790, HMDB0042791, HMDB0042819, HMDB0042843, HMDB0042871, HMDB0043014, HMDB0043714, HMDB0043853, HMDB0044042, HMDB0044048, HMDB0044075, HMDB0044366, HMDB0044507, HMDB0044534, HMDB0044878, HMDB0045320, HMDB0047738, HMDB0047782, HMDB0047788, HMDB0047810, HMDB0047913, HMDB0047919, HMDB0047940, HMDB0047947, HMDB0047963, HMDB0047970, HMDB0048001, HMDB0048077, HMDB0048094, HMDB0048095, HMDB0048139, HMDB0048255, HMDB0048256, HMDB0048424","0","5765155.5","96154880","50","1","false","0.1310185194015503","C51H94O6+Na+"
"Pacific Northwest National Laboratory","20201130_jl_lungmap_agarose_1","2020-12-01_22h59m24s","C18H18O11","M+K","","C18H18O11+K+","449.048069289","0.6478496","0.2","0.6690828918099786","0.9691635913388814","0.9990729641173179","3,4,5-trihydroxy-6-{[3-(4-methoxy-1-benzofuran-5-yl)-3-oxopropanoyl]oxy}oxane-2-carboxylic acid, 6-[1-carboxy-2-(4-methoxy-1-benzofuran-5-yl)-2-oxoethyl]-3,4,5-trihydroxyoxane-2-carboxylic acid","HMDB0129404, HMDB0129405","0","22689774","85554470912","2","2","false","0.000009725044037622865","C15H17N5O6S2+Na+, C21H14O10+Na+"
"Pacific Northwest National Laboratory","20201130_jl_lungmap_agarose_1","2020-12-01_22h59m24s","C57H102O6","M+K","","C57H102O6+K+","921.730798877","0.64874446","0.2","0.7016053433636599","0.9409507265527195","0.9826839826839827","TG(16:0/18:0/20:4(5Z,8Z,11Z,14Z)), TG(18:0/18:2(9Z,12Z)/18:2(9Z,12Z)), TG(16:1(9Z)/18:2(9Z,12Z)/20:1(11Z)), TG(18:1(9Z)/18:1(9Z)/18:2(9Z,12Z)), TG(18:1(9Z)/18:0/18:3(9Z,12Z,15Z)), TG(18:1(9Z)/18:1(11Z)/18:2(9Z,12Z)), TG(18:2(9Z,12Z)/16:0/20:2(11Z,14Z)), Glycerol 1,2-di-(9Z,12Z-octadecadienoate) 3-octadecanoate, Glycerol 1,3-di-(9Z-octadecenoate) 2-(9Z,12Z-octadecadienoate), Glycerol 1,3-di-(9Z,12Z-octadecadienoate) 2-octadecanoate, TG(14:0/18:0/22:4(7Z,10Z,13Z,16Z)), TG(14:0/20:0/20:4(5Z,8Z,11Z,14Z)), TG(14:0/20:0/20:4(8Z,11Z,14Z,17Z)), TG(14:0/22:0/18:4(6Z,9Z,12Z,15Z)), TG(14:0/20:1(11Z)/20:3(5Z,8Z,11Z)), TG(14:0/20:1(11Z)/20:3n6), TG(14:0/20:3(5Z,8Z,11Z)/20:1(11Z)), TG(14:0/22:1(13Z)/18:3(6Z,9Z,12Z)), TG(14:0/22:1(13Z)/18:3(9Z,12Z,15Z)), TG(14:0/18:2(9Z,12Z)/22:2(13Z,16Z)), TG(14:0/18:3(6Z,9Z,12Z)/22:1(13Z)), TG(14:0/20:2n6/20:2n6), TG(14:0/20:3n6/20:1(11Z)), TG(14:0/20:4(5Z,8Z,11Z,14Z)/20:0), TG(14:0/22:2(13Z,16Z)/18:2(9Z,12Z)), TG(14:0/22:4(7Z,10Z,13Z,16Z)/18:0), TG(14:0/18:3(9Z,12Z,15Z)/22:1(13Z)), TG(14:0/18:4(6Z,9Z,12Z,15Z)/22:0), TG(14:0/20:4(8Z,11Z,14Z,17Z)/20:0), TG(16:0/16:0/22:4(7Z,10Z,13Z,16Z)), TG(16:0/18:0/20:4(8Z,11Z,14Z,17Z)), TG(16:0/20:0/18:4(6Z,9Z,12Z,15Z)), TG(16:0/18:1(11Z)/20:3(5Z,8Z,11Z)), TG(16:0/18:1(11Z)/20:3n6), TG(16:0/18:1(9Z)/20:3(5Z,8Z,11Z)), TG(16:0/18:1(9Z)/20:3n6), TG(16:0/20:1(11Z)/18:3(6Z,9Z,12Z)), TG(16:0/20:1(11Z)/18:3(9Z,12Z,15Z)), TG(16:0/20:3(5Z,8Z,11Z)/18:1(11Z)), TG(16:0/20:3(5Z,8Z,11Z)/18:1(9Z)), TG(16:0/18:2(9Z,12Z)/20:2n6), TG(16:0/18:3(6Z,9Z,12Z)/20:1(11Z)), TG(16:0/20:2n6/18:2(9Z,12Z)), TG(16:0/20:3n6/18:1(11Z)), TG(16:0/20:3n6/18:1(9Z)), TG(16:0/20:4(5Z,8Z,11Z,14Z)/18:0), TG(16:0/22:4(7Z,10Z,13Z,16Z)/16:0), TG(16:0/18:3(9Z,12Z,15Z)/20:1(11Z)), TG(16:0/18:4(6Z,9Z,12Z,15Z)/20:0), TG(16:0/20:4(8Z,11Z,14Z,17Z)/18:0)","HMDB0005370, HMDB0005411, HMDB0005445, HMDB0005455, HMDB0010456, HMDB0010458, HMDB0010474, HMDB0029554, HMDB0031113, HMDB0031114, HMDB0042172, HMDB0042200, HMDB0042206, HMDB0042235, HMDB0042403, HMDB0042409, HMDB0042432, HMDB0042467, HMDB0042474, HMDB0042531, HMDB0042554, HMDB0042588, HMDB0042612, HMDB0042635, HMDB0042676, HMDB0042694, HMDB0042764, HMDB0042786, HMDB0042815, HMDB0043904, HMDB0043936, HMDB0043963, HMDB0044091, HMDB0044097, HMDB0044119, HMDB0044125, HMDB0044151, HMDB0044158, HMDB0044172, HMDB0044173, HMDB0044264, HMDB0044286, HMDB0044318, HMDB0044340, HMDB0044341, HMDB0044362, HMDB0044417, HMDB0044482, HMDB0044503, HMDB0044530","0","10593163","203406864","50","0","false","0.11311052739620209",""
"Pacific Northwest National Laboratory","20201130_jl_lungmap_agarose_1","2020-12-01_22h59m24s","C51H97O8P","M+H","","C51H97O8P+H+","869.699383499","0.65229654","0.2","0.704313519619513","0.9476002601983085","0.9773584905660377","PA(24:1(15Z)/24:1(15Z))","HMDB0115481","0","8397277","134153712","1","1","false","0.12922273576259613","C53H98O6+K+"
"Pacific Northwest National Laboratory","20201130_jl_lungmap_agarose_1","2020-12-01_22h59m24s","C55H100O6","M+K","","C55H100O6+K+","895.7151488129999","0.6528932","0.2","0.7054300816450441","0.9379674066972438","0.986734693877551","TG(16:0/18:1(9Z)/18:2(9Z,12Z)), TG(16:1(9Z)/18:0/18:2(9Z,12Z)), TG(16:1(9Z)/16:1(9Z)/20:1(11Z)), TG(16:1(9Z)/18:1(9Z)/18:1(9Z)), TG(18:0/16:0/18:3(9Z,12Z,15Z)), TG(18:1(11Z)/16:0/18:2(9Z,12Z)), TG(18:1(11Z)/16:1(9Z)/18:1(11Z)), TG(18:1(11Z)/16:1(9Z)/18:1(9Z)), TG(14:0/18:0/20:3(5Z,8Z,11Z)), TG(14:0/18:0/20:3n6), TG(14:0/20:0/18:3(6Z,9Z,12Z)), TG(14:0/20:0/18:3(9Z,12Z,15Z)), TG(14:0/16:1(9Z)/22:2(13Z,16Z)), TG(14:0/18:1(11Z)/20:2n6), TG(14:0/18:1(9Z)/20:2n6), TG(14:0/20:1(11Z)/18:2(9Z,12Z)), TG(14:0/20:3(5Z,8Z,11Z)/18:0), TG(14:0/18:2(9Z,12Z)/20:1(11Z)), TG(14:0/18:3(6Z,9Z,12Z)/20:0), TG(14:0/20:2n6/18:1(11Z)), TG(14:0/20:2n6/18:1(9Z)), TG(14:0/20:3n6/18:0), TG(14:0/22:2(13Z,16Z)/16:1(9Z)), TG(14:0/18:3(9Z,12Z,15Z)/20:0), TG(16:0/16:0/20:3(5Z,8Z,11Z)), TG(16:0/16:0/20:3n6), TG(16:0/18:0/18:3(6Z,9Z,12Z)), TG(16:0/18:0/18:3(9Z,12Z,15Z)), TG(16:0/14:1(9Z)/22:2(13Z,16Z)), TG(16:0/16:1(9Z)/20:2n6), TG(16:0/18:1(11Z)/18:2(9Z,12Z)), TG(16:0/20:3(5Z,8Z,11Z)/16:0), TG(16:0/18:2(9Z,12Z)/18:1(11Z)), TG(16:0/18:2(9Z,12Z)/18:1(9Z)), TG(16:0/18:3(6Z,9Z,12Z)/18:0), TG(16:0/20:2n6/16:1(9Z)), TG(16:0/20:3n6/16:0), TG(16:0/22:2(13Z,16Z)/14:1(9Z)), TG(16:0/18:3(9Z,12Z,15Z)/18:0), TG(18:0/14:0/20:3(5Z,8Z,11Z)), TG(18:0/14:0/20:3n6), TG(18:0/16:0/18:3(6Z,9Z,12Z)), TG(18:0/14:1(9Z)/20:2n6), TG(18:0/16:1(9Z)/18:2(9Z,12Z)), TG(18:0/18:2(9Z,12Z)/16:1(9Z)), TG(18:0/20:2n6/14:1(9Z)), TG(20:0/14:0/18:3(6Z,9Z,12Z)), TG(20:0/14:0/18:3(9Z,12Z,15Z)), TG(20:0/14:1(9Z)/18:2(9Z,12Z)), TG(20:0/18:2(9Z,12Z)/14:1(9Z))","HMDB0005384, HMDB0005425, HMDB0005434, HMDB0005438, HMDB0010432, HMDB0010439, HMDB0010442, HMDB0010443, HMDB0042163, HMDB0042169, HMDB0042197, HMDB0042204, HMDB0042321, HMDB0042348, HMDB0042378, HMDB0042406, HMDB0042424, HMDB0042522, HMDB0042545, HMDB0042580, HMDB0042581, HMDB0042604, HMDB0042669, HMDB0042755, HMDB0043895, HMDB0043901, HMDB0043927, HMDB0043934, HMDB0044043, HMDB0044068, HMDB0044094, HMDB0044165, HMDB0044256, HMDB0044257, HMDB0044278, HMDB0044311, HMDB0044333, HMDB0044394, HMDB0044474, HMDB0044677, HMDB0044683, HMDB0044735, HMDB0044871, HMDB0044896, HMDB0045078, HMDB0045131, HMDB0045489, HMDB0045496, HMDB0045670, HMDB0045870","0","18350942","338437504","50","1","false","0.045644961297512054","C51H101O8P+Na+"
"Pacific Northwest National Laboratory","20201130_jl_lungmap_agarose_1","2020-12-01_22h59m24s","C55H102O6","M+K","","C55H102O6+K+","897.730798877","0.65436035","0.2","0.7038828068396672","0.9403602807525248","0.9886039886039886","TG(16:0/18:0/18:2(9Z,12Z)), TG(16:0/16:1(9Z)/20:1(11Z)), TG(16:0/18:1(9Z)/18:1(9Z)), TG(16:1(9Z)/18:0/18:1(9Z)), TG(16:1(9Z)/16:1(9Z)/20:0), TG(16:1(9Z)/18:0/18:1(11Z)), TG(18:1(11Z)/16:0/18:1(11Z)), TG(18:1(11Z)/16:0/18:1(9Z)), Glycerol 2,3-di-(9Z-octadecenoate) 1-hexadecanoate, TG(14:0/16:0/22:2(13Z,16Z)), TG(14:0/18:0/20:2n6), TG(14:0/20:0/18:2(9Z,12Z)), TG(14:0/14:1(9Z)/24:1(15Z)), TG(14:0/16:1(9Z)/22:1(13Z)), TG(14:0/18:1(11Z)/20:1(11Z)), TG(14:0/18:1(9Z)/20:1(11Z)), TG(14:0/20:1(11Z)/18:1(11Z)), TG(14:0/20:1(11Z)/18:1(9Z)), TG(14:0/22:1(13Z)/16:1(9Z)), TG(14:0/24:1(15Z)/14:1(9Z)), TG(14:0/18:2(9Z,12Z)/20:0), TG(14:0/20:2n6/18:0), TG(14:0/22:2(13Z,16Z)/16:0), TG(15:0/15:0/22:2(13Z,16Z)), TG(15:0/22:2(13Z,16Z)/15:0), TG(16:0/14:0/22:2(13Z,16Z)), TG(16:0/16:0/20:2n6), TG(16:0/14:1(9Z)/22:1(13Z)), TG(16:0/18:1(9Z)/18:1(11Z)), TG(16:0/18:1(11Z)/18:1(11Z)), TG(16:0/18:1(11Z)/18:1(9Z)), TG(16:0/20:1(11Z)/16:1(9Z)), TG(16:0/22:1(13Z)/14:1(9Z)), TG(16:0/18:2(9Z,12Z)/18:0), TG(16:0/20:2n6/16:0), TG(18:0/14:0/20:2n6), TG(18:0/16:0/18:2(9Z,12Z)), TG(18:0/14:1(9Z)/20:1(11Z)), TG(18:0/16:1(9Z)/18:1(11Z)), TG(18:0/16:1(9Z)/18:1(9Z)), TG(18:0/18:1(11Z)/16:1(9Z)), TG(18:0/18:1(9Z)/16:1(9Z)), TG(18:0/20:1(11Z)/14:1(9Z)), TG(20:0/14:0/18:2(9Z,12Z)), TG(20:0/14:1(9Z)/18:1(11Z)), TG(20:0/14:1(9Z)/18:1(9Z)), TG(20:0/16:1(9Z)/16:1(9Z)), TG(20:0/18:1(11Z)/14:1(9Z)), TG(20:0/18:1(9Z)/14:1(9Z)), TG(22:0/14:1(9Z)/16:1(9Z))","HMDB0005369, HMDB0005378, HMDB0005382, HMDB0005423, HMDB0005431, HMDB0010425, HMDB0010437, HMDB0010438, HMDB0031116, HMDB0042141, HMDB0042168, HMDB0042196, HMDB0042285, HMDB0042314, HMDB0042342, HMDB0042372, HMDB0042400, HMDB0042401, HMDB0042459, HMDB0042488, HMDB0042515, HMDB0042574, HMDB0042663, HMDB0043008, HMDB0043540, HMDB0043847, HMDB0043900, HMDB0044036, HMDB0044116, HMDB0044088, HMDB0044089, HMDB0044143, HMDB0044198, HMDB0044250, HMDB0044305, HMDB0044682, HMDB0044734, HMDB0044865, HMDB0044890, HMDB0044891, HMDB0044916, HMDB0044943, HMDB0044969, HMDB0045488, HMDB0045664, HMDB0045665, HMDB0045689, HMDB0045714, HMDB0045740, HMDB0046434","0","20389768","382458720","50","0","false","0.027539758011698723",""
"Pacific Northwest National Laboratory","20201130_jl_lungmap_agarose_1","2020-12-01_22h59m24s","C53H100O6","M+K","","C53H100O6+K+","871.7151488129999","0.6552397","0.2","0.7260323221966793","0.9230050372805687","0.9777777777777777","TG(16:0/16:0/18:1(9Z)), TG(16:0/16:1(9Z)/18:0), TG(16:0/16:0/18:1(11Z)), TG(18:0/14:0/18:1(11Z)), TG(18:0/14:0/18:1(9Z)), Glycerol 1,3-dihexadecanoate 2-(9Z-octadecenoate), Glycerol 1,2-dihexadecanoate 3-(9Z-octadecenoate), TG(14:0/14:0/22:1(13Z)), TG(14:0/16:0/20:1(11Z)), TG(14:0/18:0/18:1(11Z)), TG(14:0/18:0/18:1(9Z)), TG(14:0/20:0/16:1(9Z)), TG(14:0/22:0/14:1(9Z)), TG(14:0/14:1(9Z)/22:0), TG(14:0/16:1(9Z)/20:0), TG(14:0/18:1(11Z)/18:0), TG(14:0/18:1(9Z)/18:0), TG(14:0/20:1(11Z)/16:0), TG(14:0/22:1(13Z)/14:0), TG(15:0/15:0/20:1(11Z)), TG(15:0/20:1(11Z)/15:0), TG(16:0/14:0/20:1(11Z)), TG(16:0/18:0/16:1(9Z)), TG(16:0/20:0/14:1(9Z)), TG(16:0/14:1(9Z)/20:0), TG(16:0/18:1(11Z)/16:0), TG(16:0/18:1(9Z)/16:0), TG(18:0/16:0/16:1(9Z)), TG(18:0/18:0/14:1(9Z)), TG(18:0/14:1(9Z)/18:0), TG(20:0/14:0/16:1(9Z)), TG(20:0/16:0/14:1(9Z)), TG(22:0/14:0/14:1(9Z))","HMDB0005360, HMDB0005374, HMDB0010416, HMDB0010428, HMDB0010429, HMDB0030969, HMDB0031119, HMDB0042074, HMDB0042132, HMDB0042160, HMDB0042161, HMDB0042189, HMDB0042218, HMDB0042276, HMDB0042305, HMDB0042334, HMDB0042364, HMDB0042393, HMDB0042451, HMDB0042999, HMDB0043279, HMDB0043838, HMDB0043919, HMDB0043946, HMDB0044027, HMDB0044081, HMDB0044109, HMDB0044727, HMDB0044753, HMDB0044857, HMDB0045481, HMDB0045532, HMDB0046258","0","7333670.5","124764392","33","1","false","0.09487693011760712","C51H99O8P+H+"
"Pacific Northwest National Laboratory","20201130_jl_lungmap_agarose_1","2020-12-01_22h59m24s","C44H82NO8P","M+K","","C44H82NO8P+K+","822.540963477","0.6627696","0.2","0.6952694242311174","0.9556042886790435","0.9975424446977003","PC(14:1(9Z)/22:2(13Z,16Z)), PC(16:0/20:3(5Z,8Z,11Z)), PC(16:0/20:3(8Z,11Z,14Z)), PC(16:1(9Z)/20:2(11Z,14Z)), PC(18:0/18:3(6Z,9Z,12Z)), PC(18:0/18:3(9Z,12Z,15Z)), PC(18:1(11Z)/18:2(9Z,12Z)), PC(18:1(9Z)/18:2(9Z,12Z)), PC(18:2(9Z,12Z)/18:1(11Z)), PC(18:2(9Z,12Z)/18:1(9Z)), PC(18:3(6Z,9Z,12Z)/18:0), PC(18:3(9Z,12Z,15Z)/18:0), PC(20:2(11Z,14Z)/16:1(9Z)), PC(20:3(5Z,8Z,11Z)/16:0), PC(20:3(8Z,11Z,14Z)/16:0), PC(22:2(13Z,16Z)/14:1(9Z)), PE-NMe(16:1(9Z)/22:2(13Z,16Z)), PE-NMe(18:0/20:3(5Z,8Z,11Z)), PE-NMe(18:0/20:3(8Z,11Z,14Z)), PE-NMe(18:1(11Z)/20:2(11Z,14Z)), PE-NMe(18:1(9Z)/20:2(11Z,14Z)), PE-NMe(18:2(9Z,12Z)/20:1(11Z)), PE-NMe(18:3(6Z,9Z,12Z)/20:0), PE-NMe(18:3(9Z,12Z,15Z)/20:0), PE-NMe(20:0/18:3(6Z,9Z,12Z)), PE-NMe(20:0/18:3(9Z,12Z,15Z)), PE-NMe(20:1(11Z)/18:2(9Z,12Z)), PE-NMe(20:2(11Z,14Z)/18:1(11Z)), PE-NMe(20:2(11Z,14Z)/18:1(9Z)), PE-NMe(20:3(5Z,8Z,11Z)/18:0), PE-NMe(20:3(8Z,11Z,14Z)/18:0), PE-NMe(22:2(13Z,16Z)/16:1(9Z))","HMDB0007921, HMDB0007980, HMDB0007981, HMDB0008012, HMDB0008040, HMDB0008041, HMDB0008072, HMDB0008105, HMDB0008136, HMDB0008137, HMDB0008168, HMDB0008201, HMDB0008332, HMDB0008364, HMDB0008397, HMDB0008591, HMDB0113077, HMDB0113096, HMDB0113097, HMDB0113122, HMDB0113149, HMDB0113177, HMDB0113204, HMDB0113233, HMDB0113288, HMDB0113289, HMDB0113316, HMDB0113343, HMDB0113344, HMDB0113371, HMDB0113399, HMDB0113567","0","8516324","26459402240","32","0","false","0.00009207823313772678",""
"Pacific Northwest National Laboratory","20201130_jl_lungmap_agarose_1","2020-12-01_22h59m24s","C39H73O8P","M+K","","C39H73O8P+K+","739.467464189","0.6635287","0.2","0.6945658236338681","0.9570876957370686","0.9981471053548924","PA(18:1(9Z)/18:1(11Z)), PA(18:0/18:2(9Z,12Z)), PA(18:1(11Z)/18:1(11Z)), PA(18:1(11Z)/18:1(9Z)), PA(18:1(9Z)/18:1(9Z)), 9-Octadecenoic acid 1-[(phosphonoxy)methyl]-1,2-ethanediyl ester, PA(14:1(9Z)/22:1(13Z)), PA(18:2(9Z,12Z)/18:0), PA(20:1(11Z)/16:1(9Z)), PA(22:1(13Z)/14:1(9Z)), PA(22:2(13Z,16Z)/14:0), PA(16:0/20:2(11Z,14Z)), PA(20:2(11Z,14Z)/16:0), PA(14:0/22:2(13Z,16Z))","HMDB0007864, HMDB0007861, HMDB0007862, HMDB0007863, HMDB0007865, HMDB0031129, HMDB0114804, HMDB0114951, HMDB0115095, HMDB0115271, HMDB0115296, HMDB0115510, HMDB0115535, HMDB0116699","0","6180076","25511907328","14","1","false","0.00005096719542052597","C37H70O12S+H+"
"Pacific Northwest National Laboratory","20201130_jl_lungmap_agarose_1","2020-12-01_22h59m24s","C42H80NO8P","M+K","","C42H80NO8P+K+","796.5253134129999","0.6673492","0.2","0.7117097718790418","0.9398036579324076","0.997730131962847","PC(14:0/20:2(11Z,14Z)), PC(14:1(9Z)/20:1(11Z)), PC(16:0/18:2(9Z,12Z)), PC(16:1(9Z)/18:1(11Z)), PC(16:1(9Z)/18:1(9Z)), PC(18:1(11Z)/16:1(9Z)), PC(18:1(9Z)/16:1(9Z)), PC(18:2(9Z,12Z)/16:0), PC(20:1(11Z)/14:1(9Z)), PC(20:2(11Z,14Z)/14:0), PE(15:0/22:2(13Z,16Z)), PE(22:2(13Z,16Z)/15:0), PE-NMe(18:1(9Z)/18:1(9Z)), PE-NMe(16:1(9Z)/20:1(11Z)), PE-NMe(18:1(9Z)/18:1(11Z)), PE-NMe(18:1(11Z)/18:1(9Z)), PE-NMe(18:1(11Z)/18:1(11Z)), PE-NMe(14:0/22:2(13Z,16Z)), PE-NMe(14:1(9Z)/22:1(13Z)), PE-NMe(16:0/20:2(11Z,14Z)), PE-NMe(18:0/18:2(9Z,12Z)), PE-NMe(18:2(9Z,12Z)/18:0), PE-NMe(20:1(11Z)/16:1(9Z)), PE-NMe(20:2(11Z,14Z)/16:0), PE-NMe(22:1(13Z)/14:1(9Z)), PE-NMe(22:2(13Z,16Z)/14:0), PE-NMe2(15:0/20:2(11Z,14Z)), PE-NMe2(20:2(11Z,14Z)/15:0)","HMDB0007880, HMDB0007912, HMDB0007973, HMDB0008004, HMDB0008005, HMDB0008068, HMDB0008101, HMDB0008133, HMDB0008296, HMDB0008328, HMDB0008909, HMDB0009549, HMDB0010565, HMDB0112966, HMDB0112967, HMDB0112968, HMDB0112969, HMDB0112992, HMDB0113010, HMDB0113047, HMDB0113089, HMDB0113169, HMDB0113312, HMDB0113340, HMDB0113536, HMDB0113563, HMDB0113925, HMDB0114241","0","22465740","92061958144","28","1","false","0.00008122337749227881","C45H76NO7P+Na+"
"Pacific Northwest National Laboratory","20201130_jl_lungmap_agarose_1","2020-12-01_22h59m24s","C40H78NO8P","M+K","","C40H78NO8P+K+","770.509663349","0.6680697","0.2","0.7164344206407971","0.9342047000291878","0.9981672394043528","PC(14:0/18:1(11Z)), PC(14:0/18:1(9Z)), PC(14:1(9Z)/18:0), PC(16:0/16:1(9Z)), PC(16:1(9Z)/16:0), PC(18:0/14:1(9Z)), PC(18:1(11Z)/14:0), PC(18:1(9Z)/14:0), PE(15:0/20:1(11Z)), PE(20:1(11Z)/15:0), PE-NMe(16:0/18:1(9Z)), PE-NMe(14:0/20:1(11Z)), PE-NMe(14:1(9Z)/20:0), PE-NMe(16:0/18:1(11Z)), PE-NMe(16:1(9Z)/18:0), PE-NMe(18:0/16:1(9Z)), PE-NMe(18:1(11Z)/16:0), PE-NMe(18:1(9Z)/16:0), PE-NMe(20:0/14:1(9Z)), PE-NMe(20:1(11Z)/14:0), PE-NMe2(15:0/18:1(9Z)), PE-NMe2(15:0/18:1(11Z)), PE-NMe2(18:1(11Z)/15:0), PE-NMe2(18:1(9Z)/15:0)","HMDB0007872, HMDB0007873, HMDB0007904, HMDB0007969, HMDB0008001, HMDB0008032, HMDB0008064, HMDB0008097, HMDB0008900, HMDB0009252, HMDB0010569, HMDB0112958, HMDB0112960, HMDB0112961, HMDB0112962, HMDB0113088, HMDB0113113, HMDB0113140, HMDB0113280, HMDB0113308, HMDB0113854, HMDB0113855, HMDB0114013, HMDB0114040","0","19033844","77851607040","24","1","false","0.00007106181146809831","C43H74NO7P+Na+"
"Pacific Northwest National Laboratory","20201130_jl_lungmap_agarose_1","2020-12-01_22h59m24s","C43H85NO8","M+K","","C43H85NO8+K+","782.590676573","0.677162","0.2","0.7081641234460291","0.9580593666888774","0.9980819947254855","N-Glycoloylganglioside GM2","HMDB0000770","0","8858718","35123421184","1","0","false","0.00012670295836869627",""
"Pacific Northwest National Laboratory","20201130_jl_lungmap_agarose_1","2020-12-01_22h59m24s","C44H84NO8P","M+K","","C44H84NO8P+K+","824.5566135409999","0.6790895","0.2","0.7123800642714696","0.9557413121770311","0.9974127310061601","PC(18:1(9Z)/18:1(9Z)), PC(14:0/22:2(13Z,16Z)), PC(14:1(9Z)/22:1(13Z)), PC(16:0/20:2(11Z,14Z)), PC(16:1(9Z)/20:1(11Z)), PC(18:0/18:2(9Z,12Z)), PC(18:1(11Z)/18:1(11Z)), PC(18:1(11Z)/18:1(9Z)), PC(18:1(9Z)/18:1(11Z)), PC(18:2(9Z,12Z)/18:0), PC(20:1(11Z)/16:1(9Z)), PC(20:2(11Z,14Z)/16:0), PC(22:1(13Z)/14:1(9Z)), PC(22:2(13Z,16Z)/14:0), 1,2-dioleoyl-sn-glycero-3-phosphocholine, PE-NMe(14:1(9Z)/24:1(15Z)), PE-NMe(16:0/22:2(13Z,16Z)), PE-NMe(16:1(9Z)/22:1(13Z)), PE-NMe(18:0/20:2(11Z,14Z)), PE-NMe(18:1(11Z)/20:1(11Z)), PE-NMe(18:1(9Z)/20:1(11Z)), PE-NMe(18:2(9Z,12Z)/20:0), PE-NMe(20:0/18:2(9Z,12Z)), PE-NMe(20:1(11Z)/18:1(11Z)), PE-NMe(20:1(11Z)/18:1(9Z)), PE-NMe(20:2(11Z,14Z)/18:0), PE-NMe(22:1(13Z)/16:1(9Z)), PE-NMe(22:2(13Z,16Z)/16:0), PE-NMe(24:1(15Z)/14:1(9Z)), PE-NMe2(15:0/22:2(13Z,16Z)), PE-NMe2(22:2(13Z,16Z)/15:0)","HMDB0000593, HMDB0007888, HMDB0007920, HMDB0007979, HMDB0008011, HMDB0008039, HMDB0008070, HMDB0008071, HMDB0008103, HMDB0008135, HMDB0008299, HMDB0008331, HMDB0008559, HMDB0008590, HMDB0062690, HMDB0112977, HMDB0113054, HMDB0113076, HMDB0113095, HMDB0113121, HMDB0113148, HMDB0113176, HMDB0113287, HMDB0113314, HMDB0113315, HMDB0113342, HMDB0113539, HMDB0113566, HMDB0113729, HMDB0113933, HMDB0114468","0","12311425","41742184448","31","0","false","0.00006691819726256654",""
"Pacific Northwest National Laboratory","20201130_jl_lungmap_agarose_1","2020-12-01_22h59m24s","C18H32O16","M+K","","C18H32O16+K+","543.1321928369999","0.682722","0.2","0.6962552422238035","0.9824445022209489","0.9980846586217001","Galactotriose, Maltotriose, Raffinose, Levan, 3-Galactosyllactose, Dextrin, 1-Kestose, Melezitose, Neokestose, Gentiotriose, 6-O-Glucosylmaltose, beta-D-Fructofuranosyl alpha-D-glucopyranosyl-(1->4)-D-glucopyranoside, Panose, 6-Kestose, Umbelliferose, Gentianose, Fagopyritol B2, beta-D-Galactopyranosyl-(1->2)-[beta-D-galactopyranosyl-(1->4)]-D-galactose, beta-D-Galactopyranosyl-(1->4)-beta-D-galactopyranosyl-(1->4)-D-galactose, beta-D-Galactopyranosyl-(1->3)-beta-D-galactopyranosyl-(1->6)-D-galactose, 3-beta-Gentiobiosylglucose, alpha-D-Glucopyranosyl-(1->6)-alpha-D-glucopyranosyl-(1->2)-D-glucose, 4-beta-Laminaribiosylglucose, alpha-D-Glucopyranosyl-(1->4)-alpha-D-glucopyranosyl-(1->6)-D-glucose, 3-beta-Cellobiosylglucose, Fagopyritol A2, Sophorotriose, Nephritogenoside, D-Gal alpha 1->6D-Gal alpha 1->6D-Glucose","HMDB0029922, HMDB0001262, HMDB0003213, HMDB0003539, HMDB0006599, HMDB0006857, HMDB0011729, HMDB0011730, HMDB0029921, HMDB0029910, HMDB0029929, HMDB0029930, HMDB0029937, HMDB0033673, HMDB0033748, HMDB0034072, HMDB0035322, HMDB0038851, HMDB0038852, HMDB0038853, HMDB0039703, HMDB0039704, HMDB0039706, HMDB0039707, HMDB0039708, HMDB0040181, HMDB0040984, HMDB0041948, HMDB0060468","0","10752088","62158340096","29","0","false","0.0001024361263262108",""
"Pacific Northwest National Laboratory","20201130_jl_lungmap_agarose_1","2020-12-01_22h59m24s","C42H82NO8P","M+K","","C42H82NO8P+K+","798.540963477","0.70000106","0.2","0.7374765543672834","0.9512773284530974","0.9977996217267375","PC(14:0/20:1(11Z)), PC(14:1(9Z)/20:0), PC(16:0/18:1(11Z)), PC(16:0/18:1(9Z)), PC(16:1(9Z)/18:0), PC(18:0/16:1(9Z)), PC(18:1(11Z)/16:0), PC(18:1(9Z)/16:0), PC(20:1(11Z)/14:0), PC(20:0/14:1(9Z)), PE(15:0/22:1(13Z)), PE(22:1(13Z)/15:0), PE-NMe(18:0/18:1(9Z)), PE-NMe(18:0/18:1(11Z)), PE-NMe(14:1(9Z)/22:0), PE-NMe(16:0/20:1(11Z)), PE-NMe(16:1(9Z)/20:0), PE-NMe(14:0/22:1(13Z)), PE-NMe(18:1(11Z)/18:0), PE-NMe(18:1(9Z)/18:0), PE-NMe(20:0/16:1(9Z)), PE-NMe(20:1(11Z)/16:0), PE-NMe(22:0/14:1(9Z)), PE-NMe(22:1(13Z)/14:0), PE-NMe2(15:0/20:1(11Z)), PE-NMe2(20:1(11Z)/15:0)","HMDB0007879, HMDB0007911, HMDB0007971, HMDB0007972, HMDB0008003, HMDB0008035, HMDB0008067, HMDB0008100, HMDB0008295, HMDB0008263, HMDB0008908, HMDB0009516, HMDB0112970, HMDB0112971, HMDB0112972, HMDB0112973, HMDB0112974, HMDB0112991, HMDB0113115, HMDB0113142, HMDB0113283, HMDB0113311, HMDB0113509, HMDB0113535, HMDB0113864, HMDB0114212","0","43041572","182954786816","26","1","false","0.00009621327626518905","C45H78NO7P+Na+"
"Pacific Northwest National Laboratory","20201130_jl_lungmap_agarose_1","2020-12-01_22h59m24s","C37H71O8P","M+K","","C37H71O8P+K+","713.4518141249999","0.7064117","0.2","0.7357687098749429","0.9618006072539373","0.9982321209207926","PA(16:0/18:1(11Z)), PA(16:0/18:1(9Z)), 9-Octadecenoic acid 1-[[(1-oxohexadecyl)oxy]methyl]-2-(phosphonoxy)ethyl ester, PA(18:0/16:1(9Z)), PA(18:1(11Z)/16:0), PA(18:1(9Z)/16:0), PA(20:0/14:1(9Z)), PA(20:1(11Z)/14:0)","HMDB0007858, HMDB0007859, HMDB0031130, HMDB0114877, HMDB0114899, HMDB0114924, HMDB0115062, HMDB0115091","0","11888710","36047634432","8","0","false","0.00021139075397513807",""
"Pacific Northwest National Laboratory","20201130_jl_lungmap_agarose_1","2020-12-01_22h59m24s","C21H14O10","M+K","","C21H14O10+K+","465.02185454100004","0.7124656","0.2","0.7243161201019565","0.9845258734125255","0.9990991713445603","5,14-bis(acetyloxy)-4-hydroxy-9-oxo-8,17-dioxatetracyclo[8.7.0.0²,⁷.0¹¹,¹⁶]heptadeca-1(10),2,4,6,11,13,15-heptaen-13-yl acetate, 5,14-bis(acetyloxy)-15-hydroxy-9-oxo-8,17-dioxatetracyclo[8.7.0.0²,⁷.0¹¹,¹⁶]heptadeca-1(10),2(7),3,5,11,13,15-heptaen-13-yl acetate, 5,14-bis(acetyloxy)-6-hydroxy-9-oxo-8,17-dioxatetracyclo[8.7.0.0²,⁷.0¹¹,¹⁶]heptadeca-1(10),2(7),3,5,11,13,15-heptaen-13-yl acetate, 5,13-bis(acetyloxy)-12-hydroxy-9-oxo-8,17-dioxatetracyclo[8.7.0.0²,⁷.0¹¹,¹⁶]heptadeca-1(10),2(7),3,5,11,13,15-heptaen-14-yl acetate, 5,14-bis(acetyloxy)-3-hydroxy-9-oxo-8,17-dioxatetracyclo[8.7.0.0²,⁷.0¹¹,¹⁶]heptadeca-1(10),2,4,6,11,13,15-heptaen-13-yl acetate, 5,13-bis(acetyloxy)-9-oxo-8,17-dioxatetracyclo[8.7.0.0²,⁷.0¹¹,¹⁶]heptadeca-1(10),2(7),3,5,11,13,15-heptaen-14-yl 2-hydroxyacetate, 5,14-bis(acetyloxy)-9-oxo-8,17-dioxatetracyclo[8.7.0.0²,⁷.0¹¹,¹⁶]heptadeca-1(10),2(7),3,5,11,13,15-heptaen-13-yl 2-hydroxyacetate, 13,14-bis(acetyloxy)-9-oxo-8,17-dioxatetracyclo[8.7.0.0²,⁷.0¹¹,¹⁶]heptadeca-1(10),2(7),3,5,11,13,15-heptaen-5-yl 2-hydroxyacetate","HMDB0128404, HMDB0128405, HMDB0128406, HMDB0128407, HMDB0128408, HMDB0128409, HMDB0128410, HMDB0128411","0","3529829","18900957184","8","0","false","0.000016582454918534495",""
"Pacific Northwest National Laboratory","20201130_jl_lungmap_agarose_1","2020-12-01_22h59m24s","C46H84NO7P","M+Na","","C46H84NO7P+Na+","816.5877617109999","0.47520718","0.1","0.5532943811117526","0.8705248814883065","0.9866100895803867","PC(20:3(5Z,8Z,11Z)/P-18:1(11Z)), PC(20:3(5Z,8Z,11Z)/P-18:1(9Z)), PC(20:3(8Z,11Z,14Z)/P-18:1(11Z)), PC(20:3(8Z,11Z,14Z)/P-18:1(9Z)), PC(20:4(5Z,8Z,11Z,14Z)/P-18:0), PC(20:4(8Z,11Z,14Z,17Z)/P-18:0), PC(22:4(7Z,10Z,13Z,16Z)/P-16:0), PC(P-16:0/22:4(7Z,10Z,13Z,16Z)), PC(P-18:0/20:4(5Z,8Z,11Z,14Z)), PC(P-18:0/20:4(8Z,11Z,14Z,17Z)), PC(P-18:1(11Z)/20:3(5Z,8Z,11Z)), PC(P-18:1(11Z)/20:3(8Z,11Z,14Z)), PC(P-18:1(9Z)/20:3(5Z,8Z,11Z)), PC(P-18:1(9Z)/20:3(8Z,11Z,14Z)), PE(P-18:1(9Z)/20:3(8Z,11Z,14Z)), PC(o-18:1(9Z)/20:4(8Z,11Z,14Z,17Z))","HMDB0008392, HMDB0008393, HMDB0008424, HMDB0008425, HMDB0008456, HMDB0008489, HMDB0008652, HMDB0011226, HMDB0011253, HMDB0011254, HMDB0011284, HMDB0011285, HMDB0011317, HMDB0011318, HMDB0011450, HMDB0013432","0","6020960","809335360","16","1","false","0.00016094725287985057","C48H82NO7P+H+"
"Pacific Northwest National Laboratory","20201130_jl_lungmap_agarose_1","2020-12-01_22h59m24s","C44H86NO6P","M+Na","","C44H86NO6P+Na+","778.6084971549999","0.47632566","0.1","0.6867324431675453","0.6960877388295422","0.9964429193170405","PC(P-18:0/P-18:1(11Z)), PC(P-18:0/P-18:1(9Z)), PC(P-18:1(11Z)/P-18:0), PC(P-18:1(9Z)/P-18:0)","HMDB0011267, HMDB0011268, HMDB0011299, HMDB0011332","0","4674930","15702929408","4","0","false","0.00024039910931605846",""
"Pacific Northwest National Laboratory","20201130_jl_lungmap_agarose_1","2020-12-01_22h59m24s","C14H10O8","M+Na","","C14H10O8+Na+","329.026787963","0.4865929","0.1","0.4989050254359079","0.9765189974697083","0.9987739218508449","2-(3,4-Dihydroxybenzoyloxy)-4,6-dihydroxybenzoate","HMDB0059651","0","2846778","14667170816","1","2","false","0.000007677351277379785","C15H15ClN2S+K+, C12H18O4S2+K+"
"Pacific Northwest National Laboratory","20201130_jl_lungmap_agarose_1","2020-12-01_22h59m24s","C11H14O7S","M+Na","","C11H14O7S+Na+","313.035244641","0.49215496","0.1","0.5372484558715154","0.917189958086156","0.9987744118509045","4-Hydroxy-5-(4'-hydroxyphenyl)-valeric acid-4'-O-sulphate, 4-Hydroxy-5-(3'-hydroxyphenyl)-valeric acid-3'-O-sulphate, (5,7-dihydroxy-2,2-dimethyl-3,4-dihydro-2H-1-benzopyran-4-yl)oxidanesulfonic acid, 5-(3-hydroxyphenyl)-4-(sulfooxy)pentanoic acid, 5-[4-hydroxy-3-(sulfooxy)phenyl]pentanoic acid, [4-(1-hydroxy-3-oxobutyl)-2-methoxyphenyl]oxidanesulfonic acid, [1-(4-hydroxy-3-methoxyphenyl)-3-oxobutoxy]sulfonic acid, [2-hydroxy-6-methoxy-4-(3-oxobutyl)phenyl]oxidanesulfonic acid, [4-(4-hydroxy-3-oxobutyl)-2-methoxyphenyl]oxidanesulfonic acid, [4-(4-hydroxy-3-methoxyphenyl)-2-oxobutoxy]sulfonic acid, [4-(2-hydroxy-3-oxobutyl)-2-methoxyphenyl]oxidanesulfonic acid, {[1-(4-hydroxy-3-methoxyphenyl)-3-oxobutan-2-yl]oxy}sulfonic acid","HMDB0059976, HMDB0059975, HMDB0125823, HMDB0127756, HMDB0127760, HMDB0135701, HMDB0135702, HMDB0135708, HMDB0135711, HMDB0135712, HMDB0135714, HMDB0135715","0","2655546.75","12910327808","12","0","false","0.00006362688873196021",""
"Pacific Northwest National Laboratory","20201130_jl_lungmap_agarose_1","2020-12-01_22h59m24s","C40H76NO8P","M+Na","","C40H76NO8P+Na+","752.5200760749999","0.49849784","0.1","0.5242977083535421","0.9526985404887216","0.9979983405932379","PC(14:0/18:2(9Z,12Z)), PC(14:1(9Z)/18:1(11Z)), PC(14:1(9Z)/18:1(9Z)), PC(16:1(9Z)/16:1(9Z)), PC(18:1(11Z)/14:1(9Z)), PC(18:1(9Z)/14:1(9Z)), PC(18:2(9Z,12Z)/14:0), PE(15:0/20:2(11Z,14Z)), PE(20:2(11Z,14Z)/15:0), PE-NMe(14:1(9Z)/20:1(11Z)), PE-NMe(16:1(9Z)/18:1(9Z)), PE-NMe(16:1(9Z)/18:1(11Z)), PE-NMe(14:0/20:2(11Z,14Z)), PE-NMe(16:0/18:2(9Z,12Z)), PE-NMe(18:1(9Z)/16:1(9Z)), PE-NMe(18:1(11Z)/16:1(9Z)), PE-NMe(18:2(9Z,12Z)/16:0), PE-NMe(20:1(11Z)/14:1(9Z)), PE-NMe(20:2(11Z,14Z)/14:0), PE-NMe2(15:0/18:2(9Z,12Z)), PE-NMe2(18:2(9Z,12Z)/15:0)","HMDB0007874, HMDB0007905, HMDB0007906, HMDB0008002, HMDB0008065, HMDB0008098, HMDB0008130, HMDB0008901, HMDB0009285, HMDB0112955, HMDB0112956, HMDB0112957, HMDB0112984, HMDB0113042, HMDB0113141, HMDB0113114, HMDB0113167, HMDB0113309, HMDB0113337, HMDB0113920, HMDB0114067","0","4418824.5","11471841280","21","0","false","0.00004647209425456822",""
"Pacific Northwest National Laboratory","20201130_jl_lungmap_agarose_1","2020-12-01_22h59m24s","C51H98O6","M+Na","","C51H98O6+Na+","829.725561539","0.5031269","0.1","0.5925242208123498","0.8920765017522166","0.9518518518518518","TG(16:0/16:0/16:0), TG(16:0/14:0/18:0), TG(14:0/14:0/20:0), TG(14:0/16:0/18:0), TG(14:0/18:0/16:0), TG(14:0/20:0/14:0), TG(15:0/15:0/18:0), TG(15:0/18:0/15:0), TG(20:0/a-13:0/15:0), TG(20:0/a-15:0/a-13:0), TG(i-20:0/10:0/18:0), TG(20:0/14:0/i-14:0), TG(20:0/15:0/i-13:0), TG(i-20:0/i-13:0/15:0), TG(i-20:0/14:0/i-14:0), TG(i-20:0/i-18:0/10:0), TG(20:0/13:0/15:0), TG(i-20:0/a-13:0/i-15:0), TG(i-20:0/15:0/13:0), TG(20:0/i-15:0/a-13:0), TG(20:0/i-12:0/16:0), TG(i-20:0/a-13:0/15:0), TG(i-20:0/16:0/i-12:0), TG(20:0/10:0/i-18:0), TG(i-20:0/i-15:0/13:0), TG(i-20:0/i-20:0/8:0), TG(20:0/i-12:0/i-16:0), TG(20:0/a-13:0/i-15:0), TG(i-20:0/i-16:0/12:0), TG(20:0/i-16:0/i-12:0), TG(i-20:0/15:0/i-13:0), TG(20:0/20:0/8:0), TG(i-20:0/i-14:0/14:0), TG(i-20:0/18:0/10:0), TG(20:0/i-13:0/15:0), TG(i-20:0/i-16:0/i-12:0), TG(i-20:0/16:0/12:0), TG(20:0/15:0/a-13:0), TG(i-20:0/8:0/20:0), TG(20:0/14:0/14:0), TG(20:0/12:0/16:0), TG(i-20:0/13:0/15:0), TG(20:0/8:0/i-20:0), TG(20:0/i-18:0/10:0), TG(20:0/i-15:0/i-13:0), TG(20:0/i-15:0/13:0), TG(i-20:0/a-13:0/a-15:0), TG(i-20:0/14:0/14:0), TG(20:0/13:0/i-15:0), TG(i-20:0/i-15:0/a-13:0)","HMDB0005356, HMDB0010413, HMDB0042065, HMDB0042124, HMDB0042153, HMDB0042181, HMDB0042991, HMDB0043047, HMDB0062843, HMDB0062847, HMDB0062855, HMDB0062857, HMDB0062863, HMDB0062870, HMDB0062875, HMDB0062901, HMDB0062930, HMDB0062947, HMDB0062976, HMDB0062988, HMDB0063007, HMDB0063012, HMDB0063027, HMDB0063107, HMDB0063131, HMDB0063135, HMDB0063143, HMDB0063176, HMDB0063183, HMDB0063189, HMDB0063209, HMDB0063252, HMDB0063279, HMDB0063290, HMDB0063347, HMDB0063357, HMDB0063358, HMDB0063405, HMDB0063440, HMDB0063486, HMDB0063528, HMDB0063541, HMDB0063560, HMDB0063573, HMDB0063578, HMDB0063582, HMDB0063599, HMDB0063632, HMDB0063647, HMDB0063650","0","2274496.5","10510799","50","0","false","0.2271096408367157",""
"Pacific Northwest National Laboratory","20201130_jl_lungmap_agarose_1","2020-12-01_22h59m24s","C24H38O4","M+Na","","C24H38O4+Na+","413.26623037900004","0.5052791","0.1","0.5288886444107169","0.957284512525609","0.9979897826546961","12-Ketodeoxycholic acid, 7-Hydroxy-3-oxocholanoic acid, Nutriacholic acid, 7a-Hydroxy-3-oxo-5b-cholanoic acid, 9'-Carboxy-alpha-chromanol, D8'-Merulinic acid A, 12alpha-hydroxy-3-oxo-5beta-cholan-24-oic Acid","HMDB0000328, HMDB0000460, HMDB0000467, HMDB0000503, HMDB0012866, HMDB0041454, HMDB0062742","0","1307159.875","3792981248","7","0","false","0.000018109325537807308",""
"Pacific Northwest National Laboratory","20201130_jl_lungmap_agarose_1","2020-12-01_22h59m24s","C16H20O11","M+Na","","C16H20O11+Na+","411.08978214300004","0.5084433","0.1","0.5278325882156667","0.965534642408488","0.9976505846779589","3,4,5-trihydroxy-6-[2-hydroxy-5-(2-hydroxy-3-methoxy-3-oxopropyl)phenoxy]oxane-2-carboxylic acid, 3,4,5-trihydroxy-6-[2-hydroxy-4-(2-hydroxy-3-methoxy-3-oxopropyl)phenoxy]oxane-2-carboxylic acid, 6-[4-(2-carboxy-2-hydroxyethyl)-2-methoxyphenoxy]-3,4,5-trihydroxyoxane-2-carboxylic acid, 3,4,5-trihydroxy-6-{[2-hydroxy-3-(4-hydroxy-3-methoxyphenyl)propanoyl]oxy}oxane-2-carboxylic acid, 6-[5-(2-carboxy-2-hydroxyethyl)-2-methoxyphenoxy]-3,4,5-trihydroxyoxane-2-carboxylic acid, 3,4,5-trihydroxy-6-{[2-hydroxy-3-(3-hydroxy-4-methoxyphenyl)propanoyl]oxy}oxane-2-carboxylic acid, 6-[5-(2-carboxyethyl)-2-hydroxy-3-methoxyphenoxy]-3,4,5-trihydroxyoxane-2-carboxylic acid, 6-[4-(2-carboxyethyl)-2-hydroxy-6-methoxyphenoxy]-3,4,5-trihydroxyoxane-2-carboxylic acid, 6-{[3-(3,4-dihydroxy-5-methoxyphenyl)propanoyl]oxy}-3,4,5-trihydroxyoxane-2-carboxylic acid, 6-[2-(2-carboxyethyl)-5-hydroxy-4-methoxyphenoxy]-3,4,5-trihydroxyoxane-2-carboxylic acid, 6-[4-(2-carboxyethyl)-5-hydroxy-2-methoxyphenoxy]-3,4,5-trihydroxyoxane-2-carboxylic acid, 6-{[3-(2,4-dihydroxy-5-methoxyphenyl)propanoyl]oxy}-3,4,5-trihydroxyoxane-2-carboxylic acid, 6-[6-(2-carboxyethyl)-3-hydroxy-2-methoxyphenoxy]-3,4,5-trihydroxyoxane-2-carboxylic acid, 6-[4-(2-carboxyethyl)-3-hydroxy-2-methoxyphenoxy]-3,4,5-trihydroxyoxane-2-carboxylic acid, 6-{[3-(2,4-dihydroxy-3-methoxyphenyl)propanoyl]oxy}-3,4,5-trihydroxyoxane-2-carboxylic acid, 6-[6-(1-carboxyethyl)-2-hydroxy-3-methoxyphenoxy]-3,4,5-trihydroxyoxane-2-carboxylic acid, 6-{[2-(2,3-dihydroxy-4-methoxyphenyl)propanoyl]oxy}-3,4,5-trihydroxyoxane-2-carboxylic acid, 6-[5-(1-carboxyethyl)-4-hydroxy-2-methoxyphenoxy]-3,4,5-trihydroxyoxane-2-carboxylic acid, 6-[2-(1-carboxyethyl)-4-hydroxy-5-methoxyphenoxy]-3,4,5-trihydroxyoxane-2-carboxylic acid, 6-{[2-(2,5-dihydroxy-4-methoxyphenyl)propanoyl]oxy}-3,4,5-trihydroxyoxane-2-carboxylic acid","HMDB0124953, HMDB0124952, HMDB0127786, HMDB0127787, HMDB0127841, HMDB0127842, HMDB0128002, HMDB0128003, HMDB0128004, HMDB0128040, HMDB0128041, HMDB0128042, HMDB0128051, HMDB0128052, HMDB0128053, HMDB0133891, HMDB0133892, HMDB0133899, HMDB0133900, HMDB0133901","0","2809457.5","8790400000","20","1","false","0.0002625470224302262","C18H19N3O5S+Na+"
"Pacific Northwest National Laboratory","20201130_jl_lungmap_agarose_1","2020-12-01_22h59m24s","C42H84NO7P","M+Na","","C42H84NO7P+Na+","768.5877617109999","0.5089851","0.1","0.5724958797333534","0.8904513688187975","0.9984412348920985","PC(16:0/P-18:0), PC(18:0/P-16:0), PC(P-16:0/18:0), PC(P-18:0/16:0), PC(o-16:1(9Z)/18:0), PC(o-18:1(11Z)/16:0), PC(o-18:1(9Z)/16:0)","HMDB0007995, HMDB0008060, HMDB0011208, HMDB0011239, HMDB0013412, HMDB0013424, HMDB0013426","0","6503979.5","8835281920","7","1","false","0.0000439356044807937","C44H82NO7P+H+"
"Pacific Northwest National Laboratory","20201130_jl_lungmap_agarose_1","2020-12-01_22h59m24s","C59H102O6","M+Na","","C59H102O6+Na+","929.756861667","0.5155027","0.1","0.5969850330287926","0.8943499317254754","0.9655172413793104","TG(18:0/18:2(9Z,12Z)/20:4(5Z,8Z,11Z,14Z)), TG(16:1(9Z)/20:1(11Z)/20:4(5Z,8Z,11Z,14Z)), TG(18:1(9Z)/18:1(9Z)/20:4(5Z,8Z,11Z,14Z)), TG(18:1(9Z)/16:0/22:5(7Z,10Z,13Z,16Z,19Z)), TG(18:2(9Z,12Z)/18:1(9Z)/20:3(8Z,11Z,14Z)), TG(18:2(9Z,12Z)/18:2(9Z,12Z)/20:2(11Z,14Z)), TG(14:0/20:0/22:6(4Z,7Z,10Z,13Z,16Z,19Z)), TG(14:0/20:1(11Z)/22:5(4Z,7Z,10Z,13Z,16Z)), TG(14:0/20:1(11Z)/22:5(7Z,10Z,13Z,16Z,19Z)), TG(14:0/22:1(13Z)/20:5(5Z,8Z,11Z,14Z,17Z)), TG(14:0/20:2n6/22:4(7Z,10Z,13Z,16Z)), TG(14:0/20:4(5Z,8Z,11Z,14Z)/22:2(13Z,16Z)), TG(14:0/22:2(13Z,16Z)/20:4(5Z,8Z,11Z,14Z)), TG(14:0/22:2(13Z,16Z)/20:4(8Z,11Z,14Z,17Z)), TG(14:0/22:4(7Z,10Z,13Z,16Z)/20:2n6), TG(14:0/22:5(4Z,7Z,10Z,13Z,16Z)/20:1(11Z)), TG(14:0/20:4(8Z,11Z,14Z,17Z)/22:2(13Z,16Z)), TG(14:0/20:5(5Z,8Z,11Z,14Z,17Z)/22:1(13Z)), TG(14:0/22:5(7Z,10Z,13Z,16Z,19Z)/20:1(11Z)), TG(14:0/22:6(4Z,7Z,10Z,13Z,16Z,19Z)/20:0), TG(16:0/18:0/22:6(4Z,7Z,10Z,13Z,16Z,19Z)), TG(16:0/18:1(11Z)/22:5(4Z,7Z,10Z,13Z,16Z)), TG(16:0/18:1(11Z)/22:5(7Z,10Z,13Z,16Z,19Z)), TG(16:0/18:1(9Z)/22:5(4Z,7Z,10Z,13Z,16Z)), TG(16:0/18:1(9Z)/22:5(7Z,10Z,13Z,16Z,19Z)), TG(16:0/20:1(11Z)/20:5(5Z,8Z,11Z,14Z,17Z)), TG(16:0/20:3(5Z,8Z,11Z)/20:3(5Z,8Z,11Z)), TG(16:0/20:3(5Z,8Z,11Z)/20:3n6), TG(16:0/18:2(9Z,12Z)/22:4(7Z,10Z,13Z,16Z)), TG(16:0/20:2n6/20:4(5Z,8Z,11Z,14Z)), TG(16:0/20:2n6/20:4(8Z,11Z,14Z,17Z)), TG(16:0/20:3n6/20:3(5Z,8Z,11Z)), TG(16:0/20:3n6/20:3n6), TG(16:0/20:4(5Z,8Z,11Z,14Z)/20:2n6), TG(16:0/22:2(13Z,16Z)/18:4(6Z,9Z,12Z,15Z)), TG(16:0/22:4(7Z,10Z,13Z,16Z)/18:2(9Z,12Z)), TG(16:0/22:5(4Z,7Z,10Z,13Z,16Z)/18:1(11Z)), TG(16:0/22:5(4Z,7Z,10Z,13Z,16Z)/18:1(9Z)), TG(16:0/18:4(6Z,9Z,12Z,15Z)/22:2(13Z,16Z)), TG(16:0/20:4(8Z,11Z,14Z,17Z)/20:2n6), TG(16:0/20:5(5Z,8Z,11Z,14Z,17Z)/20:1(11Z)), TG(16:0/22:5(7Z,10Z,13Z,16Z,19Z)/18:1(11Z)), TG(16:0/22:5(7Z,10Z,13Z,16Z,19Z)/18:1(9Z)), TG(16:0/22:6(4Z,7Z,10Z,13Z,16Z,19Z)/18:0), TG(18:0/16:0/22:6(4Z,7Z,10Z,13Z,16Z,19Z)), TG(18:0/16:1(9Z)/22:5(4Z,7Z,10Z,13Z,16Z)), TG(18:0/16:1(9Z)/22:5(7Z,10Z,13Z,16Z,19Z)), TG(18:0/18:1(11Z)/20:5(5Z,8Z,11Z,14Z,17Z)), TG(18:0/18:1(9Z)/20:5(5Z,8Z,11Z,14Z,17Z)), TG(18:0/20:3(5Z,8Z,11Z)/18:3(6Z,9Z,12Z))","HMDB0005412, HMDB0005443, HMDB0005456, HMDB0010454, HMDB0010485, HMDB0010491, HMDB0042209, HMDB0042413, HMDB0042418, HMDB0042477, HMDB0042592, HMDB0042651, HMDB0042680, HMDB0042686, HMDB0042708, HMDB0042732, HMDB0042831, HMDB0042854, HMDB0042882, HMDB0042905, HMDB0043939, HMDB0044101, HMDB0044106, HMDB0044129, HMDB0044134, HMDB0044161, HMDB0044175, HMDB0044181, HMDB0044268, HMDB0044322, HMDB0044328, HMDB0044343, HMDB0044349, HMDB0044376, HMDB0044411, HMDB0044430, HMDB0044452, HMDB0044453, HMDB0044519, HMDB0044544, HMDB0044566, HMDB0044592, HMDB0044593, HMDB0044614, HMDB0044747, HMDB0044903, HMDB0044908, HMDB0044934, HMDB0044961, HMDB0045005","0","2805316.5","38127640","50","1","false","0.15966705977916718","C61H100O6+H+"
"Pacific Northwest National Laboratory","20201130_jl_lungmap_agarose_1","2020-12-01_22h59m24s","C15H11I4NO4","M+Na","","C15H11I4NO4+Na+","799.675908515","0.51834214","0.1","0.6787421941968336","0.8727776459398613","0.875","Dextrothyroxine, Thyroxine","HMDB0014651, HMDB0000248","0","1701414","4718461","2","1","false","0.13249003887176514","C49H92O6+Na+"
"Pacific Northwest National Laboratory","20201130_jl_lungmap_agarose_1","2020-12-01_22h59m24s","C32H49NO5","M+Na","","C32H49NO5+Na+","550.350294351","0.5192365","0.1","0.5563745670119038","0.936717310873257","0.9962983579181742","Daphniphylline","HMDB0030291","0","1296958.75","4361531392","1","0","false","0.0008998424746096134",""
"Pacific Northwest National Laboratory","20201130_jl_lungmap_agarose_1","2020-12-01_22h59m24s","C45H80NO7P","M+Na","","C45H80NO7P+Na+","800.5564615829999","0.5202212","0.1","0.540534244097815","0.9654048823180369","0.9969085872576178","PE(22:4(7Z,10Z,13Z,16Z)/P-18:1(11Z)), PE(22:4(7Z,10Z,13Z,16Z)/P-18:1(9Z)), PE(22:5(4Z,7Z,10Z,13Z,16Z)/P-18:0), PE(22:5(7Z,10Z,13Z,16Z,19Z)/P-18:0), PE(P-18:0/22:5(4Z,7Z,10Z,13Z,16Z)), PE(P-18:0/22:5(7Z,10Z,13Z,16Z,19Z)), PE(P-18:1(11Z)/22:4(7Z,10Z,13Z,16Z)), PE(P-18:1(9Z)/22:4(7Z,10Z,13Z,16Z))","HMDB0009611, HMDB0009612, HMDB0009643, HMDB0009676, HMDB0011392, HMDB0011393, HMDB0011424, HMDB0011457","0","6748644","17875849216","8","1","false","0.000034761214919853956","C42H84NO8P+K+"
"Pacific Northwest National Laboratory","20201130_jl_lungmap_agarose_1","2020-12-01_22h59m24s","C12H20O11","M+Na","","C12H20O11+Na+","363.08978214300004","0.5267964","0.1","0.5368838348915173","0.9825407722150873","0.9986467407229814","3'-Ketolactose, 2-O-(4-O-Methyl-a-D-glucopyranuronosyl)-D-xylose, 4-O-(4-O-Methyl-alpha-D-glucopyranuronosyl)-L-arabinose, 3-O-(4-O-Methyl-a-D-glucopyranuronosyl)-L-arabinose, 4-O-beta-D-Glucopyranuronosyl-L-fucose, 2-O-a-D-Galactopyranuronosyl-L-rhamnose, 3,4,5-trihydroxy-6-[(2,3,5-trihydroxy-6-methyloxan-4-yl)oxy]oxane-2-carboxylic acid","HMDB0001030, HMDB0029917, HMDB0039725, HMDB0039888, HMDB0039889, HMDB0040159, HMDB0124752","0","2744254.5","12997090304","7","1","false","0.0001649202313274145","C19H19NO4+K+"
"Pacific Northwest National Laboratory","20201130_jl_lungmap_agarose_1","2020-12-01_22h59m24s","C44H78NO8P","M+Na","","C44H78NO8P+Na+","802.535726139","0.5301632","0.1","0.5771148073354743","0.9206644217671608","0.9978058373007659","PC(14:0/22:5(4Z,7Z,10Z,13Z,16Z)), PC(14:0/22:5(7Z,10Z,13Z,16Z,19Z)), PC(14:1(9Z)/22:4(7Z,10Z,13Z,16Z)), PC(16:0/20:5(5Z,8Z,11Z,14Z,17Z)), PC(16:1(9Z)/20:4(5Z,8Z,11Z,14Z)), PC(16:1(9Z)/20:4(8Z,11Z,14Z,17Z)), PC(18:1(11Z)/18:4(6Z,9Z,12Z,15Z)), PC(18:1(9Z)/18:4(6Z,9Z,12Z,15Z)), PC(18:2(9Z,12Z)/18:3(6Z,9Z,12Z)), PC(18:2(9Z,12Z)/18:3(9Z,12Z,15Z)), PC(18:3(6Z,9Z,12Z)/18:2(9Z,12Z)), PC(18:3(9Z,12Z,15Z)/18:2(9Z,12Z)), PC(18:4(6Z,9Z,12Z,15Z)/18:1(11Z)), PC(18:4(6Z,9Z,12Z,15Z)/18:1(9Z)), PC(20:4(5Z,8Z,11Z,14Z)/16:1(9Z)), PC(20:4(8Z,11Z,14Z,17Z)/16:1(9Z)), PC(20:5(5Z,8Z,11Z,14Z,17Z)/16:0), PC(22:4(7Z,10Z,13Z,16Z)/14:1(9Z)), PC(22:5(4Z,7Z,10Z,13Z,16Z)/14:0), PC(22:5(7Z,10Z,13Z,16Z,19Z)/14:0), PE-NMe(16:0/22:5(4Z,7Z,10Z,13Z,16Z)), PE-NMe(16:0/22:5(7Z,10Z,13Z,16Z,19Z)), PE-NMe(16:1(9Z)/22:4(7Z,10Z,13Z,16Z)), PE-NMe(18:0/20:5(5Z,8Z,11Z,14Z,17Z)), PE-NMe(18:1(11Z)/20:4(5Z,8Z,11Z,14Z)), PE-NMe(18:1(11Z)/20:4(8Z,11Z,14Z,17Z)), PE-NMe(18:1(9Z)/20:4(5Z,8Z,11Z,14Z)), PE-NMe(18:1(9Z)/20:4(8Z,11Z,14Z,17Z)), PE-NMe(18:2(9Z,12Z)/20:3(5Z,8Z,11Z)), PE-NMe(18:2(9Z,12Z)/20:3(8Z,11Z,14Z)), PE-NMe(18:3(6Z,9Z,12Z)/20:2(11Z,14Z)), PE-NMe(18:3(9Z,12Z,15Z)/20:2(11Z,14Z)), PE-NMe(18:4(6Z,9Z,12Z,15Z)/20:1(11Z)), PE-NMe(20:1(11Z)/18:4(6Z,9Z,12Z,15Z)), PE-NMe(20:2(11Z,14Z)/18:3(6Z,9Z,12Z)), PE-NMe(20:2(11Z,14Z)/18:3(9Z,12Z,15Z)), PE-NMe(20:3(5Z,8Z,11Z)/18:2(9Z,12Z)), PE-NMe(20:3(8Z,11Z,14Z)/18:2(9Z,12Z)), PE-NMe(20:4(5Z,8Z,11Z,14Z)/18:1(11Z)), PE-NMe(20:4(5Z,8Z,11Z,14Z)/18:1(9Z)), PE-NMe(20:4(8Z,11Z,14Z,17Z)/18:1(11Z)), PE-NMe(20:4(8Z,11Z,14Z,17Z)/18:1(9Z)), PE-NMe(20:5(5Z,8Z,11Z,14Z,17Z)/18:0), PE-NMe(22:4(7Z,10Z,13Z,16Z)/16:1(9Z)), PE-NMe(22:5(7Z,10Z,13Z,16Z,19Z)/16:0), PE-NMe2(15:0/22:5(4Z,7Z,10Z,13Z,16Z)), PE-NMe2(15:0/22:5(7Z,10Z,13Z,16Z,19Z)), PE-NMe2(22:5(4Z,7Z,10Z,13Z,16Z)/15:0), PE-NMe2(22:5(7Z,10Z,13Z,16Z,19Z)/15:0), PE-NMe(22:5(4Z,7Z,10Z,13Z,16Z)/16:0)","HMDB0007890, HMDB0007891, HMDB0007922, HMDB0007984, HMDB0008015, HMDB0008016, HMDB0008075, HMDB0008108, HMDB0008140, HMDB0008141, HMDB0008171, HMDB0008204, HMDB0008235, HMDB0008236, HMDB0008430, HMDB0008463, HMDB0008495, HMDB0008624, HMDB0008656, HMDB0008689, HMDB0113056, HMDB0113057, HMDB0113078, HMDB0113100, HMDB0113125, HMDB0113126, HMDB0113152, HMDB0113153, HMDB0113179, HMDB0113180, HMDB0113206, HMDB0113235, HMDB0113263, HMDB0113319, HMDB0113346, HMDB0113347, HMDB0113374, HMDB0113402, HMDB0113428, HMDB0113429, HMDB0113456, HMDB0113457, HMDB0113484, HMDB0113596, HMDB0113649, HMDB0113935, HMDB0113936, HMDB0114525, HMDB0114551, HMDB0116733","0","5190450","10147197952","50","1","false","0.000019758079361054115","C46H76NO8P+H+"
"Pacific Northwest National Laboratory","20201130_jl_lungmap_agarose_1","2020-12-01_22h59m24s","C14H14O8","M+Na","","C14H14O8+Na+","333.058088091","0.53730077","0.1","0.5458009225878907","0.9855840980226872","0.9988252217693598","Mono-trans-p-coumaroylmesotartaric acid, 6-(1-benzofuran-4-yloxy)-3,4,5-trihydroxyoxane-2-carboxylic acid","HMDB0029783, HMDB0129414","0","3974803.5","11571304448","2","0","false","0.00009725581185193732",""
"Pacific Northwest National Laboratory","20201130_jl_lungmap_agarose_1","2020-12-01_22h59m24s","C43H86NO7P","M+Na","","C43H86NO7P+Na+","782.6034117749999","0.53796905","0.1","0.5815869836447163","0.9267755355668397","0.9980862148082166","PE(20:0/P-18:0), PE(22:0/P-16:0), PE(P-16:0/22:0), PE(P-18:0/20:0)","HMDB0009247, HMDB0009510, HMDB0011355, HMDB0011380","0","3569096.25","14110302208","4","0","false","0.00008038978558033705",""
"Pacific Northwest National Laboratory","20201130_jl_lungmap_agarose_1","2020-12-01_22h59m24s","C11H14N2O3S","M+Na","","C11H14N2O3S+Na+","277.061734161","0.5420125","0.1","0.5529837478200951","0.981213320300238","0.9989264498255148","Acetaminophen cystein","HMDB0060559","0","4341767","24555466752","1","3","false","0.00004581010580295697","C11H14N2O4+K+, C16H14O2+K+, C8H18N2O4S+K+"
"Pacific Northwest National Laboratory","20201130_jl_lungmap_agarose_1","2020-12-01_22h59m24s","C41H71O8P","M+Na","","C41H71O8P+Na+","745.4778769149999","0.54498214","0.1","0.5925375680966356","0.923571445397542","0.9958545188035363","PA(16:0/22:5(4Z,7Z,10Z,13Z,16Z)), PA(16:0/22:5(7Z,10Z,13Z,16Z,19Z)), PA(16:1(9Z)/22:4(7Z,10Z,13Z,16Z)), PA(18:0/20:5(5Z,8Z,11Z,14Z,17Z)), PA(18:1(11Z)/20:4(5Z,8Z,11Z,14Z)), PA(18:1(11Z)/20:4(8Z,11Z,14Z,17Z)), PA(18:1(9Z)/20:4(5Z,8Z,11Z,14Z)), PA(18:1(9Z)/20:4(8Z,11Z,14Z,17Z)), PA(18:2(9Z,12Z)/20:3(5Z,8Z,11Z)), PA(18:4(6Z,9Z,12Z,15Z)/20:1(11Z)), PA(20:1(11Z)/18:4(6Z,9Z,12Z,15Z)), PA(20:3(5Z,8Z,11Z)/18:2(9Z,12Z)), PA(20:4(5Z,8Z,11Z,14Z)/18:1(11Z)), PA(20:4(5Z,8Z,11Z,14Z)/18:1(9Z)), PA(20:4(8Z,11Z,14Z,17Z)/18:1(11Z)), PA(20:4(8Z,11Z,14Z,17Z)/18:1(9Z)), PA(22:4(7Z,10Z,13Z,16Z)/16:1(9Z)), PA(22:5(4Z,7Z,10Z,13Z,16Z)/16:0), PA(22:5(7Z,10Z,13Z,16Z,19Z)/16:0), PA(20:3(8Z,11Z,14Z)/18:2(9Z,12Z)), PA(18:2(9Z,12Z)/20:3(8Z,11Z,14Z)), PA(18:3(6Z,9Z,12Z)/20:2(11Z,14Z)), PA(18:3(9Z,12Z,15Z)/20:2(11Z,14Z)), PA(20:2(11Z,14Z)/18:3(6Z,9Z,12Z)), PA(20:2(11Z,14Z)/18:3(9Z,12Z,15Z)), PA(20:5(5Z,8Z,11Z,14Z,17Z)/18:0)","HMDB0114847, HMDB0114848, HMDB0114867, HMDB0114886, HMDB0114909, HMDB0114910, HMDB0114934, HMDB0114935, HMDB0114960, HMDB0115040, HMDB0115102, HMDB0115126, HMDB0115150, HMDB0115151, HMDB0115177, HMDB0115178, HMDB0115327, HMDB0115352, HMDB0115378, HMDB0115495, HMDB0115521, HMDB0115522, HMDB0115524, HMDB0115540, HMDB0115541, HMDB0116704","0","7096512.5","12879162368","26","2","false","0.00001105786668631481","C43H69O8P+H+, C37H72NO10P+Na+"
"Pacific Northwest National Laboratory","20201130_jl_lungmap_agarose_1","2020-12-01_22h59m24s","C44H82NO7P","M+Na","","C44H82NO7P+Na+","790.5721116469999","0.54917866","0.1","0.6223649544155965","0.8911748270132884","0.9901604840831361","PC(18:2(9Z,12Z)/P-18:1(11Z)), PC(18:2(9Z,12Z)/P-18:1(9Z)), PC(18:3(6Z,9Z,12Z)/P-18:0), PC(18:3(9Z,12Z,15Z)/P-18:0), PC(20:3(5Z,8Z,11Z)/P-16:0), PC(20:3(8Z,11Z,14Z)/P-16:0), PC(P-16:0/20:3(5Z,8Z,11Z)), PC(P-16:0/20:3(8Z,11Z,14Z)), PC(P-18:0/18:3(6Z,9Z,12Z)), PC(P-18:0/18:3(9Z,12Z,15Z)), PC(P-18:1(11Z)/18:2(9Z,12Z)), PC(P-18:1(9Z)/18:2(9Z,12Z)), PC(o-16:0/20:4(8Z,11Z,14Z,17Z)), PC(o-18:2(9Z,12Z)/18:2(9Z,12Z))","HMDB0008161, HMDB0008162, HMDB0008193, HMDB0008226, HMDB0008390, HMDB0008422, HMDB0011218, HMDB0011219, HMDB0011245, HMDB0011246, HMDB0011277, HMDB0011310, HMDB0013407, HMDB0013435","0","7939977","1321126912","14","0","false","0.00042703645885922015",""
"Pacific Northwest National Laboratory","20201130_jl_lungmap_agarose_1","2020-12-01_22h59m24s","C59H108O6","M+Na","","C59H108O6+Na+","935.8038118589999","0.55775297","0.1","0.643328427160452","0.9076687137322366","0.9551724137931035","TG(18:0/18:2(9Z,12Z)/20:1(11Z)), TG(16:1(9Z)/20:1(11Z)/20:1(11Z)), TG(18:1(9Z)/18:1(9Z)/20:1(11Z)), TG(18:1(9Z)/18:2(9Z,12Z)/20:0), TG(14:0/22:0/20:3(5Z,8Z,11Z)), TG(14:0/22:0/20:3n6), TG(14:0/24:0/18:3(6Z,9Z,12Z)), TG(14:0/24:0/18:3(9Z,12Z,15Z)), TG(14:0/20:1(11Z)/22:2(13Z,16Z)), TG(14:0/20:3(5Z,8Z,11Z)/22:0), TG(14:0/22:1(13Z)/20:2n6), TG(14:0/24:1(15Z)/18:2(9Z,12Z)), TG(14:0/18:2(9Z,12Z)/24:1(15Z)), TG(14:0/18:3(6Z,9Z,12Z)/24:0), TG(14:0/20:2n6/22:1(13Z)), TG(14:0/20:3n6/22:0), TG(14:0/22:2(13Z,16Z)/20:1(11Z)), TG(14:0/18:3(9Z,12Z,15Z)/24:0), TG(16:0/20:0/20:3(5Z,8Z,11Z)), TG(16:0/20:0/20:3n6), TG(16:0/22:0/18:3(6Z,9Z,12Z)), TG(16:0/22:0/18:3(9Z,12Z,15Z)), TG(16:0/18:1(11Z)/22:2(13Z,16Z)), TG(16:0/18:1(9Z)/22:2(13Z,16Z)), TG(16:0/20:1(11Z)/20:2n6), TG(16:0/20:3(5Z,8Z,11Z)/20:0), TG(16:0/22:1(13Z)/18:2(9Z,12Z)), TG(16:0/18:2(9Z,12Z)/22:1(13Z)), TG(16:0/18:3(6Z,9Z,12Z)/22:0), TG(16:0/20:2n6/20:1(11Z)), TG(16:0/22:2(13Z,16Z)/18:1(9Z)), TG(16:0/20:3n6/20:0), TG(16:0/22:2(13Z,16Z)/18:1(11Z)), TG(16:0/18:3(9Z,12Z,15Z)/22:0), TG(18:0/18:0/20:3(5Z,8Z,11Z)), TG(18:0/18:0/20:3n6), TG(18:0/20:0/18:3(6Z,9Z,12Z)), TG(18:0/20:0/18:3(9Z,12Z,15Z)), TG(18:0/16:1(9Z)/22:2(13Z,16Z)), TG(18:0/18:1(11Z)/20:2n6), TG(18:0/18:1(9Z)/20:2n6), TG(18:0/20:1(11Z)/18:2(9Z,12Z)), TG(18:0/20:3(5Z,8Z,11Z)/18:0), TG(18:0/18:3(6Z,9Z,12Z)/20:0), TG(18:0/20:2n6/18:1(11Z)), TG(18:0/20:2n6/18:1(9Z)), TG(18:0/20:3n6/18:0), TG(18:0/22:2(13Z,16Z)/16:1(9Z)), TG(18:0/18:3(9Z,12Z,15Z)/20:0), TG(20:0/16:0/20:3(5Z,8Z,11Z))","HMDB0005410, HMDB0005442, HMDB0005454, HMDB0005459, HMDB0042223, HMDB0042229, HMDB0042257, HMDB0042264, HMDB0042411, HMDB0042426, HMDB0042468, HMDB0042496, HMDB0042525, HMDB0042547, HMDB0042584, HMDB0042606, HMDB0042672, HMDB0042757, HMDB0043951, HMDB0043957, HMDB0043983, HMDB0043990, HMDB0044099, HMDB0044127, HMDB0044152, HMDB0044167, HMDB0044206, HMDB0044260, HMDB0044280, HMDB0044314, HMDB0044397, HMDB0044335, HMDB0044396, HMDB0044476, HMDB0044758, HMDB0044764, HMDB0044789, HMDB0044796, HMDB0044901, HMDB0044925, HMDB0044952, HMDB0044977, HMDB0044992, HMDB0045101, HMDB0045133, HMDB0045134, HMDB0045154, HMDB0045213, HMDB0045290, HMDB0045537","0","2206226.75","34078508","50","0","false","0.17569765448570251",""
"Pacific Northwest National Laboratory","20201130_jl_lungmap_agarose_1","2020-12-01_22h59m24s","C37H69O8P","M+Na","","C37H69O8P+Na+","695.462226851","0.5771806","0.1","0.6105897736818683","0.946502868822366","0.998712","PA(16:0/18:2(9Z,12Z)), PA(18:1(11Z)/16:1(9Z)), PA(18:1(9Z)/16:1(9Z)), PA(18:2(9Z,12Z)/16:0), PA(20:1(11Z)/14:1(9Z)), PA(14:0/20:2(11Z,14Z)), PA(20:2(11Z,14Z)/14:0)","HMDB0007860, HMDB0114900, HMDB0114925, HMDB0114949, HMDB0115092, HMDB0115504, HMDB0115532","0","6647690.5","12497447936","7","1","false","0.001976674422621727","C39H67O8P+H+"
"Pacific Northwest National Laboratory","20201130_jl_lungmap_agarose_1","2020-12-01_22h59m24s","C42H84NO8P","M+Na","","C42H84NO8P+Na+","784.5826763309999","0.58450353","0.1","0.6025622593517604","0.9718029706212709","0.9981756811058426","PC(14:0/20:0), PC(16:0/18:0), PC(18:0/16:0), PC(20:0/14:0), PE(15:0/22:0), PE(22:0/15:0), PE-NMe(18:0/18:0), PE-NMe(14:0/22:0), PE-NMe(16:0/20:0), PE-NMe(20:0/16:0), PE-NMe(22:0/14:0), PE-NMe2(15:0/20:0), PE-NMe2(20:0/15:0)","HMDB0007878, HMDB0007970, HMDB0008034, HMDB0008262, HMDB0008907, HMDB0009483, HMDB0112975, HMDB0112990, HMDB0113046, HMDB0113282, HMDB0113508, HMDB0113924, HMDB0114183","0","32561100","104479465472","13","1","false","0.000596418569330126","C44H82NO8P+H+"
"Pacific Northwest National Laboratory","20201130_jl_lungmap_agarose_1","2020-12-01_22h59m24s","C19H18O7","M+Na","","C19H18O7+Na+","381.094473599","0.59175706","0.1","0.6135782837852191","0.9652306344146327","0.9991768560696875","Chrysoobtusin, 12alpha-Hydroxymunduserone, 5,8-Dihydroxy-3-(4-hydroxybenzyl)-7-methoxy-4-chromanone 8-acetate, 5-Hydroxy-3',4',7,8-tetramethoxyflavone, Aflatoxin ExB2, 7-Hydroxy-3',4',5,6-tetramethoxyflavone, 3'-Hydroxy-4',5',7,8-tetramethoxyflavone, 4'-Hydroxy-5,6,7,8-tetramethoxyflavone, 5-hydroxy-3,6,7,8-tetramethoxy-2-phenyl-4H-chromen-4-one","HMDB0034218, HMDB0035070, HMDB0037252, HMDB0037598, HMDB0038805, HMDB0038845, HMDB0040322, HMDB0040724, HMDB0137996","0","4050677.5","18185805824","9","1","false","0.000904773420188576","C16H22O8+K+"
"Pacific Northwest National Laboratory","20201130_jl_lungmap_agarose_1","2020-12-01_22h59m24s","C17H15NO4","M+Na","","C17H15NO4+Na+","320.08932864300004","0.61481446","0.1","0.6346799238942485","0.971164721795023","0.9974621727643903","(S)-Annocherine A","HMDB0038723","0","3068408.75","11451171840","1","1","false","0.0009095406858250499","C14H18O7+Na+"
"Pacific Northwest National Laboratory","20201130_jl_lungmap_agarose_1","2020-12-01_22h59m24s","C59H106O6","M+Na","","C59H106O6+Na+","933.788161795","0.62529105","0.1","0.7015912761200527","0.9319528993319534","0.9563218390804598","TG(16:0/20:0/20:4(5Z,8Z,11Z,14Z)), TG(18:0/18:0/20:4(5Z,8Z,11Z,14Z)), TG(18:1(9Z)/18:2(9Z,12Z)/20:1(11Z)), TG(18:2(9Z,12Z)/18:2(9Z,12Z)/20:0), TG(18:1(9Z)/18:1(9Z)/20:2(11Z,14Z)), TG(14:0/20:0/22:4(7Z,10Z,13Z,16Z)), TG(14:0/22:0/20:4(5Z,8Z,11Z,14Z)), TG(14:0/22:0/20:4(8Z,11Z,14Z,17Z)), TG(14:0/24:0/18:4(6Z,9Z,12Z,15Z)), TG(14:0/20:3(5Z,8Z,11Z)/22:1(13Z)), TG(14:0/22:1(13Z)/20:3(5Z,8Z,11Z)), TG(14:0/22:1(13Z)/20:3n6), TG(14:0/24:1(15Z)/18:3(6Z,9Z,12Z)), TG(14:0/24:1(15Z)/18:3(9Z,12Z,15Z)), TG(14:0/18:3(6Z,9Z,12Z)/24:1(15Z)), TG(14:0/20:2n6/22:2(13Z,16Z)), TG(14:0/20:3n6/22:1(13Z)), TG(14:0/20:4(5Z,8Z,11Z,14Z)/22:0), TG(14:0/22:2(13Z,16Z)/20:2n6), TG(14:0/22:4(7Z,10Z,13Z,16Z)/20:0), TG(14:0/18:3(9Z,12Z,15Z)/24:1(15Z)), TG(14:0/18:4(6Z,9Z,12Z,15Z)/24:0), TG(14:0/20:4(8Z,11Z,14Z,17Z)/22:0), TG(16:0/18:0/22:4(7Z,10Z,13Z,16Z)), TG(16:0/20:0/20:4(8Z,11Z,14Z,17Z)), TG(16:0/22:0/18:4(6Z,9Z,12Z,15Z)), TG(16:0/20:1(11Z)/20:3(5Z,8Z,11Z)), TG(16:0/20:1(11Z)/20:3n6), TG(16:0/20:3(5Z,8Z,11Z)/20:1(11Z)), TG(16:0/22:1(13Z)/18:3(6Z,9Z,12Z)), TG(16:0/22:1(13Z)/18:3(9Z,12Z,15Z)), TG(16:0/18:2(9Z,12Z)/22:2(13Z,16Z)), TG(16:0/18:3(6Z,9Z,12Z)/22:1(13Z)), TG(16:0/20:2n6/20:2n6), TG(16:0/20:3n6/20:1(11Z)), TG(16:0/20:4(5Z,8Z,11Z,14Z)/20:0), TG(16:0/22:2(13Z,16Z)/18:2(9Z,12Z)), TG(16:0/22:4(7Z,10Z,13Z,16Z)/18:0), TG(16:0/18:3(9Z,12Z,15Z)/22:1(13Z)), TG(16:0/18:4(6Z,9Z,12Z,15Z)/22:0), TG(16:0/20:4(8Z,11Z,14Z,17Z)/20:0), TG(18:0/16:0/22:4(7Z,10Z,13Z,16Z)), TG(18:0/18:0/20:4(8Z,11Z,14Z,17Z)), TG(18:0/20:0/18:4(6Z,9Z,12Z,15Z)), TG(18:0/18:1(11Z)/20:3(5Z,8Z,11Z)), TG(18:0/18:1(11Z)/20:3n6), TG(18:0/18:1(9Z)/20:3(5Z,8Z,11Z)), TG(18:0/18:1(9Z)/20:3n6), TG(18:0/20:1(11Z)/18:3(6Z,9Z,12Z)), TG(18:0/20:1(11Z)/18:3(9Z,12Z,15Z))","HMDB0005373, HMDB0005398, HMDB0005460, HMDB0005472, HMDB0010461, HMDB0042202, HMDB0042230, HMDB0042236, HMDB0042265, HMDB0042434, HMDB0042463, HMDB0042469, HMDB0042497, HMDB0042504, HMDB0042555, HMDB0042591, HMDB0042614, HMDB0042636, HMDB0042678, HMDB0042695, HMDB0042765, HMDB0042787, HMDB0042816, HMDB0043932, HMDB0043964, HMDB0043991, HMDB0044147, HMDB0044153, HMDB0044174, HMDB0044207, HMDB0044214, HMDB0044267, HMDB0044288, HMDB0044320, HMDB0044342, HMDB0044363, HMDB0044402, HMDB0044418, HMDB0044484, HMDB0044504, HMDB0044531, HMDB0044740, HMDB0044771, HMDB0044797, HMDB0044920, HMDB0044926, HMDB0044947, HMDB0044953, HMDB0044978, HMDB0044985","0","2332551.75","37279300","50","0","false","0.17948058247566223",""
"Pacific Northwest National Laboratory","20201130_jl_lungmap_agarose_1","2020-12-01_22h59m24s","C26H54NO7P","M+Na","","C26H54NO7P+Na+","546.3530107509999","0.64022255","0.1","0.6621162524449836","0.9689751057949298","0.997893269940159","LysoPC(18:0), LysoPC(0:0/18:0), 2-acetyl-1-alkyl-sn-glycero-3-phosphocholine","HMDB0010384, HMDB0011128, HMDB0062195","0","2821152.5","8661101568","3","0","false","0.00038872225559316576",""
"Pacific Northwest National Laboratory","20201130_jl_lungmap_agarose_1","2020-12-01_22h59m24s","C47H95N2O6P","M+H","","C47H95N2O6P+H+","815.7000521949999","0.67497396","0.1","0.7193920676216399","0.9408772079529876","0.9972141265215155","SM(d18:0/24:1(15Z))","HMDB0012095","0","7007193","19415764992","1","0","false","0.0008186931372620165",""
"Pacific Northwest National Laboratory","20201130_jl_lungmap_agarose_1","2020-12-01_22h59m24s","C23H45NO4","M+H","","C23H45NO4+H+","400.34213535500004","0.6788525","0.1","0.6957147937968503","0.9774454656760792","0.9982783044567941","L-Palmitoylcarnitine","HMDB0000222","0","2851918.5","7751884800","1","0","false","0.0002844883711077273",""
"Pacific Northwest National Laboratory","20201130_jl_lungmap_agarose_1","2020-12-01_22h59m24s","C37H68O4","M+H","","C37H68O4+H+","577.519037091","0.67972046","0.1","0.6951389482987893","0.9788580735460125","0.9989390910302546","Cohibin C, Cohibin D","HMDB0035397, HMDB0035398","0","4158086","9161691136","2","0","false","0.0027032785583287477",""
"Pacific Northwest National Laboratory","20201130_jl_lungmap_agarose_1","2020-12-01_22h59m24s","C23H36O4","M+H","","C23H36O4+H+","377.26863606700005","0.6873475","0.1","0.7231233402368006","0.9520486282838964","0.998400548696845","MG(0:0/20:5(5Z,8Z,11Z,14Z,17Z)/0:0), MG(20:5(5Z,8Z,11Z,14Z,17Z)/0:0/0:0), 9'-Carboxy-gamma-chromanol, [12]-Gingerdione","HMDB0011550, HMDB0011580, HMDB0012868, HMDB0039278","0","2052900.375","6556028928","4","0","false","0.00019521794456522912",""
"Pacific Northwest National Laboratory","20201130_jl_lungmap_agarose_1","2020-12-01_22h59m24s","C55H96O6","M+H","","C55H96O6+H+","853.7279672269999","0.69017553","0.1","0.7389058287380355","0.9438828428398179","0.9895833333333334","TG(16:0/16:1(9Z)/20:4(5Z,8Z,11Z,14Z)), TG(16:1(9Z)/18:2(9Z,12Z)/18:2(9Z,12Z)), TG(18:1(9Z)/14:0/20:4(5Z,8Z,11Z,14Z)), TG(18:2(9Z,12Z)/16:0/18:3(9Z,12Z,15Z)), TG(14:0/16:0/22:5(4Z,7Z,10Z,13Z,16Z)), TG(14:0/16:0/22:5(7Z,10Z,13Z,16Z,19Z)), TG(14:0/18:0/20:5(5Z,8Z,11Z,14Z,17Z)), TG(14:0/16:1(9Z)/22:4(7Z,10Z,13Z,16Z)), TG(14:0/18:1(11Z)/20:4(5Z,8Z,11Z,14Z)), TG(14:0/18:1(11Z)/20:4(8Z,11Z,14Z,17Z)), TG(14:0/18:1(9Z)/20:4(5Z,8Z,11Z,14Z)), TG(14:0/18:1(9Z)/20:4(8Z,11Z,14Z,17Z)), TG(14:0/20:1(11Z)/18:4(6Z,9Z,12Z,15Z)), TG(14:0/20:3(5Z,8Z,11Z)/18:2(9Z,12Z)), TG(14:0/18:2(9Z,12Z)/20:3(5Z,8Z,11Z)), TG(14:0/18:2(9Z,12Z)/20:3n6), TG(14:0/18:3(6Z,9Z,12Z)/20:2n6), TG(14:0/20:2n6/18:3(6Z,9Z,12Z)), TG(14:0/20:2n6/18:3(9Z,12Z,15Z)), TG(14:0/20:3n6/18:2(9Z,12Z)), TG(14:0/20:4(5Z,8Z,11Z,14Z)/18:1(11Z)), TG(14:0/20:4(5Z,8Z,11Z,14Z)/18:1(9Z)), TG(14:0/22:4(7Z,10Z,13Z,16Z)/16:1(9Z)), TG(14:0/22:5(4Z,7Z,10Z,13Z,16Z)/16:0), TG(14:0/18:3(9Z,12Z,15Z)/20:2n6), TG(14:0/18:4(6Z,9Z,12Z,15Z)/20:1(11Z)), TG(14:0/20:4(8Z,11Z,14Z,17Z)/18:1(11Z)), TG(14:0/20:4(8Z,11Z,14Z,17Z)/18:1(9Z)), TG(14:0/20:5(5Z,8Z,11Z,14Z,17Z)/18:0), TG(14:0/22:5(7Z,10Z,13Z,16Z,19Z)/16:0), TG(15:0/15:0/22:5(4Z,7Z,10Z,13Z,16Z)), TG(15:0/15:0/22:5(7Z,10Z,13Z,16Z,19Z)), TG(15:0/22:5(4Z,7Z,10Z,13Z,16Z)/15:0), TG(15:0/22:5(7Z,10Z,13Z,16Z,19Z)/15:0), TG(16:0/14:0/22:5(4Z,7Z,10Z,13Z,16Z)), TG(16:0/14:0/22:5(7Z,10Z,13Z,16Z,19Z)), TG(16:0/16:0/20:5(5Z,8Z,11Z,14Z,17Z)), TG(16:0/14:1(9Z)/22:4(7Z,10Z,13Z,16Z)), TG(16:0/16:1(9Z)/20:4(8Z,11Z,14Z,17Z)), TG(16:0/18:1(11Z)/18:4(6Z,9Z,12Z,15Z)), TG(16:0/18:1(9Z)/18:4(6Z,9Z,12Z,15Z)), TG(16:0/18:2(9Z,12Z)/18:3(6Z,9Z,12Z)), TG(16:0/18:2(9Z,12Z)/18:3(9Z,12Z,15Z)), TG(16:0/18:3(6Z,9Z,12Z)/18:2(9Z,12Z)), TG(16:0/20:4(5Z,8Z,11Z,14Z)/16:1(9Z)), TG(16:0/22:4(7Z,10Z,13Z,16Z)/14:1(9Z)), TG(16:0/18:3(9Z,12Z,15Z)/18:2(9Z,12Z)), TG(16:0/18:4(6Z,9Z,12Z,15Z)/18:1(11Z)), TG(16:0/18:4(6Z,9Z,12Z,15Z)/18:1(9Z)), TG(16:0/20:4(8Z,11Z,14Z,17Z)/16:1(9Z))","HMDB0005380, HMDB0005446, HMDB0010450, HMDB0010473, HMDB0042143, HMDB0042148, HMDB0042177, HMDB0042322, HMDB0042350, HMDB0042356, HMDB0042380, HMDB0042386, HMDB0042415, HMDB0042436, HMDB0042523, HMDB0042529, HMDB0042558, HMDB0042587, HMDB0042594, HMDB0042616, HMDB0042640, HMDB0042641, HMDB0042699, HMDB0042723, HMDB0042768, HMDB0042792, HMDB0042820, HMDB0042821, HMDB0042844, HMDB0042873, HMDB0043010, HMDB0043015, HMDB0043598, HMDB0043743, HMDB0043849, HMDB0043854, HMDB0043909, HMDB0044044, HMDB0044076, HMDB0044103, HMDB0044131, HMDB0044263, HMDB0044270, HMDB0044290, HMDB0044367, HMDB0044422, HMDB0044486, HMDB0044508, HMDB0044509, HMDB0044535","0","29849568","542696256","50","1","false","0.04109811410307884","C53H98O6+Na+"
"Pacific Northwest National Laboratory","20201130_jl_lungmap_agarose_1","2020-12-01_22h59m24s","C47H93N2O6P","M+H","","C47H93N2O6P+H+","813.684402131","0.7138586","0.1","0.7474285000553663","0.9578662664716743","0.9970976180641609","SM(d18:1/24:1(15Z))","HMDB0012107","0","8442603","26494017536","1","0","false","0.0006781720439903438",""
"Pacific Northwest National Laboratory","20201130_jl_lungmap_agarose_1","2020-12-01_22h59m24s","C51H99O8P","M+H","","C51H99O8P+H+","871.7150335629999","0.7312743","0.1","0.7880593259071845","0.9490328405340589","0.9777777777777777","PA(24:0/24:1(15Z)), PA(24:1(15Z)/24:0)","HMDB0115454, HMDB0115480","0","7333670.5","124764392","2","1","false","0.09487693011760712","C53H100O6+K+"
"Pacific Northwest National Laboratory","20201130_jl_lungmap_agarose_1","2020-12-01_22h59m24s","C53H94O6","M+H","","C53H94O6+H+","827.712317163","0.7376479","0.1","0.8009350440873109","0.9458023534338839","0.973758865248227","TG(16:1(9Z)/16:1(9Z)/18:2(9Z,12Z)), TG(16:1(9Z)/16:0/18:3(9Z,12Z,15Z)), TG(18:2(9Z,12Z)/14:0/18:2(9Z,12Z)), TG(14:0/14:0/22:4(7Z,10Z,13Z,16Z)), TG(14:0/16:0/20:4(5Z,8Z,11Z,14Z)), TG(14:0/16:0/20:4(8Z,11Z,14Z,17Z)), TG(14:0/18:0/18:4(6Z,9Z,12Z,15Z)), TG(14:0/16:1(9Z)/20:3(5Z,8Z,11Z)), TG(14:0/16:1(9Z)/20:3n6), TG(14:0/18:1(11Z)/18:3(6Z,9Z,12Z)), TG(14:0/18:1(11Z)/18:3(9Z,12Z,15Z)), TG(14:0/18:1(9Z)/18:3(6Z,9Z,12Z)), TG(14:0/18:1(9Z)/18:3(9Z,12Z,15Z)), TG(14:0/20:3(5Z,8Z,11Z)/16:1(9Z)), TG(14:0/18:2(9Z,12Z)/18:2(9Z,12Z)), TG(14:0/18:3(6Z,9Z,12Z)/18:1(11Z)), TG(14:0/18:3(6Z,9Z,12Z)/18:1(9Z)), TG(14:0/20:3n6/16:1(9Z)), TG(14:0/20:4(5Z,8Z,11Z,14Z)/16:0), TG(14:0/22:4(7Z,10Z,13Z,16Z)/14:0), TG(14:0/18:3(9Z,12Z,15Z)/18:1(11Z)), TG(14:0/18:3(9Z,12Z,15Z)/18:1(9Z)), TG(14:0/18:4(6Z,9Z,12Z,15Z)/18:0), TG(14:0/20:4(8Z,11Z,14Z,17Z)/16:0), TG(15:0/15:0/20:4(5Z,8Z,11Z,14Z)), TG(15:0/15:0/20:4(8Z,11Z,14Z,17Z)), TG(15:0/20:4(5Z,8Z,11Z,14Z)/15:0), TG(15:0/20:4(8Z,11Z,14Z,17Z)/15:0), TG(16:0/14:0/20:4(5Z,8Z,11Z,14Z)), TG(16:0/14:0/20:4(8Z,11Z,14Z,17Z)), TG(16:0/16:0/18:4(6Z,9Z,12Z,15Z)), TG(16:0/14:1(9Z)/20:3(5Z,8Z,11Z)), TG(16:0/14:1(9Z)/20:3n6), TG(16:0/16:1(9Z)/18:3(6Z,9Z,12Z)), TG(16:0/16:1(9Z)/18:3(9Z,12Z,15Z)), TG(16:0/20:3(5Z,8Z,11Z)/14:1(9Z)), TG(16:0/18:3(6Z,9Z,12Z)/16:1(9Z)), TG(16:0/20:3n6/14:1(9Z)), TG(16:0/18:3(9Z,12Z,15Z)/16:1(9Z)), TG(16:0/18:4(6Z,9Z,12Z,15Z)/16:0), TG(18:0/14:0/18:4(6Z,9Z,12Z,15Z)), TG(18:0/14:1(9Z)/18:3(6Z,9Z,12Z)), TG(18:0/14:1(9Z)/18:3(9Z,12Z,15Z)), TG(18:0/18:3(6Z,9Z,12Z)/14:1(9Z)), TG(18:0/18:3(9Z,12Z,15Z)/14:1(9Z)), TG(14:1(9Z)/16:0/20:3(5Z,8Z,11Z)), TG(14:1(9Z)/16:0/20:3n6), TG(14:1(9Z)/18:0/18:3(6Z,9Z,12Z)), TG(14:1(9Z)/18:0/18:3(9Z,12Z,15Z)), TG(14:1(9Z)/14:1(9Z)/22:2(13Z,16Z))","HMDB0005435, HMDB0010424, HMDB0010470, HMDB0042082, HMDB0042140, HMDB0042146, HMDB0042175, HMDB0042313, HMDB0042319, HMDB0042347, HMDB0042354, HMDB0042377, HMDB0042384, HMDB0042429, HMDB0042526, HMDB0042550, HMDB0042551, HMDB0042609, HMDB0042633, HMDB0042691, HMDB0042760, HMDB0042761, HMDB0042784, HMDB0042813, HMDB0043007, HMDB0043013, HMDB0043511, HMDB0043685, HMDB0043846, HMDB0043852, HMDB0043907, HMDB0044035, HMDB0044041, HMDB0044067, HMDB0044074, HMDB0044170, HMDB0044283, HMDB0044338, HMDB0044479, HMDB0044501, HMDB0044689, HMDB0044870, HMDB0044877, HMDB0045104, HMDB0045293, HMDB0047775, HMDB0047781, HMDB0047802, HMDB0047809, HMDB0047898","0","8515391","144434160","50","1","false","0.07494013011455536","C51H96O6+Na+"
"Pacific Northwest National Laboratory","20201130_jl_lungmap_agarose_1","2020-12-01_22h59m24s","C44H82NO8P","M+H","","C44H82NO8P+H+","784.585082019","0.7483249","0.1","0.7781036976714959","0.9634947453943958","0.9981673498914878","PC(14:1(9Z)/22:2(13Z,16Z)), PC(16:0/20:3(5Z,8Z,11Z)), PC(16:0/20:3(8Z,11Z,14Z)), PC(16:1(9Z)/20:2(11Z,14Z)), PC(18:0/18:3(6Z,9Z,12Z)), PC(18:0/18:3(9Z,12Z,15Z)), PC(18:1(11Z)/18:2(9Z,12Z)), PC(18:1(9Z)/18:2(9Z,12Z)), PC(18:2(9Z,12Z)/18:1(11Z)), PC(18:2(9Z,12Z)/18:1(9Z)), PC(18:3(6Z,9Z,12Z)/18:0), PC(18:3(9Z,12Z,15Z)/18:0), PC(20:2(11Z,14Z)/16:1(9Z)), PC(20:3(5Z,8Z,11Z)/16:0), PC(20:3(8Z,11Z,14Z)/16:0), PC(22:2(13Z,16Z)/14:1(9Z)), PE-NMe(16:1(9Z)/22:2(13Z,16Z)), PE-NMe(18:0/20:3(5Z,8Z,11Z)), PE-NMe(18:0/20:3(8Z,11Z,14Z)), PE-NMe(18:1(11Z)/20:2(11Z,14Z)), PE-NMe(18:1(9Z)/20:2(11Z,14Z)), PE-NMe(18:2(9Z,12Z)/20:1(11Z)), PE-NMe(18:3(6Z,9Z,12Z)/20:0), PE-NMe(18:3(9Z,12Z,15Z)/20:0), PE-NMe(20:0/18:3(6Z,9Z,12Z)), PE-NMe(20:0/18:3(9Z,12Z,15Z)), PE-NMe(20:1(11Z)/18:2(9Z,12Z)), PE-NMe(20:2(11Z,14Z)/18:1(11Z)), PE-NMe(20:2(11Z,14Z)/18:1(9Z)), PE-NMe(20:3(5Z,8Z,11Z)/18:0), PE-NMe(20:3(8Z,11Z,14Z)/18:0), PE-NMe(22:2(13Z,16Z)/16:1(9Z))","HMDB0007921, HMDB0007980, HMDB0007981, HMDB0008012, HMDB0008040, HMDB0008041, HMDB0008072, HMDB0008105, HMDB0008136, HMDB0008137, HMDB0008168, HMDB0008201, HMDB0008332, HMDB0008364, HMDB0008397, HMDB0008591, HMDB0113077, HMDB0113096, HMDB0113097, HMDB0113122, HMDB0113149, HMDB0113177, HMDB0113204, HMDB0113233, HMDB0113288, HMDB0113289, HMDB0113316, HMDB0113343, HMDB0113344, HMDB0113371, HMDB0113399, HMDB0113567","0","32561100","104426323968","32","1","false","0.000599999213591218","C42H84NO8P+Na+"
"Pacific Northwest National Laboratory","20201130_jl_lungmap_agarose_1","2020-12-01_22h59m24s","C44H84NO8P","M+H","","C44H84NO8P+H+","786.6007320829999","0.7523941","0.1","0.7844123229691257","0.9614608322396146","0.9976297140995357","PC(18:1(9Z)/18:1(9Z)), PC(14:0/22:2(13Z,16Z)), PC(14:1(9Z)/22:1(13Z)), PC(16:0/20:2(11Z,14Z)), PC(16:1(9Z)/20:1(11Z)), PC(18:0/18:2(9Z,12Z)), PC(18:1(11Z)/18:1(11Z)), PC(18:1(11Z)/18:1(9Z)), PC(18:1(9Z)/18:1(11Z)), PC(18:2(9Z,12Z)/18:0), PC(20:1(11Z)/16:1(9Z)), PC(20:2(11Z,14Z)/16:0), PC(22:1(13Z)/14:1(9Z)), PC(22:2(13Z,16Z)/14:0), 1,2-dioleoyl-sn-glycero-3-phosphocholine, PE-NMe(14:1(9Z)/24:1(15Z)), PE-NMe(16:0/22:2(13Z,16Z)), PE-NMe(16:1(9Z)/22:1(13Z)), PE-NMe(18:0/20:2(11Z,14Z)), PE-NMe(18:1(11Z)/20:1(11Z)), PE-NMe(18:1(9Z)/20:1(11Z)), PE-NMe(18:2(9Z,12Z)/20:0), PE-NMe(20:0/18:2(9Z,12Z)), PE-NMe(20:1(11Z)/18:1(11Z)), PE-NMe(20:1(11Z)/18:1(9Z)), PE-NMe(20:2(11Z,14Z)/18:0), PE-NMe(22:1(13Z)/16:1(9Z)), PE-NMe(22:2(13Z,16Z)/16:0), PE-NMe(24:1(15Z)/14:1(9Z)), PE-NMe2(15:0/22:2(13Z,16Z)), PE-NMe2(22:2(13Z,16Z)/15:0)","HMDB0000593, HMDB0007888, HMDB0007920, HMDB0007979, HMDB0008011, HMDB0008039, HMDB0008070, HMDB0008071, HMDB0008103, HMDB0008135, HMDB0008299, HMDB0008331, HMDB0008559, HMDB0008590, HMDB0062690, HMDB0112977, HMDB0113054, HMDB0113076, HMDB0113095, HMDB0113121, HMDB0113148, HMDB0113176, HMDB0113287, HMDB0113314, HMDB0113315, HMDB0113342, HMDB0113539, HMDB0113566, HMDB0113729, HMDB0113933, HMDB0114468","0","24816686","79611625472","31","0","false","0.00015723642718512565",""
"Pacific Northwest National Laboratory","20201130_jl_lungmap_agarose_1","2020-12-01_22h59m24s","C26H54NO7P","M+H","","C26H54NO7P+H+","524.371066503","0.7712792","0.1","0.7912062113447166","0.9763569776153946","0.9984200512862933","LysoPC(18:0), LysoPC(0:0/18:0), 2-acetyl-1-alkyl-sn-glycero-3-phosphocholine","HMDB0010384, HMDB0011128, HMDB0062195","0","6364512.5","10169219072","3","0","false","0.0006746812723577023",""
"Pacific Northwest National Laboratory","20201130_jl_lungmap_agarose_1","2020-12-01_22h59m24s","C39H79N2O6P","M+H","","C39H79N2O6P+H+","703.5748516829999","0.771363","0.1","0.7965492331819757","0.9703787306761957","0.9979411512395985","SM(d18:0/16:1(9Z)), Palmitoyl sphingomyelin","HMDB0013464, HMDB0061712","0","11071193","15758990336","2","0","false","0.00019178994989488274",""
"Pacific Northwest National Laboratory","20201130_jl_lungmap_agarose_1","2020-12-01_22h59m24s","C40H78NO8P","M+H","","C40H78NO8P+H+","732.5537818909999","0.77342415","0.1","0.7986980417863596","0.9708025904433655","0.9974799541809851","PC(14:0/18:1(11Z)), PC(14:0/18:1(9Z)), PC(14:1(9Z)/18:0), PC(16:0/16:1(9Z)), PC(16:1(9Z)/16:0), PC(18:0/14:1(9Z)), PC(18:1(11Z)/14:0), PC(18:1(9Z)/14:0), PE(15:0/20:1(11Z)), PE(20:1(11Z)/15:0), PE-NMe(16:0/18:1(9Z)), PE-NMe(14:0/20:1(11Z)), PE-NMe(14:1(9Z)/20:0), PE-NMe(16:0/18:1(11Z)), PE-NMe(16:1(9Z)/18:0), PE-NMe(18:0/16:1(9Z)), PE-NMe(18:1(11Z)/16:0), PE-NMe(18:1(9Z)/16:0), PE-NMe(20:0/14:1(9Z)), PE-NMe(20:1(11Z)/14:0), PE-NMe2(15:0/18:1(9Z)), PE-NMe2(15:0/18:1(11Z)), PE-NMe2(18:1(11Z)/15:0), PE-NMe2(18:1(9Z)/15:0)","HMDB0007872, HMDB0007873, HMDB0007904, HMDB0007969, HMDB0008001, HMDB0008032, HMDB0008064, HMDB0008097, HMDB0008900, HMDB0009252, HMDB0010569, HMDB0112958, HMDB0112960, HMDB0112961, HMDB0112962, HMDB0113088, HMDB0113113, HMDB0113140, HMDB0113280, HMDB0113308, HMDB0113854, HMDB0113855, HMDB0114013, HMDB0114040","0","52778888","108041658368","24","0","false","0.0007145102717913687",""
"Pacific Northwest National Laboratory","20201130_jl_lungmap_agarose_1","2020-12-01_22h59m24s","C39H78NO8P","M+H","","C39H78NO8P+H+","720.5537818909999","0.7805281","0.1","0.8108716368287077","0.9651192342180587","0.9973681237998419","PC(15:0/16:0), PC(16:0/15:0), PE(14:0/20:0), PE(16:0/18:0), PE(18:0/16:0), PE(20:0/14:0), PE-NMe2(16:0/16:0), PE-NMe(15:0/18:0), PE-NMe(18:0/15:0), PE-NMe2(14:0/18:0), PE-NMe2(18:0/14:0)","HMDB0007935, HMDB0007967, HMDB0008833, HMDB0008925, HMDB0008989, HMDB0009217, HMDB0010566, HMDB0113019, HMDB0113086, HMDB0113860, HMDB0113985","0","7661691","14324126720","11","0","false","0.0003841047582682222",""
"Pacific Northwest National Laboratory","20201130_jl_lungmap_agarose_1","2020-12-01_22h59m24s","C41H82NO8P","M+H","","C41H82NO8P+H+","748.585082019","0.8131711","0.1","0.8392313908529604","0.9707683065729725","0.9981242829317751","PC(15:0/18:0), PC(18:0/15:0), PE(14:0/22:0), PE(16:0/20:0), PE(18:0/18:0), PE(20:0/16:0), PE(22:0/14:0), Phosphatidylethanolamine, PE-NMe(15:0/20:0), PE-NMe(20:0/15:0), PE-NMe2(16:0/18:0), PE-NMe2(14:0/20:0), PE-NMe2(18:0/16:0), PE-NMe2(20:0/14:0)","HMDB0007937, HMDB0008033, HMDB0008841, HMDB0008932, HMDB0008991, HMDB0009220, HMDB0009481, HMDB0060501, HMDB0113024, HMDB0113281, HMDB0113866, HMDB0113883, HMDB0113988, HMDB0114181","0","13176914","25680967680","14","0","false","0.002411294262856245",""
"Pacific Northwest National Laboratory","20201130_jl_lungmap_agarose_1","2020-12-01_22h59m24s","C42H82NO8P","M+H","","C42H82NO8P+H+","760.585082019","0.81373787","0.1","0.8420676058194743","0.9684362801865445","0.9978528996510296","PC(14:0/20:1(11Z)), PC(14:1(9Z)/20:0), PC(16:0/18:1(11Z)), PC(16:0/18:1(9Z)), PC(16:1(9Z)/18:0), PC(18:0/16:1(9Z)), PC(18:1(11Z)/16:0), PC(18:1(9Z)/16:0), PC(20:1(11Z)/14:0), PC(20:0/14:1(9Z)), PE(15:0/22:1(13Z)), PE(22:1(13Z)/15:0), PE-NMe(18:0/18:1(9Z)), PE-NMe(18:0/18:1(11Z)), PE-NMe(14:1(9Z)/22:0), PE-NMe(16:0/20:1(11Z)), PE-NMe(16:1(9Z)/20:0), PE-NMe(14:0/22:1(13Z)), PE-NMe(18:1(11Z)/18:0), PE-NMe(18:1(9Z)/18:0), PE-NMe(20:0/16:1(9Z)), PE-NMe(20:1(11Z)/16:0), PE-NMe(22:0/14:1(9Z)), PE-NMe(22:1(13Z)/14:0), PE-NMe2(15:0/20:1(11Z)), PE-NMe2(20:1(11Z)/15:0)","HMDB0007879, HMDB0007911, HMDB0007971, HMDB0007972, HMDB0008003, HMDB0008035, HMDB0008067, HMDB0008100, HMDB0008295, HMDB0008263, HMDB0008908, HMDB0009516, HMDB0112970, HMDB0112971, HMDB0112972, HMDB0112973, HMDB0112974, HMDB0112991, HMDB0113115, HMDB0113142, HMDB0113283, HMDB0113311, HMDB0113509, HMDB0113535, HMDB0113864, HMDB0114212","0","94904448","263833174016","26","0","false","0.0010653857607394457",""
"Pacific Northwest National Laboratory","20201130_jl_lungmap_agarose_1","2020-12-01_22h59m24s","C44H86NO8P","M+H","","C44H86NO8P+H+","788.616382147","0.8216622","0.1","0.8520741800534822","0.9665650713734408","0.9976651207420438","PC(14:0/22:1(13Z)), PC(14:1(9Z)/22:0), PC(16:0/20:1(11Z)), PC(16:1(9Z)/20:0), PC(18:0/18:1(11Z)), PC(18:0/18:1(9Z)), PC(18:1(11Z)/18:0), PC(18:1(9Z)/18:0), PC(20:0/16:1(9Z)), PC(20:1(11Z)/16:0), PC(22:0/14:1(9Z)), PC(22:1(13Z)/14:0), PE(15:0/24:1(15Z)), PE(24:1(15Z)/15:0), PE-NMe(14:0/24:1(15Z)), PE-NMe(14:1(9Z)/24:0), PE-NMe(16:0/22:1(13Z)), PE-NMe(16:1(9Z)/22:0), PE-NMe(18:0/20:1(11Z)), PE-NMe(18:1(11Z)/20:0), PE-NMe(18:1(9Z)/20:0), PE-NMe(20:0/18:1(11Z)), PE-NMe(20:0/18:1(9Z)), PE-NMe(20:1(11Z)/18:0), PE-NMe(22:0/16:1(9Z)), PE-NMe(22:1(13Z)/16:0), PE-NMe(24:0/14:1(9Z)), PE-NMe(24:1(15Z)/14:0), PE-NMe2(15:0/22:1(13Z)), PE-NMe2(22:1(13Z)/15:0)","HMDB0007887, HMDB0007919, HMDB0007978, HMDB0008010, HMDB0008037, HMDB0008038, HMDB0008069, HMDB0008102, HMDB0008266, HMDB0008298, HMDB0008526, HMDB0008558, HMDB0008915, HMDB0009747, HMDB0112998, HMDB0113016, HMDB0113053, HMDB0113075, HMDB0113094, HMDB0113120, HMDB0113147, HMDB0113285, HMDB0113286, HMDB0113313, HMDB0113512, HMDB0113538, HMDB0113702, HMDB0113728, HMDB0113932, HMDB0114439","0","10067333","34327535616","30","0","false","0.0003964548232033849",""
"Pacific Northwest National Laboratory","20201130_jl_lungmap_agarose_1","2020-12-01_22h59m24s","C55H96O6","M+Na","","C55H96O6+Na+","875.7099114749999","0.6592502","0.05","0.7204318232447168","0.9476210373229966","0.9656565656565657","TG(16:0/16:1(9Z)/20:4(5Z,8Z,11Z,14Z)), TG(16:1(9Z)/18:2(9Z,12Z)/18:2(9Z,12Z)), TG(18:1(9Z)/14:0/20:4(5Z,8Z,11Z,14Z)), TG(18:2(9Z,12Z)/16:0/18:3(9Z,12Z,15Z)), TG(14:0/16:0/22:5(4Z,7Z,10Z,13Z,16Z)), TG(14:0/16:0/22:5(7Z,10Z,13Z,16Z,19Z)), TG(14:0/18:0/20:5(5Z,8Z,11Z,14Z,17Z)), TG(14:0/16:1(9Z)/22:4(7Z,10Z,13Z,16Z)), TG(14:0/18:1(11Z)/20:4(5Z,8Z,11Z,14Z)), TG(14:0/18:1(11Z)/20:4(8Z,11Z,14Z,17Z)), TG(14:0/18:1(9Z)/20:4(5Z,8Z,11Z,14Z)), TG(14:0/18:1(9Z)/20:4(8Z,11Z,14Z,17Z)), TG(14:0/20:1(11Z)/18:4(6Z,9Z,12Z,15Z)), TG(14:0/20:3(5Z,8Z,11Z)/18:2(9Z,12Z)), TG(14:0/18:2(9Z,12Z)/20:3(5Z,8Z,11Z)), TG(14:0/18:2(9Z,12Z)/20:3n6), TG(14:0/18:3(6Z,9Z,12Z)/20:2n6), TG(14:0/20:2n6/18:3(6Z,9Z,12Z)), TG(14:0/20:2n6/18:3(9Z,12Z,15Z)), TG(14:0/20:3n6/18:2(9Z,12Z)), TG(14:0/20:4(5Z,8Z,11Z,14Z)/18:1(11Z)), TG(14:0/20:4(5Z,8Z,11Z,14Z)/18:1(9Z)), TG(14:0/22:4(7Z,10Z,13Z,16Z)/16:1(9Z)), TG(14:0/22:5(4Z,7Z,10Z,13Z,16Z)/16:0), TG(14:0/18:3(9Z,12Z,15Z)/20:2n6), TG(14:0/18:4(6Z,9Z,12Z,15Z)/20:1(11Z)), TG(14:0/20:4(8Z,11Z,14Z,17Z)/18:1(11Z)), TG(14:0/20:4(8Z,11Z,14Z,17Z)/18:1(9Z)), TG(14:0/20:5(5Z,8Z,11Z,14Z,17Z)/18:0), TG(14:0/22:5(7Z,10Z,13Z,16Z,19Z)/16:0), TG(15:0/15:0/22:5(4Z,7Z,10Z,13Z,16Z)), TG(15:0/15:0/22:5(7Z,10Z,13Z,16Z,19Z)), TG(15:0/22:5(4Z,7Z,10Z,13Z,16Z)/15:0), TG(15:0/22:5(7Z,10Z,13Z,16Z,19Z)/15:0), TG(16:0/14:0/22:5(4Z,7Z,10Z,13Z,16Z)), TG(16:0/14:0/22:5(7Z,10Z,13Z,16Z,19Z)), TG(16:0/16:0/20:5(5Z,8Z,11Z,14Z,17Z)), TG(16:0/14:1(9Z)/22:4(7Z,10Z,13Z,16Z)), TG(16:0/16:1(9Z)/20:4(8Z,11Z,14Z,17Z)), TG(16:0/18:1(11Z)/18:4(6Z,9Z,12Z,15Z)), TG(16:0/18:1(9Z)/18:4(6Z,9Z,12Z,15Z)), TG(16:0/18:2(9Z,12Z)/18:3(6Z,9Z,12Z)), TG(16:0/18:2(9Z,12Z)/18:3(9Z,12Z,15Z)), TG(16:0/18:3(6Z,9Z,12Z)/18:2(9Z,12Z)), TG(16:0/20:4(5Z,8Z,11Z,14Z)/16:1(9Z)), TG(16:0/22:4(7Z,10Z,13Z,16Z)/14:1(9Z)), TG(16:0/18:3(9Z,12Z,15Z)/18:2(9Z,12Z)), TG(16:0/18:4(6Z,9Z,12Z,15Z)/18:1(11Z)), TG(16:0/18:4(6Z,9Z,12Z,15Z)/18:1(9Z)), TG(16:0/20:4(8Z,11Z,14Z,17Z)/16:1(9Z))","HMDB0005380, HMDB0005446, HMDB0010450, HMDB0010473, HMDB0042143, HMDB0042148, HMDB0042177, HMDB0042322, HMDB0042350, HMDB0042356, HMDB0042380, HMDB0042386, HMDB0042415, HMDB0042436, HMDB0042523, HMDB0042529, HMDB0042558, HMDB0042587, HMDB0042594, HMDB0042616, HMDB0042640, HMDB0042641, HMDB0042699, HMDB0042723, HMDB0042768, HMDB0042792, HMDB0042820, HMDB0042821, HMDB0042844, HMDB0042873, HMDB0043010, HMDB0043015, HMDB0043598, HMDB0043743, HMDB0043849, HMDB0043854, HMDB0043909, HMDB0044044, HMDB0044076, HMDB0044103, HMDB0044131, HMDB0044263, HMDB0044270, HMDB0044290, HMDB0044367, HMDB0044422, HMDB0044486, HMDB0044508, HMDB0044509, HMDB0044535","0","4588984","66335068","50","1","false","0.2763192653656006","C57H94O6+H+"
"Pacific Northwest National Laboratory","20201130_jl_lungmap_agarose_1","2020-12-01_22h59m24s","C57H98O6","M+Na","","C57H98O6+Na+","901.725561539","0.66030324","0.05","0.7225232275426126","0.9453984335174228","0.9666666666666667","TG(16:0/18:2(9Z,12Z)/20:4(5Z,8Z,11Z,14Z)), TG(16:1(9Z)/18:1(9Z)/20:4(5Z,8Z,11Z,14Z)), TG(18:2(9Z,12Z)/18:2(9Z,12Z)/18:2(9Z,12Z)), TG(16:0/16:0/22:6(4Z,7Z,10Z,13Z,16Z,19Z)), TG(18:1(9Z)/16:0/20:5(5Z,8Z,11Z,14Z,17Z)), TG(18:2(9Z,12Z)/18:1(9Z)/18:3(6Z,9Z,12Z)), TG(18:2(9Z,12Z)/18:1(9Z)/18:3(9Z,12Z,15Z)), TG(18:3(9Z,12Z,15Z)/18:0/18:3(9Z,12Z,15Z)), TG(14:0/18:0/22:6(4Z,7Z,10Z,13Z,16Z,19Z)), TG(14:0/18:1(11Z)/22:5(4Z,7Z,10Z,13Z,16Z)), TG(14:0/18:1(11Z)/22:5(7Z,10Z,13Z,16Z,19Z)), TG(14:0/18:1(9Z)/22:5(4Z,7Z,10Z,13Z,16Z)), TG(14:0/18:1(9Z)/22:5(7Z,10Z,13Z,16Z,19Z)), TG(14:0/20:1(11Z)/20:5(5Z,8Z,11Z,14Z,17Z)), TG(14:0/20:3(5Z,8Z,11Z)/20:3(5Z,8Z,11Z)), TG(14:0/20:3(5Z,8Z,11Z)/20:3n6), TG(14:0/18:2(9Z,12Z)/22:4(7Z,10Z,13Z,16Z)), TG(14:0/20:2n6/20:4(5Z,8Z,11Z,14Z)), TG(14:0/20:2n6/20:4(8Z,11Z,14Z,17Z)), TG(14:0/20:3n6/20:3(5Z,8Z,11Z)), TG(14:0/20:3n6/20:3n6), TG(14:0/20:4(5Z,8Z,11Z,14Z)/20:2n6), TG(14:0/22:2(13Z,16Z)/18:4(6Z,9Z,12Z,15Z)), TG(14:0/22:4(7Z,10Z,13Z,16Z)/18:2(9Z,12Z)), TG(14:0/22:5(4Z,7Z,10Z,13Z,16Z)/18:1(11Z)), TG(14:0/22:5(4Z,7Z,10Z,13Z,16Z)/18:1(9Z)), TG(14:0/18:4(6Z,9Z,12Z,15Z)/22:2(13Z,16Z)), TG(14:0/20:4(8Z,11Z,14Z,17Z)/20:2n6), TG(14:0/20:5(5Z,8Z,11Z,14Z,17Z)/20:1(11Z)), TG(14:0/22:5(7Z,10Z,13Z,16Z,19Z)/18:1(11Z)), TG(14:0/22:5(7Z,10Z,13Z,16Z,19Z)/18:1(9Z)), TG(14:0/22:6(4Z,7Z,10Z,13Z,16Z,19Z)/18:0), TG(16:0/16:1(9Z)/22:5(4Z,7Z,10Z,13Z,16Z)), TG(16:0/16:1(9Z)/22:5(7Z,10Z,13Z,16Z,19Z)), TG(16:0/18:1(11Z)/20:5(5Z,8Z,11Z,14Z,17Z)), TG(16:0/18:1(9Z)/20:5(5Z,8Z,11Z,14Z,17Z)), TG(16:0/20:3(5Z,8Z,11Z)/18:3(6Z,9Z,12Z)), TG(16:0/20:3(5Z,8Z,11Z)/18:3(9Z,12Z,15Z)), TG(16:0/18:2(9Z,12Z)/20:4(8Z,11Z,14Z,17Z)), TG(16:0/18:3(6Z,9Z,12Z)/20:3(5Z,8Z,11Z)), TG(16:0/18:3(6Z,9Z,12Z)/20:3n6), TG(16:0/20:2n6/18:4(6Z,9Z,12Z,15Z)), TG(16:0/20:3n6/18:3(6Z,9Z,12Z)), TG(16:0/20:3n6/18:3(9Z,12Z,15Z)), TG(16:0/20:4(5Z,8Z,11Z,14Z)/18:2(9Z,12Z)), TG(16:0/22:5(4Z,7Z,10Z,13Z,16Z)/16:1(9Z)), TG(16:0/18:3(9Z,12Z,15Z)/20:3(5Z,8Z,11Z)), TG(16:0/18:3(9Z,12Z,15Z)/20:3n6), TG(16:0/18:4(6Z,9Z,12Z,15Z)/20:2n6), TG(16:0/20:4(8Z,11Z,14Z,17Z)/18:2(9Z,12Z))","HMDB0005391, HMDB0005441, HMDB0005474, HMDB0010418, HMDB0010453, HMDB0010481, HMDB0010482, HMDB0010501, HMDB0042179, HMDB0042353, HMDB0042358, HMDB0042383, HMDB0042388, HMDB0042417, HMDB0042433, HMDB0042439, HMDB0042532, HMDB0042590, HMDB0042596, HMDB0042613, HMDB0042619, HMDB0042648, HMDB0042685, HMDB0042706, HMDB0042730, HMDB0042731, HMDB0042801, HMDB0042828, HMDB0042852, HMDB0042880, HMDB0042881, HMDB0042904, HMDB0044073, HMDB0044078, HMDB0044105, HMDB0044133, HMDB0044179, HMDB0044186, HMDB0044272, HMDB0044287, HMDB0044293, HMDB0044327, HMDB0044347, HMDB0044354, HMDB0044374, HMDB0044451, HMDB0044483, HMDB0044489, HMDB0044516, HMDB0044542","0","4655613.5","71835296","50","1","false","0.12556473910808563","C59H96O6+H+"
"Pacific Northwest National Laboratory","20201130_jl_lungmap_agarose_1","2020-12-01_22h59m24s","C51H94O6","M+Na","","C51H94O6+Na+","825.694261411","0.6723326","0.05","0.7337675143544021","0.9446922721195077","0.9699186991869919","TG(16:0/16:1(9Z)/16:1(9Z)), TG(16:0/14:0/18:2(9Z,12Z)), TG(16:1(9Z)/14:0/18:1(11Z)), TG(16:1(9Z)/14:0/18:1(9Z)), 15-Palmitoylsolamin, TG(14:0/14:0/20:2n6), TG(14:0/16:0/18:2(9Z,12Z)), TG(14:0/14:1(9Z)/20:1(11Z)), TG(14:0/16:1(9Z)/18:1(11Z)), TG(14:0/16:1(9Z)/18:1(9Z)), TG(14:0/18:1(11Z)/16:1(9Z)), TG(14:0/18:1(9Z)/16:1(9Z)), TG(14:0/20:1(11Z)/14:1(9Z)), TG(14:0/18:2(9Z,12Z)/16:0), TG(14:0/20:2n6/14:0), TG(15:0/15:0/18:2(9Z,12Z)), TG(15:0/18:2(9Z,12Z)/15:0), TG(16:0/14:1(9Z)/18:1(11Z)), TG(16:0/14:1(9Z)/18:1(9Z)), TG(16:0/18:1(11Z)/14:1(9Z)), TG(16:0/18:1(9Z)/14:1(9Z)), TG(18:0/14:1(9Z)/16:1(9Z)), TG(18:0/16:1(9Z)/14:1(9Z)), TG(20:0/14:1(9Z)/14:1(9Z)), TG(14:1(9Z)/14:0/20:1(11Z)), TG(14:1(9Z)/16:0/18:1(11Z)), TG(14:1(9Z)/16:0/18:1(9Z)), TG(14:1(9Z)/18:0/16:1(9Z)), TG(14:1(9Z)/20:0/14:1(9Z)), TG(16:1(9Z)/16:0/16:1(9Z))","HMDB0005376, HMDB0010415, HMDB0010420, HMDB0010421, HMDB0036341, HMDB0042078, HMDB0042136, HMDB0042282, HMDB0042310, HMDB0042311, HMDB0042339, HMDB0042369, HMDB0042398, HMDB0042513, HMDB0042571, HMDB0043003, HMDB0043395, HMDB0044032, HMDB0044033, HMDB0044086, HMDB0044114, HMDB0044862, HMDB0044888, HMDB0045662, HMDB0047728, HMDB0047772, HMDB0047773, HMDB0047794, HMDB0047816, HMDB0048457","0","5765155.5","97878160","30","1","false","0.12746302783489227","C53H92O6+H+"
"Pacific Northwest National Laboratory","20201130_jl_lungmap_agarose_1","2020-12-01_22h59m24s","C39H78NO8P","M+Na","","C39H78NO8P+Na+","742.535726139","0.67236286","0.05","0.7107059650823566","0.9475663592554868","0.9983989983750233","PC(15:0/16:0), PC(16:0/15:0), PE(14:0/20:0), PE(16:0/18:0), PE(18:0/16:0), PE(20:0/14:0), PE-NMe2(16:0/16:0), PE-NMe(15:0/18:0), PE-NMe(18:0/15:0), PE-NMe2(14:0/18:0), PE-NMe2(18:0/14:0)","HMDB0007935, HMDB0007967, HMDB0008833, HMDB0008925, HMDB0008989, HMDB0009217, HMDB0010566, HMDB0113019, HMDB0113086, HMDB0113860, HMDB0113985","0","8981191","43433213952","11","1","false","0.00013684792793355882","C39H79N2O6P+K+"
"Pacific Northwest National Laboratory","20201130_jl_lungmap_agarose_1","2020-12-01_22h59m24s","C53H105O8P","M+Na","","C53H105O8P+Na+","923.743928003","0.6746909","0.05","0.7163247175142582","0.95575753634927","0.9854785478547855","PA(a-25:0/a-25:0)","HMDB0115762","0","12042500","246636128","1","1","false","0.03297589719295502","C57H104O6+K+"
"Pacific Northwest National Laboratory","20201130_jl_lungmap_agarose_1","2020-12-01_22h59m24s","C41H73O8P","M+Na","","C41H73O8P+Na+","747.493526979","0.67886794","0.05","0.7029305734156722","0.9674654198555773","0.9982456140350877","PA(16:0/22:4(7Z,10Z,13Z,16Z)), PA(18:0/20:4(5Z,8Z,11Z,14Z)), PA(18:0/20:4(8Z,11Z,14Z,17Z)), PA(18:1(11Z)/20:3(5Z,8Z,11Z)), PA(18:1(9Z)/20:3(5Z,8Z,11Z)), PA(18:3(6Z,9Z,12Z)/20:1(11Z)), PA(18:3(9Z,12Z,15Z)/20:1(11Z)), PA(18:4(6Z,9Z,12Z,15Z)/20:0), PA(20:0/18:4(6Z,9Z,12Z,15Z)), PA(20:1(11Z)/18:3(6Z,9Z,12Z)), PA(20:1(11Z)/18:3(9Z,12Z,15Z)), PA(20:3(5Z,8Z,11Z)/18:1(11Z)), PA(20:3(5Z,8Z,11Z)/18:1(9Z)), PA(20:4(5Z,8Z,11Z,14Z)/18:0), PA(20:4(8Z,11Z,14Z,17Z)/18:0), PA(22:4(7Z,10Z,13Z,16Z)/16:0), PA(20:2(11Z,14Z)/18:2(9Z,12Z)), PA(18:1(11Z)/20:3(8Z,11Z,14Z)), PA(18:1(9Z)/20:3(8Z,11Z,14Z)), PA(18:2(9Z,12Z)/20:2(11Z,14Z)), PA(20:3(8Z,11Z,14Z)/18:1(11Z)), PA(20:3(8Z,11Z,14Z)/18:1(9Z))","HMDB0114846, HMDB0114884, HMDB0114885, HMDB0114908, HMDB0114933, HMDB0114986, HMDB0115013, HMDB0115039, HMDB0115073, HMDB0115100, HMDB0115101, HMDB0115124, HMDB0115125, HMDB0115149, HMDB0115176, HMDB0115326, HMDB0115493, HMDB0115517, HMDB0115519, HMDB0115520, HMDB0115567, HMDB0115568","0","5776181.5","18685812736","22","0","false","0.00007968441059347242",""
"Pacific Northwest National Laboratory","20201130_jl_lungmap_agarose_1","2020-12-01_22h59m24s","C57H100O6","M+Na","","C57H100O6+Na+","903.7412116029999","0.6824275","0.05","0.730858771203468","0.9471688117632682","0.9858156028368794","TG(16:0/18:1(9Z)/20:4(5Z,8Z,11Z,14Z)), TG(16:1(9Z)/18:0/20:4(5Z,8Z,11Z,14Z)), TG(18:1(9Z)/18:2(9Z,12Z)/18:2(9Z,12Z)), TG(18:1(11Z)/16:0/20:4(5Z,8Z,11Z,14Z)), TG(18:1(9Z)/18:1(9Z)/18:3(6Z,9Z,12Z)), TG(18:1(9Z)/18:1(9Z)/18:3(9Z,12Z,15Z)), TG(18:2(9Z,12Z)/18:0/18:3(9Z,12Z,15Z)), TG(18:2(9Z,12Z)/18:1(11Z)/18:2(9Z,12Z)), Glycerol 1,2-di-(9Z,12Z-octadecadienoate) 3-(9Z-octadecenoate), Glycerol 1,3-di-(9Z,12Z-octadecadienoate) 2-(9Z-octadecenoate), TG(14:0/18:0/22:5(4Z,7Z,10Z,13Z,16Z)), TG(14:0/18:0/22:5(7Z,10Z,13Z,16Z,19Z)), TG(14:0/20:0/20:5(5Z,8Z,11Z,14Z,17Z)), TG(14:0/18:1(11Z)/22:4(7Z,10Z,13Z,16Z)), TG(14:0/18:1(9Z)/22:4(7Z,10Z,13Z,16Z)), TG(14:0/20:1(11Z)/20:4(5Z,8Z,11Z,14Z)), TG(14:0/20:1(11Z)/20:4(8Z,11Z,14Z,17Z)), TG(14:0/20:3(5Z,8Z,11Z)/20:2n6), TG(14:0/22:1(13Z)/18:4(6Z,9Z,12Z,15Z)), TG(14:0/18:3(6Z,9Z,12Z)/22:2(13Z,16Z)), TG(14:0/20:2n6/20:3(5Z,8Z,11Z)), TG(14:0/20:2n6/20:3n6), TG(14:0/20:3n6/20:2n6), TG(14:0/20:4(5Z,8Z,11Z,14Z)/20:1(11Z)), TG(14:0/22:2(13Z,16Z)/18:3(6Z,9Z,12Z)), TG(14:0/22:2(13Z,16Z)/18:3(9Z,12Z,15Z)), TG(14:0/22:4(7Z,10Z,13Z,16Z)/18:1(11Z)), TG(14:0/22:4(7Z,10Z,13Z,16Z)/18:1(9Z)), TG(14:0/22:5(4Z,7Z,10Z,13Z,16Z)/18:0), TG(14:0/18:3(9Z,12Z,15Z)/22:2(13Z,16Z)), TG(14:0/18:4(6Z,9Z,12Z,15Z)/22:1(13Z)), TG(14:0/20:4(8Z,11Z,14Z,17Z)/20:1(11Z)), TG(14:0/20:5(5Z,8Z,11Z,14Z,17Z)/20:0), TG(14:0/22:5(7Z,10Z,13Z,16Z,19Z)/18:0), TG(16:0/16:0/22:5(4Z,7Z,10Z,13Z,16Z)), TG(16:0/16:0/22:5(7Z,10Z,13Z,16Z,19Z)), TG(16:0/18:0/20:5(5Z,8Z,11Z,14Z,17Z)), TG(16:0/16:1(9Z)/22:4(7Z,10Z,13Z,16Z)), TG(16:0/18:1(11Z)/20:4(5Z,8Z,11Z,14Z)), TG(16:0/18:1(11Z)/20:4(8Z,11Z,14Z,17Z)), TG(16:0/18:1(9Z)/20:4(8Z,11Z,14Z,17Z)), TG(16:0/20:1(11Z)/18:4(6Z,9Z,12Z,15Z)), TG(16:0/20:3(5Z,8Z,11Z)/18:2(9Z,12Z)), TG(16:0/18:2(9Z,12Z)/20:3(5Z,8Z,11Z)), TG(16:0/18:2(9Z,12Z)/20:3n6), TG(16:0/18:3(6Z,9Z,12Z)/20:2n6), TG(16:0/20:2n6/18:3(6Z,9Z,12Z)), TG(16:0/20:2n6/18:3(9Z,12Z,15Z)), TG(16:0/20:3n6/18:2(9Z,12Z)), TG(16:0/20:4(5Z,8Z,11Z,14Z)/18:1(11Z))","HMDB0005385, HMDB0005426, HMDB0005461, HMDB0010441, HMDB0010459, HMDB0010460, HMDB0010477, HMDB0010479, HMDB0031115, HMDB0034298, HMDB0042173, HMDB0042178, HMDB0042207, HMDB0042352, HMDB0042382, HMDB0042410, HMDB0042416, HMDB0042438, HMDB0042475, HMDB0042561, HMDB0042583, HMDB0042589, HMDB0042618, HMDB0042642, HMDB0042677, HMDB0042684, HMDB0042700, HMDB0042701, HMDB0042724, HMDB0042771, HMDB0042794, HMDB0042822, HMDB0042845, HMDB0042874, HMDB0043905, HMDB0043910, HMDB0043937, HMDB0044072, HMDB0044098, HMDB0044104, HMDB0044132, HMDB0044159, HMDB0044178, HMDB0044259, HMDB0044265, HMDB0044292, HMDB0044319, HMDB0044326, HMDB0044346, HMDB0044368","0","16971500","308434912","50","0","false","0.043377265334129333",""
"Pacific Northwest National Laboratory","20201130_jl_lungmap_agarose_1","2020-12-01_22h59m24s","C57H102O6","M+Na","","C57H102O6+Na+","905.756861667","0.68568254","0.05","0.7321601604168593","0.9425328030444089","0.9936204146730463","TG(16:0/18:0/20:4(5Z,8Z,11Z,14Z)), TG(18:0/18:2(9Z,12Z)/18:2(9Z,12Z)), TG(16:1(9Z)/18:2(9Z,12Z)/20:1(11Z)), TG(18:1(9Z)/18:1(9Z)/18:2(9Z,12Z)), TG(18:1(9Z)/18:0/18:3(9Z,12Z,15Z)), TG(18:1(9Z)/18:1(11Z)/18:2(9Z,12Z)), TG(18:2(9Z,12Z)/16:0/20:2(11Z,14Z)), Glycerol 1,2-di-(9Z,12Z-octadecadienoate) 3-octadecanoate, Glycerol 1,3-di-(9Z-octadecenoate) 2-(9Z,12Z-octadecadienoate), Glycerol 1,3-di-(9Z,12Z-octadecadienoate) 2-octadecanoate, TG(14:0/18:0/22:4(7Z,10Z,13Z,16Z)), TG(14:0/20:0/20:4(5Z,8Z,11Z,14Z)), TG(14:0/20:0/20:4(8Z,11Z,14Z,17Z)), TG(14:0/22:0/18:4(6Z,9Z,12Z,15Z)), TG(14:0/20:1(11Z)/20:3(5Z,8Z,11Z)), TG(14:0/20:1(11Z)/20:3n6), TG(14:0/20:3(5Z,8Z,11Z)/20:1(11Z)), TG(14:0/22:1(13Z)/18:3(6Z,9Z,12Z)), TG(14:0/22:1(13Z)/18:3(9Z,12Z,15Z)), TG(14:0/18:2(9Z,12Z)/22:2(13Z,16Z)), TG(14:0/18:3(6Z,9Z,12Z)/22:1(13Z)), TG(14:0/20:2n6/20:2n6), TG(14:0/20:3n6/20:1(11Z)), TG(14:0/20:4(5Z,8Z,11Z,14Z)/20:0), TG(14:0/22:2(13Z,16Z)/18:2(9Z,12Z)), TG(14:0/22:4(7Z,10Z,13Z,16Z)/18:0), TG(14:0/18:3(9Z,12Z,15Z)/22:1(13Z)), TG(14:0/18:4(6Z,9Z,12Z,15Z)/22:0), TG(14:0/20:4(8Z,11Z,14Z,17Z)/20:0), TG(16:0/16:0/22:4(7Z,10Z,13Z,16Z)), TG(16:0/18:0/20:4(8Z,11Z,14Z,17Z)), TG(16:0/20:0/18:4(6Z,9Z,12Z,15Z)), TG(16:0/18:1(11Z)/20:3(5Z,8Z,11Z)), TG(16:0/18:1(11Z)/20:3n6), TG(16:0/18:1(9Z)/20:3(5Z,8Z,11Z)), TG(16:0/18:1(9Z)/20:3n6), TG(16:0/20:1(11Z)/18:3(6Z,9Z,12Z)), TG(16:0/20:1(11Z)/18:3(9Z,12Z,15Z)), TG(16:0/20:3(5Z,8Z,11Z)/18:1(11Z)), TG(16:0/20:3(5Z,8Z,11Z)/18:1(9Z)), TG(16:0/18:2(9Z,12Z)/20:2n6), TG(16:0/18:3(6Z,9Z,12Z)/20:1(11Z)), TG(16:0/20:2n6/18:2(9Z,12Z)), TG(16:0/20:3n6/18:1(11Z)), TG(16:0/20:3n6/18:1(9Z)), TG(16:0/20:4(5Z,8Z,11Z,14Z)/18:0), TG(16:0/22:4(7Z,10Z,13Z,16Z)/16:0), TG(16:0/18:3(9Z,12Z,15Z)/20:1(11Z)), TG(16:0/18:4(6Z,9Z,12Z,15Z)/20:0), TG(16:0/20:4(8Z,11Z,14Z,17Z)/18:0)","HMDB0005370, HMDB0005411, HMDB0005445, HMDB0005455, HMDB0010456, HMDB0010458, HMDB0010474, HMDB0029554, HMDB0031113, HMDB0031114, HMDB0042172, HMDB0042200, HMDB0042206, HMDB0042235, HMDB0042403, HMDB0042409, HMDB0042432, HMDB0042467, HMDB0042474, HMDB0042531, HMDB0042554, HMDB0042588, HMDB0042612, HMDB0042635, HMDB0042676, HMDB0042694, HMDB0042764, HMDB0042786, HMDB0042815, HMDB0043904, HMDB0043936, HMDB0043963, HMDB0044091, HMDB0044097, HMDB0044119, HMDB0044125, HMDB0044151, HMDB0044158, HMDB0044172, HMDB0044173, HMDB0044264, HMDB0044286, HMDB0044318, HMDB0044340, HMDB0044341, HMDB0044362, HMDB0044417, HMDB0044482, HMDB0044503, HMDB0044530","0","37724328","781365120","50","1","false","0.05227617546916008","C59H100O6+H+"
"Pacific Northwest National Laboratory","20201130_jl_lungmap_agarose_1","2020-12-01_22h59m24s","C57H104O6","M+Na","","C57H104O6+Na+","907.7725117309999","0.68775386","0.05","0.7338954531288778","0.9419960203593767","0.9948320413436692","TG(16:0/18:2(9Z,12Z)/20:1(11Z)), TG(18:0/18:1(9Z)/18:2(9Z,12Z)), TG(16:1(9Z)/18:1(9Z)/20:1(11Z)), TG(16:1(9Z)/18:2(9Z,12Z)/20:0), TG(18:1(9Z)/18:1(9Z)/18:1(9Z)), TG(18:1(11Z)/18:0/18:2(9Z,12Z)), TG(18:1(9Z)/16:0/20:2(11Z,14Z)), TG(18:1(9Z)/18:1(11Z)/18:1(9Z)), Tripetroselinin, TG(14:0/20:0/20:3(5Z,8Z,11Z)), TG(14:0/20:0/20:3n6), TG(14:0/22:0/18:3(6Z,9Z,12Z)), TG(14:0/22:0/18:3(9Z,12Z,15Z)), TG(14:0/18:1(11Z)/22:2(13Z,16Z)), TG(14:0/18:1(9Z)/22:2(13Z,16Z)), TG(14:0/20:1(11Z)/20:2n6), TG(14:0/20:3(5Z,8Z,11Z)/20:0), TG(14:0/22:1(13Z)/18:2(9Z,12Z)), TG(14:0/18:2(9Z,12Z)/22:1(13Z)), TG(14:0/18:3(6Z,9Z,12Z)/22:0), TG(14:0/20:2n6/20:1(11Z)), TG(14:0/20:3n6/20:0), TG(14:0/22:2(13Z,16Z)/18:1(11Z)), TG(14:0/22:2(13Z,16Z)/18:1(9Z)), TG(14:0/18:3(9Z,12Z,15Z)/22:0), TG(16:0/18:0/20:3(5Z,8Z,11Z)), TG(16:0/18:0/20:3n6), TG(16:0/20:0/18:3(6Z,9Z,12Z)), TG(16:0/20:0/18:3(9Z,12Z,15Z)), TG(16:0/18:1(9Z)/20:2n6), TG(16:0/16:1(9Z)/22:2(13Z,16Z)), TG(16:0/18:1(11Z)/20:2n6), TG(16:0/20:1(11Z)/18:2(9Z,12Z)), TG(16:0/20:3(5Z,8Z,11Z)/18:0), TG(16:0/18:3(6Z,9Z,12Z)/20:0), TG(16:0/20:2n6/18:1(11Z)), TG(16:0/20:2n6/18:1(9Z)), TG(16:0/20:3n6/18:0), TG(16:0/22:2(13Z,16Z)/16:1(9Z)), TG(16:0/18:3(9Z,12Z,15Z)/20:0), TG(18:0/16:0/20:3(5Z,8Z,11Z)), TG(18:0/16:0/20:3n6), TG(18:0/18:0/18:3(6Z,9Z,12Z)), TG(18:0/18:0/18:3(9Z,12Z,15Z)), TG(18:0/14:1(9Z)/22:2(13Z,16Z)), TG(18:0/16:1(9Z)/20:2n6), TG(18:0/18:1(11Z)/18:2(9Z,12Z)), TG(18:0/18:2(9Z,12Z)/18:1(11Z)), TG(18:0/18:2(9Z,12Z)/18:1(9Z)), TG(18:0/18:3(6Z,9Z,12Z)/18:0)","HMDB0005389, HMDB0005405, HMDB0005439, HMDB0005444, HMDB0005453, HMDB0010447, HMDB0010452, HMDB0010457, HMDB0031108, HMDB0042193, HMDB0042199, HMDB0042227, HMDB0042234, HMDB0042351, HMDB0042381, HMDB0042408, HMDB0042425, HMDB0042466, HMDB0042524, HMDB0042546, HMDB0042582, HMDB0042605, HMDB0042670, HMDB0042671, HMDB0042756, HMDB0043923, HMDB0043929, HMDB0043955, HMDB0043962, HMDB0044124, HMDB0044071, HMDB0044096, HMDB0044150, HMDB0044166, HMDB0044279, HMDB0044312, HMDB0044313, HMDB0044334, HMDB0044395, HMDB0044475, HMDB0044731, HMDB0044737, HMDB0044762, HMDB0044769, HMDB0044874, HMDB0044898, HMDB0044923, HMDB0045079, HMDB0045080, HMDB0045100","0","44716992","960031680","50","1","false","0.049230556935071945","C59H102O6+H+"
"Pacific Northwest National Laboratory","20201130_jl_lungmap_agarose_1","2020-12-01_22h59m24s","C53H96O6","M+Na","","C53H96O6+Na+","851.7099114749999","0.69022477","0.05","0.7424914649828287","0.9520064896098013","0.9764705882352941","TG(16:0/16:1(9Z)/18:2(9Z,12Z)), TG(16:1(9Z)/16:1(9Z)/18:1(9Z)), TG(16:0/16:0/18:3(9Z,12Z,15Z)), TG(18:1(11Z)/14:0/18:2(9Z,12Z)), TG(18:1(9Z)/14:0/18:2(9Z,12Z)), 15-Oleoylsolamin, TG(14:0/16:0/20:3(5Z,8Z,11Z)), TG(14:0/16:0/20:3n6), TG(14:0/18:0/18:3(6Z,9Z,12Z)), TG(14:0/18:0/18:3(9Z,12Z,15Z)), TG(14:0/14:1(9Z)/22:2(13Z,16Z)), TG(14:0/16:1(9Z)/20:2n6), TG(14:0/18:1(11Z)/18:2(9Z,12Z)), TG(14:0/18:1(9Z)/18:2(9Z,12Z)), TG(14:0/20:3(5Z,8Z,11Z)/16:0), TG(14:0/18:2(9Z,12Z)/18:1(11Z)), TG(14:0/18:2(9Z,12Z)/18:1(9Z)), TG(14:0/18:3(6Z,9Z,12Z)/18:0), TG(14:0/20:2n6/16:1(9Z)), TG(14:0/20:3n6/16:0), TG(14:0/22:2(13Z,16Z)/14:1(9Z)), TG(14:0/18:3(9Z,12Z,15Z)/18:0), TG(15:0/15:0/20:3(5Z,8Z,11Z)), TG(15:0/15:0/20:3n6), TG(15:0/20:3(5Z,8Z,11Z)/15:0), TG(15:0/20:3n6/15:0), TG(16:0/14:0/20:3(5Z,8Z,11Z)), TG(16:0/14:0/20:3n6), TG(16:0/16:0/18:3(6Z,9Z,12Z)), TG(16:0/14:1(9Z)/20:2n6), TG(16:0/18:2(9Z,12Z)/16:1(9Z)), TG(16:0/18:3(6Z,9Z,12Z)/16:0), TG(16:0/20:2n6/14:1(9Z)), TG(16:0/18:3(9Z,12Z,15Z)/16:0), TG(18:0/14:0/18:3(6Z,9Z,12Z)), TG(18:0/14:0/18:3(9Z,12Z,15Z)), TG(18:0/14:1(9Z)/18:2(9Z,12Z)), TG(18:0/18:2(9Z,12Z)/14:1(9Z)), TG(14:1(9Z)/14:0/22:2(13Z,16Z)), TG(14:1(9Z)/16:0/20:2n6), TG(14:1(9Z)/18:0/18:2(9Z,12Z)), TG(14:1(9Z)/14:1(9Z)/22:1(13Z)), TG(14:1(9Z)/16:1(9Z)/20:1(11Z)), TG(14:1(9Z)/18:1(11Z)/18:1(11Z)), TG(14:1(9Z)/18:1(11Z)/18:1(9Z)), TG(14:1(9Z)/18:1(9Z)/18:1(11Z)), TG(14:1(9Z)/18:1(9Z)/18:1(9Z)), TG(14:1(9Z)/20:1(11Z)/16:1(9Z)), TG(14:1(9Z)/22:1(13Z)/14:1(9Z)), TG(16:1(9Z)/14:1(9Z)/20:1(11Z))","HMDB0005379, HMDB0005433, HMDB0010417, HMDB0010436, HMDB0010449, HMDB0036342, HMDB0042133, HMDB0042139, HMDB0042167, HMDB0042174, HMDB0042291, HMDB0042318, HMDB0042346, HMDB0042376, HMDB0042423, HMDB0042520, HMDB0042521, HMDB0042544, HMDB0042579, HMDB0042603, HMDB0042668, HMDB0042754, HMDB0043000, HMDB0043006, HMDB0043308, HMDB0043482, HMDB0043839, HMDB0043845, HMDB0043899, HMDB0044040, HMDB0044255, HMDB0044277, HMDB0044310, HMDB0044473, HMDB0044681, HMDB0044688, HMDB0044869, HMDB0045077, HMDB0047737, HMDB0047780, HMDB0047801, HMDB0047891, HMDB0047912, HMDB0047933, HMDB0047934, HMDB0047956, HMDB0047957, HMDB0047978, HMDB0048023, HMDB0048570","0","10491576","176996512","50","1","false","0.15692442655563354","C55H94O6+H+"
"Pacific Northwest National Laboratory","20201130_jl_lungmap_agarose_1","2020-12-01_22h59m24s","C57H106O6","M+Na","","C57H106O6+Na+","909.788161795","0.691272","0.05","0.7472305170404612","0.9351592912321645","0.9892561983471074","TG(16:0/18:1(9Z)/20:1(11Z)), TG(16:0/18:2(9Z,12Z)/20:0), TG(18:0/18:0/18:2(9Z,12Z)), TG(18:0/18:1(9Z)/18:1(9Z)), TG(16:1(9Z)/18:0/20:1(11Z)), TG(16:1(9Z)/18:1(9Z)/20:0), TG(18:1(11Z)/18:0/18:1(11Z)), TG(18:1(11Z)/18:0/18:1(9Z)), Glycerol 1,3-di-(9Z-octadecenoate) 2-octadecanoate, Glycerol 1,2-di-(9Z-octadecenoate) 3-octadecanoate, TG(14:0/18:0/22:2(13Z,16Z)), TG(14:0/20:0/20:2n6), TG(14:0/22:0/18:2(9Z,12Z)), TG(14:0/16:1(9Z)/24:1(15Z)), TG(14:0/18:1(11Z)/22:1(13Z)), TG(14:0/18:1(9Z)/22:1(13Z)), TG(14:0/20:1(11Z)/20:1(11Z)), TG(14:0/22:1(13Z)/18:1(11Z)), TG(14:0/22:1(13Z)/18:1(9Z)), TG(14:0/24:1(15Z)/16:1(9Z)), TG(14:0/18:2(9Z,12Z)/22:0), TG(14:0/20:2n6/20:0), TG(14:0/22:2(13Z,16Z)/18:0), TG(16:0/16:0/22:2(13Z,16Z)), TG(16:0/18:0/20:2n6), TG(16:0/20:0/18:2(9Z,12Z)), TG(16:0/14:1(9Z)/24:1(15Z)), TG(16:0/16:1(9Z)/22:1(13Z)), TG(16:0/18:1(11Z)/20:1(11Z)), TG(16:0/20:1(11Z)/18:1(11Z)), TG(16:0/20:1(11Z)/18:1(9Z)), TG(16:0/22:1(13Z)/16:1(9Z)), TG(16:0/24:1(15Z)/14:1(9Z)), TG(16:0/20:2n6/18:0), TG(16:0/22:2(13Z,16Z)/16:0), TG(18:0/14:0/22:2(13Z,16Z)), TG(18:0/16:0/20:2n6), TG(18:0/14:1(9Z)/22:1(13Z)), TG(18:0/16:1(9Z)/20:1(11Z)), TG(18:0/18:1(11Z)/18:1(11Z)), TG(18:0/18:1(11Z)/18:1(9Z)), TG(18:0/18:1(9Z)/18:1(11Z)), TG(18:0/20:1(11Z)/16:1(9Z)), TG(18:0/22:1(13Z)/14:1(9Z)), TG(18:0/18:2(9Z,12Z)/18:0), TG(20:0/16:0/18:2(9Z,12Z)), TG(20:0/14:0/20:2n6), TG(20:0/14:1(9Z)/20:1(11Z)), TG(20:0/18:1(11Z)/16:1(9Z)), TG(20:0/16:1(9Z)/18:1(11Z))","HMDB0005383, HMDB0005388, HMDB0005397, HMDB0005403, HMDB0005424, HMDB0005437, HMDB0010445, HMDB0010446, HMDB0031142, HMDB0031144, HMDB0042171, HMDB0042198, HMDB0042226, HMDB0042315, HMDB0042344, HMDB0042374, HMDB0042402, HMDB0042460, HMDB0042461, HMDB0042489, HMDB0042516, HMDB0042575, HMDB0042664, HMDB0043903, HMDB0043928, HMDB0043954, HMDB0044037, HMDB0044064, HMDB0044090, HMDB0044144, HMDB0044145, HMDB0044199, HMDB0044226, HMDB0044306, HMDB0044389, HMDB0044685, HMDB0044736, HMDB0044867, HMDB0044892, HMDB0044917, HMDB0044918, HMDB0044944, HMDB0044970, HMDB0045023, HMDB0045073, HMDB0045540, HMDB0045490, HMDB0045666, HMDB0045715, HMDB0045690","0","21417248","394868928","50","1","false","0.029653750360012054","C59H104O6+H+"
"Pacific Northwest National Laboratory","20201130_jl_lungmap_agarose_1","2020-12-01_22h59m24s","C55H98O6","M+Na","","C55H98O6+Na+","877.725561539","0.69593084","0.05","0.7391793446644036","0.951974206891401","0.9889880952380953","TG(16:0/16:0/20:4(5Z,8Z,11Z,14Z)), TG(16:0/18:2(9Z,12Z)/18:2(9Z,12Z)), TG(16:1(9Z)/18:1(9Z)/18:2(9Z,12Z)), TG(18:1(11Z)/16:0/18:3(9Z,12Z,15Z)), TG(18:1(11Z)/16:1(9Z)/18:2(9Z,12Z)), TG(18:1(9Z)/16:0/18:3(9Z,12Z,15Z)), Glycerol 1,2-di-(9Z,12Z-octadecadienoate) 3-hexadecanoate, Glycerol 1,3-di-(9Z,12Z-octadecadienoate) 2-hexadecanoate, TG(14:0/16:0/22:4(7Z,10Z,13Z,16Z)), TG(14:0/18:0/20:4(5Z,8Z,11Z,14Z)), TG(14:0/18:0/20:4(8Z,11Z,14Z,17Z)), TG(14:0/20:0/18:4(6Z,9Z,12Z,15Z)), TG(14:0/18:1(11Z)/20:3(5Z,8Z,11Z)), TG(14:0/18:1(11Z)/20:3n6), TG(14:0/18:1(9Z)/20:3(5Z,8Z,11Z)), TG(14:0/18:1(9Z)/20:3n6), TG(14:0/20:1(11Z)/18:3(6Z,9Z,12Z)), TG(14:0/20:1(11Z)/18:3(9Z,12Z,15Z)), TG(14:0/20:3(5Z,8Z,11Z)/18:1(11Z)), TG(14:0/20:3(5Z,8Z,11Z)/18:1(9Z)), TG(14:0/18:2(9Z,12Z)/20:2n6), TG(14:0/18:3(6Z,9Z,12Z)/20:1(11Z)), TG(14:0/20:2n6/18:2(9Z,12Z)), TG(14:0/20:3n6/18:1(11Z)), TG(14:0/20:3n6/18:1(9Z)), TG(14:0/20:4(5Z,8Z,11Z,14Z)/18:0), TG(14:0/22:4(7Z,10Z,13Z,16Z)/16:0), TG(14:0/18:3(9Z,12Z,15Z)/20:1(11Z)), TG(14:0/18:4(6Z,9Z,12Z,15Z)/20:0), TG(14:0/20:4(8Z,11Z,14Z,17Z)/18:0), TG(15:0/15:0/22:4(7Z,10Z,13Z,16Z)), TG(15:0/22:4(7Z,10Z,13Z,16Z)/15:0), TG(16:0/14:0/22:4(7Z,10Z,13Z,16Z)), TG(16:0/16:0/20:4(8Z,11Z,14Z,17Z)), TG(16:0/18:0/18:4(6Z,9Z,12Z,15Z)), TG(16:0/16:1(9Z)/20:3(5Z,8Z,11Z)), TG(16:0/16:1(9Z)/20:3n6), TG(16:0/18:1(11Z)/18:3(6Z,9Z,12Z)), TG(16:0/18:1(11Z)/18:3(9Z,12Z,15Z)), TG(16:0/18:1(9Z)/18:3(6Z,9Z,12Z)), TG(16:0/18:1(9Z)/18:3(9Z,12Z,15Z)), TG(16:0/20:3(5Z,8Z,11Z)/16:1(9Z)), TG(16:0/18:3(6Z,9Z,12Z)/18:1(11Z)), TG(16:0/18:3(6Z,9Z,12Z)/18:1(9Z)), TG(16:0/20:3n6/16:1(9Z)), TG(16:0/20:4(5Z,8Z,11Z,14Z)/16:0), TG(16:0/18:3(9Z,12Z,15Z)/18:1(9Z)), TG(16:0/18:3(9Z,12Z,15Z)/18:1(11Z)), TG(16:0/18:4(6Z,9Z,12Z,15Z)/18:0), TG(16:0/20:4(8Z,11Z,14Z,17Z)/16:0)","HMDB0005363, HMDB0005390, HMDB0005440, HMDB0010440, HMDB0010444, HMDB0010451, HMDB0031117, HMDB0031118, HMDB0042142, HMDB0042170, HMDB0042176, HMDB0042205, HMDB0042343, HMDB0042349, HMDB0042373, HMDB0042379, HMDB0042407, HMDB0042414, HMDB0042430, HMDB0042431, HMDB0042528, HMDB0042552, HMDB0042586, HMDB0042610, HMDB0042611, HMDB0042634, HMDB0042693, HMDB0042762, HMDB0042785, HMDB0042814, HMDB0043009, HMDB0043569, HMDB0043848, HMDB0043908, HMDB0043935, HMDB0044063, HMDB0044069, HMDB0044095, HMDB0044102, HMDB0044123, HMDB0044130, HMDB0044171, HMDB0044284, HMDB0044285, HMDB0044339, HMDB0044361, HMDB0044481, HMDB0044480, HMDB0044502, HMDB0044529","0","23605234","437105568","50","1","false","0.025781461969017982","C57H96O6+H+"
"Pacific Northwest National Laboratory","20201130_jl_lungmap_agarose_1","2020-12-01_22h59m24s","C55H100O6","M+Na","","C55H100O6+Na+","879.7412116029999","0.6967278","0.05","0.7405549083065521","0.9451913373183495","0.995373665480427","TG(16:0/18:1(9Z)/18:2(9Z,12Z)), TG(16:1(9Z)/18:0/18:2(9Z,12Z)), TG(16:1(9Z)/16:1(9Z)/20:1(11Z)), TG(16:1(9Z)/18:1(9Z)/18:1(9Z)), TG(18:0/16:0/18:3(9Z,12Z,15Z)), TG(18:1(11Z)/16:0/18:2(9Z,12Z)), TG(18:1(11Z)/16:1(9Z)/18:1(11Z)), TG(18:1(11Z)/16:1(9Z)/18:1(9Z)), TG(14:0/18:0/20:3(5Z,8Z,11Z)), TG(14:0/18:0/20:3n6), TG(14:0/20:0/18:3(6Z,9Z,12Z)), TG(14:0/20:0/18:3(9Z,12Z,15Z)), TG(14:0/16:1(9Z)/22:2(13Z,16Z)), TG(14:0/18:1(11Z)/20:2n6), TG(14:0/18:1(9Z)/20:2n6), TG(14:0/20:1(11Z)/18:2(9Z,12Z)), TG(14:0/20:3(5Z,8Z,11Z)/18:0), TG(14:0/18:2(9Z,12Z)/20:1(11Z)), TG(14:0/18:3(6Z,9Z,12Z)/20:0), TG(14:0/20:2n6/18:1(11Z)), TG(14:0/20:2n6/18:1(9Z)), TG(14:0/20:3n6/18:0), TG(14:0/22:2(13Z,16Z)/16:1(9Z)), TG(14:0/18:3(9Z,12Z,15Z)/20:0), TG(16:0/16:0/20:3(5Z,8Z,11Z)), TG(16:0/16:0/20:3n6), TG(16:0/18:0/18:3(6Z,9Z,12Z)), TG(16:0/18:0/18:3(9Z,12Z,15Z)), TG(16:0/14:1(9Z)/22:2(13Z,16Z)), TG(16:0/16:1(9Z)/20:2n6), TG(16:0/18:1(11Z)/18:2(9Z,12Z)), TG(16:0/20:3(5Z,8Z,11Z)/16:0), TG(16:0/18:2(9Z,12Z)/18:1(11Z)), TG(16:0/18:2(9Z,12Z)/18:1(9Z)), TG(16:0/18:3(6Z,9Z,12Z)/18:0), TG(16:0/20:2n6/16:1(9Z)), TG(16:0/20:3n6/16:0), TG(16:0/22:2(13Z,16Z)/14:1(9Z)), TG(16:0/18:3(9Z,12Z,15Z)/18:0), TG(18:0/14:0/20:3(5Z,8Z,11Z)), TG(18:0/14:0/20:3n6), TG(18:0/16:0/18:3(6Z,9Z,12Z)), TG(18:0/14:1(9Z)/20:2n6), TG(18:0/16:1(9Z)/18:2(9Z,12Z)), TG(18:0/18:2(9Z,12Z)/16:1(9Z)), TG(18:0/20:2n6/14:1(9Z)), TG(20:0/14:0/18:3(6Z,9Z,12Z)), TG(20:0/14:0/18:3(9Z,12Z,15Z)), TG(20:0/14:1(9Z)/18:2(9Z,12Z)), TG(20:0/18:2(9Z,12Z)/14:1(9Z))","HMDB0005384, HMDB0005425, HMDB0005434, HMDB0005438, HMDB0010432, HMDB0010439, HMDB0010442, HMDB0010443, HMDB0042163, HMDB0042169, HMDB0042197, HMDB0042204, HMDB0042321, HMDB0042348, HMDB0042378, HMDB0042406, HMDB0042424, HMDB0042522, HMDB0042545, HMDB0042580, HMDB0042581, HMDB0042604, HMDB0042669, HMDB0042755, HMDB0043895, HMDB0043901, HMDB0043927, HMDB0043934, HMDB0044043, HMDB0044068, HMDB0044094, HMDB0044165, HMDB0044256, HMDB0044257, HMDB0044278, HMDB0044311, HMDB0044333, HMDB0044394, HMDB0044474, HMDB0044677, HMDB0044683, HMDB0044735, HMDB0044871, HMDB0044896, HMDB0045078, HMDB0045131, HMDB0045489, HMDB0045496, HMDB0045670, HMDB0045870","0","64750348","1360619648","50","0","false","0.048202142119407654",""
"Pacific Northwest National Laboratory","20201130_jl_lungmap_agarose_1","2020-12-01_22h59m24s","C46H82NO8P","M+Na","","C46H82NO8P+Na+","830.567026267","0.70131016","0.05","0.7338734500156803","0.9587583025888122","0.9967352429701086","PC(16:0/22:5(4Z,7Z,10Z,13Z,16Z)), PC(16:0/22:5(7Z,10Z,13Z,16Z,19Z)), PC(16:1(9Z)/22:4(7Z,10Z,13Z,16Z)), PC(18:0/20:5(5Z,8Z,11Z,14Z,17Z)), PC(18:1(11Z)/20:4(5Z,8Z,11Z,14Z)), PC(18:1(11Z)/20:4(8Z,11Z,14Z,17Z)), PC(18:1(9Z)/20:4(5Z,8Z,11Z,14Z)), PC(18:1(9Z)/20:4(8Z,11Z,14Z,17Z)), PC(18:2(9Z,12Z)/20:3(5Z,8Z,11Z)), PC(18:2(9Z,12Z)/20:3(8Z,11Z,14Z)), PC(18:3(6Z,9Z,12Z)/20:2(11Z,14Z)), PC(18:3(9Z,12Z,15Z)/20:2(11Z,14Z)), PC(18:4(6Z,9Z,12Z,15Z)/20:1(11Z)), PC(20:1(11Z)/18:4(6Z,9Z,12Z,15Z)), PC(20:2(11Z,14Z)/18:3(6Z,9Z,12Z)), PC(20:2(11Z,14Z)/18:3(9Z,12Z,15Z)), PC(20:3(5Z,8Z,11Z)/18:2(9Z,12Z)), PC(20:3(8Z,11Z,14Z)/18:2(9Z,12Z)), PC(20:4(5Z,8Z,11Z,14Z)/18:1(11Z)), PC(20:4(5Z,8Z,11Z,14Z)/18:1(9Z)), PC(20:4(8Z,11Z,14Z,17Z)/18:1(11Z)), PC(20:4(8Z,11Z,14Z,17Z)/18:1(9Z)), PC(20:5(5Z,8Z,11Z,14Z,17Z)/18:0), PC(22:4(7Z,10Z,13Z,16Z)/16:1(9Z)), PC(22:5(4Z,7Z,10Z,13Z,16Z)/16:0), PC(22:5(7Z,10Z,13Z,16Z,19Z)/16:0), PE-NMe(18:0/22:5(4Z,7Z,10Z,13Z,16Z)), PE-NMe(18:0/22:5(7Z,10Z,13Z,16Z,19Z)), PE-NMe(18:1(11Z)/22:4(7Z,10Z,13Z,16Z)), PE-NMe(18:1(9Z)/22:4(7Z,10Z,13Z,16Z)), PE-NMe(18:3(6Z,9Z,12Z)/22:2(13Z,16Z)), PE-NMe(18:3(9Z,12Z,15Z)/22:2(13Z,16Z)), PE-NMe(18:4(6Z,9Z,12Z,15Z)/22:1(13Z)), PE-NMe(20:0/20:5(5Z,8Z,11Z,14Z,17Z)), PE-NMe(20:1(11Z)/20:4(5Z,8Z,11Z,14Z)), PE-NMe(20:1(11Z)/20:4(8Z,11Z,14Z,17Z)), PE-NMe(20:2(11Z,14Z)/20:3(5Z,8Z,11Z)), PE-NMe(20:2(11Z,14Z)/20:3(8Z,11Z,14Z)), PE-NMe(20:3(5Z,8Z,11Z)/20:2(11Z,14Z)), PE-NMe(20:3(8Z,11Z,14Z)/20:2(11Z,14Z)), PE-NMe(20:4(5Z,8Z,11Z,14Z)/20:1(11Z)), PE-NMe(20:4(8Z,11Z,14Z,17Z)/20:1(11Z)), PE-NMe(20:5(5Z,8Z,11Z,14Z,17Z)/20:0), PE-NMe(22:1(13Z)/18:4(6Z,9Z,12Z,15Z)), PE-NMe(22:2(13Z,16Z)/18:3(6Z,9Z,12Z)), PE-NMe(22:2(13Z,16Z)/18:3(9Z,12Z,15Z)), PE-NMe(22:4(7Z,10Z,13Z,16Z)/18:1(11Z)), PE-NMe(22:4(7Z,10Z,13Z,16Z)/18:1(9Z)), PE-NMe(22:5(4Z,7Z,10Z,13Z,16Z)/18:0), PE-NMe(22:5(7Z,10Z,13Z,16Z,19Z)/18:0)","HMDB0007989, HMDB0007990, HMDB0008021, HMDB0008050, HMDB0008081, HMDB0008082, HMDB0008114, HMDB0008115, HMDB0008139, HMDB0008146, HMDB0008177, HMDB0008210, HMDB0008242, HMDB0008306, HMDB0008337, HMDB0008338, HMDB0008369, HMDB0008402, HMDB0008432, HMDB0008433, HMDB0008465, HMDB0008466, HMDB0008497, HMDB0008627, HMDB0008659, HMDB0008692, HMDB0113105, HMDB0113106, HMDB0113131, HMDB0113158, HMDB0113214, HMDB0113243, HMDB0113271, HMDB0113298, HMDB0113325, HMDB0113326, HMDB0113352, HMDB0113353, HMDB0113380, HMDB0113408, HMDB0113435, HMDB0113463, HMDB0113491, HMDB0113546, HMDB0113572, HMDB0113573, HMDB0113598, HMDB0113599, HMDB0113624, HMDB0113651","0","8306533.5","20727846912","50","1","false","0.00003662249582703225","C48H80NO8P+H+"
"Pacific Northwest National Laboratory","20201130_jl_lungmap_agarose_1","2020-12-01_22h59m24s","C24H50NO7P","M+Na","","C24H50NO7P+Na+","518.321710623","0.70367295","0.05","0.7128722982156074","0.988087669888541","0.9989957111270945","LysoPC(16:0)","HMDB0010382","0","5136882","14851383296","1","0","false","0.0008709473768249154",""
"Pacific Northwest National Laboratory","20201130_jl_lungmap_agarose_1","2020-12-01_22h59m24s","C53H98O6","M+Na","","C53H98O6+Na+","853.725561539","0.7042167","0.05","0.74716510564722","0.9524394563339054","0.9895833333333334","TG(16:0/16:0/18:2(9Z,12Z)), TG(16:0/16:1(9Z)/18:1(9Z)), TG(16:1(9Z)/16:1(9Z)/18:0), TG(16:1(9Z)/16:0/18:1(11Z)), TG(18:0/14:0/18:2(9Z,12Z)), TG(18:1(11Z)/14:0/18:1(11Z)), TG(18:1(11Z)/14:0/18:1(9Z)), TG(18:1(9Z)/14:0/18:1(9Z)), Glycerol 1,2-di-(9Z-octadecenoate) 3-tetradecanoate, Glycerol 1,2-dihexadecanoate 3-(9Z,12Z-octadecadienoate), Glycerol 1,3-dihexadecanoate 2-(9Z,12Z-octadecadienoate), TG(14:0/14:0/22:2(13Z,16Z)), TG(14:0/16:0/20:2n6), TG(14:0/18:0/18:2(9Z,12Z)), TG(14:0/14:1(9Z)/22:1(13Z)), TG(14:0/16:1(9Z)/20:1(11Z)), TG(14:0/18:1(11Z)/18:1(11Z)), TG(14:0/18:1(11Z)/18:1(9Z)), TG(14:0/18:1(9Z)/18:1(11Z)), TG(14:0/18:1(9Z)/18:1(9Z)), TG(14:0/20:1(11Z)/16:1(9Z)), TG(14:0/22:1(13Z)/14:1(9Z)), TG(14:0/18:2(9Z,12Z)/18:0), TG(14:0/20:2n6/16:0), TG(14:0/22:2(13Z,16Z)/14:0), TG(15:0/15:0/20:2n6), TG(15:0/20:2n6/15:0), TG(16:0/14:0/20:2n6), TG(16:0/14:1(9Z)/20:1(11Z)), TG(16:0/16:1(9Z)/18:1(11Z)), TG(16:0/18:1(11Z)/16:1(9Z)), TG(16:0/18:1(9Z)/16:1(9Z)), TG(16:0/20:1(11Z)/14:1(9Z)), TG(16:0/18:2(9Z,12Z)/16:0), TG(18:0/14:1(9Z)/18:1(11Z)), TG(18:0/14:1(9Z)/18:1(9Z)), TG(18:0/16:1(9Z)/16:1(9Z)), TG(18:0/18:1(11Z)/14:1(9Z)), TG(18:0/18:1(9Z)/14:1(9Z)), TG(20:0/14:1(9Z)/16:1(9Z)), TG(20:0/16:1(9Z)/14:1(9Z)), TG(22:0/14:1(9Z)/14:1(9Z)), TG(14:1(9Z)/22:0/14:1(9Z)), TG(14:1(9Z)/20:0/16:1(9Z)), TG(14:1(9Z)/14:0/22:1(13Z)), TG(14:1(9Z)/16:0/20:1(11Z)), TG(14:1(9Z)/18:0/18:1(11Z)), TG(14:1(9Z)/18:0/18:1(9Z)), TG(16:1(9Z)/14:0/20:1(11Z)), TG(16:1(9Z)/16:0/18:1(9Z))","HMDB0005362, HMDB0005377, HMDB0005430, HMDB0010423, HMDB0010430, HMDB0010434, HMDB0010435, HMDB0010448, HMDB0031120, HMDB0031121, HMDB0031122, HMDB0042081, HMDB0042138, HMDB0042166, HMDB0042284, HMDB0042312, HMDB0042340, HMDB0042341, HMDB0042370, HMDB0042371, HMDB0042399, HMDB0042458, HMDB0042514, HMDB0042573, HMDB0042661, HMDB0043005, HMDB0043453, HMDB0043844, HMDB0044034, HMDB0044060, HMDB0044087, HMDB0044115, HMDB0044142, HMDB0044249, HMDB0044863, HMDB0044864, HMDB0044889, HMDB0044915, HMDB0044942, HMDB0045663, HMDB0045688, HMDB0046433, HMDB0047839, HMDB0047817, HMDB0047730, HMDB0047774, HMDB0047795, HMDB0047796, HMDB0048416, HMDB0048459","0","29849568","542696256","50","1","false","0.04109811410307884","C55H96O6+H+"
"Pacific Northwest National Laboratory","20201130_jl_lungmap_agarose_1","2020-12-01_22h59m24s","C44H84NO6P","M+Na","","C44H84NO6P+Na+","776.5928470909998","0.7078636","0.05","0.7377021645945832","0.9632422353155745","0.9961689852259247","PC(P-18:1(11Z)/P-18:1(11Z)), PC(P-18:1(11Z)/P-18:1(9Z)), PC(P-18:1(9Z)/P-18:1(11Z)), PC(P-18:1(9Z)/P-18:1(9Z))","HMDB0011300, HMDB0011301, HMDB0011333, HMDB0011334","0","5882097","20739614720","4","0","false","0.00017842196393758059",""
"Pacific Northwest National Laboratory","20201130_jl_lungmap_agarose_1","2020-12-01_22h59m24s","C40H79O10P","M+Na","","C40H79O10P+Na+","773.5303064109999","0.71218026","0.05","0.7852506631477583","0.9085413734815572","0.9982444923945764","PG(18:0/16:0), PG(16:0/18:0), PG(a-13:0/a-21:0), PG(a-13:0/i-21:0), PG(i-12:0/i-22:0), PG(i-13:0/a-21:0), PG(i-13:0/i-21:0)","HMDB0010600, HMDB0010572, HMDB0116640, HMDB0116651, HMDB0116670, HMDB0116676, HMDB0116687","0","51941416","192612122624","7","2","false","0.00016379577573388815","C40H80NO8P+K+, C43H76NO7P+Na+"
"Pacific Northwest National Laboratory","20201130_jl_lungmap_agarose_1","2020-12-01_22h59m24s","C51H101O8P","M+Na","","C51H101O8P+Na+","895.712627875","0.7147976","0.05","0.7555770750938932","0.9584890474582074","0.987","PA(24:0/24:0), PA(i-24:0/i-24:0)","HMDB0115453, HMDB0115949","0","18350942","339036640","2","1","false","0.04426666349172592","C55H100O6+K+"
"Pacific Northwest National Laboratory","20201130_jl_lungmap_agarose_1","2020-12-01_22h59m24s","C41H75O8P","M+Na","","C41H75O8P+Na+","749.509177043","0.7286292","0.05","0.7528824247765298","0.9697932476310727","0.9979303355203499","PA(16:1(9Z)/22:2(13Z,16Z)), PA(18:0/20:3(5Z,8Z,11Z)), PA(18:2(9Z,12Z)/20:1(11Z)), PA(18:3(6Z,9Z,12Z)/20:0), PA(18:3(9Z,12Z,15Z)/20:0), PA(20:0/18:3(9Z,12Z,15Z)), PA(20:0/18:3(6Z,9Z,12Z)), PA(20:1(11Z)/18:2(9Z,12Z)), PA(20:3(5Z,8Z,11Z)/18:0), PA(22:2(13Z,16Z)/16:1(9Z)), PA(18:0/20:3(8Z,11Z,14Z)), PA(18:1(11Z)/20:2(11Z,14Z)), PA(18:1(9Z)/20:2(11Z,14Z)), PA(20:2(11Z,14Z)/18:1(11Z)), PA(20:2(11Z,14Z)/18:1(9Z)), PA(20:3(8Z,11Z,14Z)/18:0)","HMDB0114866, HMDB0114883, HMDB0114959, HMDB0114985, HMDB0115012, HMDB0115072, HMDB0115071, HMDB0115099, HMDB0115123, HMDB0115300, HMDB0115515, HMDB0115516, HMDB0115518, HMDB0115538, HMDB0115539, HMDB0115566","0","6251343","21480407040","16","0","false","0.00013312518422026187",""
"Pacific Northwest National Laboratory","20201130_jl_lungmap_agarose_1","2020-12-01_22h59m24s","C19H26O15","M+Na","","C19H26O15+Na+","517.1163908149999","0.7304214","0.05","0.740109964671916","0.9878780001028876","0.999019451105782","2-O-Galloylsucrose, 6-O-Galloylsucrose, 1'-O-Galloylsucrose, 4'-O-Galloylsucrose, 6'-O-Galloylsucrose","HMDB0039281, HMDB0039282, HMDB0039283, HMDB0039284, HMDB0039285","0","3956195.75","17742573568","5","0","false","0.00002236944237665739",""
"Pacific Northwest National Laboratory","20201130_jl_lungmap_agarose_1","2020-12-01_22h59m24s","C45H91N2O6P","M+Na","","C45H91N2O6P+Na+","809.650696315","0.73286414","0.05","0.7594467714174645","0.9683553504664316","0.9965322672110696","SM(d18:0/22:1(13Z)), SM(d18:1/22:0)","HMDB0012092, HMDB0012103","0","11422513","35843588096","2","0","false","0.0005066337762400508",""
"Pacific Northwest National Laboratory","20201130_jl_lungmap_agarose_1","2020-12-01_22h59m24s","C45H76NO7P","M+Na","","C45H76NO7P+Na+","796.5251614549999","0.7360138","0.05","0.770340388154433","0.9576134412453357","0.997730131962847","PE(22:6(4Z,7Z,10Z,13Z,16Z,19Z)/P-18:1(11Z)), PE(22:6(4Z,7Z,10Z,13Z,16Z,19Z)/P-18:1(9Z)), PE(P-18:1(11Z)/22:6(4Z,7Z,10Z,13Z,16Z,19Z)), PE(P-18:1(9Z)/22:6(4Z,7Z,10Z,13Z,16Z,19Z))","HMDB0009710, HMDB0009711, HMDB0011427, HMDB0011460","0","22465740","92061958144","4","1","false","0.00008122337749227881","C42H80NO8P+K+"
"Pacific Northwest National Laboratory","20201130_jl_lungmap_agarose_1","2020-12-01_22h59m24s","C46H84NO8P","M+Na","","C46H84NO8P+Na+","832.5826763309999","0.74052864","0.05","0.7687139023252975","0.9659370555740528","0.9973057280883367","PC(16:0/22:4(7Z,10Z,13Z,16Z)), PC(18:0/20:4(5Z,8Z,11Z,14Z)), PC(18:0/20:4(8Z,11Z,14Z,17Z)), PC(18:1(11Z)/20:3(5Z,8Z,11Z)), PC(18:1(11Z)/20:3(8Z,11Z,14Z)), PC(18:1(9Z)/20:3(5Z,8Z,11Z)), PC(18:1(9Z)/20:3(8Z,11Z,14Z)), PC(18:2(9Z,12Z)/20:2(11Z,14Z)), PC(18:3(6Z,9Z,12Z)/20:1(11Z)), PC(18:3(9Z,12Z,15Z)/20:1(11Z)), PC(18:4(6Z,9Z,12Z,15Z)/20:0), PC(20:0/18:4(6Z,9Z,12Z,15Z)), PC(20:1(11Z)/18:3(6Z,9Z,12Z)), PC(20:1(11Z)/18:3(9Z,12Z,15Z)), PC(20:2(11Z,14Z)/18:2(9Z,12Z)), PC(20:3(5Z,8Z,11Z)/18:1(11Z)), PC(20:3(5Z,8Z,11Z)/18:1(9Z)), PC(20:3(8Z,11Z,14Z)/18:1(11Z)), PC(20:3(8Z,11Z,14Z)/18:1(9Z)), PC(20:4(5Z,8Z,11Z,14Z)/18:0), PC(20:4(8Z,11Z,14Z,17Z)/18:0), PC(22:4(7Z,10Z,13Z,16Z)/16:0), PE-NMe(18:0/22:4(7Z,10Z,13Z,16Z)), PE-NMe(18:2(9Z,12Z)/22:2(13Z,16Z)), PE-NMe(18:3(6Z,9Z,12Z)/22:1(13Z)), PE-NMe(18:3(9Z,12Z,15Z)/22:1(13Z)), PE-NMe(18:4(6Z,9Z,12Z,15Z)/22:0), PE-NMe(20:0/20:4(5Z,8Z,11Z,14Z)), PE-NMe(20:0/20:4(8Z,11Z,14Z,17Z)), PE-NMe(20:1(11Z)/20:3(5Z,8Z,11Z)), PE-NMe(20:1(11Z)/20:3(8Z,11Z,14Z)), PE-NMe(20:2(11Z,14Z)/20:2(11Z,14Z)), PE-NMe(20:3(5Z,8Z,11Z)/20:1(11Z)), PE-NMe(20:3(8Z,11Z,14Z)/20:1(11Z)), PE-NMe(20:4(5Z,8Z,11Z,14Z)/20:0), PE-NMe(20:4(8Z,11Z,14Z,17Z)/20:0), PE-NMe(22:0/18:4(6Z,9Z,12Z,15Z)), PE-NMe(22:1(13Z)/18:3(6Z,9Z,12Z)), PE-NMe(22:1(13Z)/18:3(9Z,12Z,15Z)), PE-NMe(22:2(13Z,16Z)/18:2(9Z,12Z)), PE-NMe(22:4(7Z,10Z,13Z,16Z)/18:0)","HMDB0007988, HMDB0008048, HMDB0008049, HMDB0008079, HMDB0008080, HMDB0008112, HMDB0008113, HMDB0008145, HMDB0008176, HMDB0008209, HMDB0008241, HMDB0008273, HMDB0008304, HMDB0008305, HMDB0008336, HMDB0008367, HMDB0008368, HMDB0008400, HMDB0008401, HMDB0008431, HMDB0008464, HMDB0008626, HMDB0113104, HMDB0113186, HMDB0113213, HMDB0113242, HMDB0113270, HMDB0113296, HMDB0113297, HMDB0113323, HMDB0113324, HMDB0113351, HMDB0113379, HMDB0113407, HMDB0113434, HMDB0113462, HMDB0113519, HMDB0113544, HMDB0113545, HMDB0113571, HMDB0113597","0","13209146","34516639744","41","0","false","0.00012977862206753343",""
"Pacific Northwest National Laboratory","20201130_jl_lungmap_agarose_1","2020-12-01_22h59m24s","C47H93N2O6P","M+Na","","C47H93N2O6P+Na+","835.666346379","0.7414094","0.05","0.7717737083427716","0.9645059728823756","0.99600884554925","SM(d18:1/24:1(15Z))","HMDB0012107","0","18235188","63249735680","1","0","false","0.00028027428197674453",""
"Pacific Northwest National Laboratory","20201130_jl_lungmap_agarose_1","2020-12-01_22h59m24s","C43H74NO7P","M+Na","","C43H74NO7P+Na+","770.5095113909999","0.7441154","0.05","0.7824172500757478","0.9527930486594378","0.9981672394043528","PE(O-16:1(1Z)/22:6(4Z,7Z,10Z,13Z,16Z,19Z)), PE(20:5(5Z,8Z,11Z,14Z,17Z)/P-18:1(11Z)), PE(20:5(5Z,8Z,11Z,14Z,17Z)/P-18:1(9Z)), PE(22:6(4Z,7Z,10Z,13Z,16Z,19Z)/P-16:0), PE(P-18:1(11Z)/20:5(5Z,8Z,11Z,14Z,17Z)), PE(P-18:1(9Z)/20:5(5Z,8Z,11Z,14Z,17Z))","HMDB0005780, HMDB0009479, HMDB0009480, HMDB0009708, HMDB0011420, HMDB0011453","0","19033844","77851607040","6","1","false","0.00007106181146809831","C40H78NO8P+K+"
"Pacific Northwest National Laboratory","20201130_jl_lungmap_agarose_1","2020-12-01_22h59m24s","C42H78NO8P","M+Na","","C42H78NO8P+Na+","778.535726139","0.7470541","0.05","0.7747855974143464","0.9656898542210233","0.9984649824112568","PC(14:0/20:3(5Z,8Z,11Z)), PC(14:0/20:3(8Z,11Z,14Z)), PC(14:1(9Z)/20:2(11Z,14Z)), PC(16:0/18:3(6Z,9Z,12Z)), PC(16:0/18:3(9Z,12Z,15Z)), PC(16:1(9Z)/18:2(9Z,12Z)), PC(18:2(9Z,12Z)/16:1(9Z)), PC(18:3(6Z,9Z,12Z)/16:0), PC(18:3(9Z,12Z,15Z)/16:0), PC(20:2(11Z,14Z)/14:1(9Z)), PC(20:3(5Z,8Z,11Z)/14:0), PC(20:3(8Z,11Z,14Z)/14:0), PE-NMe(14:1(9Z)/22:2(13Z,16Z)), PE-NMe(16:0/20:3(5Z,8Z,11Z)), PE-NMe(16:0/20:3(8Z,11Z,14Z)), PE-NMe(16:1(9Z)/20:2(11Z,14Z)), PE-NMe(18:0/18:3(6Z,9Z,12Z)), PE-NMe(18:0/18:3(9Z,12Z,15Z)), PE-NMe(18:1(11Z)/18:2(9Z,12Z)), PE-NMe(18:1(9Z)/18:2(9Z,12Z)), PE-NMe(18:2(9Z,12Z)/18:1(11Z)), PE-NMe(18:2(9Z,12Z)/18:1(9Z)), PE-NMe(18:3(6Z,9Z,12Z)/18:0), PE-NMe(18:3(9Z,12Z,15Z)/18:0), PE-NMe(20:2(11Z,14Z)/16:1(9Z)), PE-NMe(20:3(5Z,8Z,11Z)/16:0), PE-NMe(20:3(8Z,11Z,14Z)/16:0), PE-NMe(22:2(13Z,16Z)/14:1(9Z)), PE-NMe2(15:0/20:3(5Z,8Z,11Z)), PE-NMe2(15:0/20:3(8Z,11Z,14Z)), PE-NMe2(20:3(5Z,8Z,11Z)/15:0), PE-NMe2(20:3(8Z,11Z,14Z)/15:0)","HMDB0007881, HMDB0007882, HMDB0007913, HMDB0007974, HMDB0007975, HMDB0008006, HMDB0008134, HMDB0008166, HMDB0008199, HMDB0008329, HMDB0008361, HMDB0008394, HMDB0113011, HMDB0113048, HMDB0113049, HMDB0113069, HMDB0113090, HMDB0113091, HMDB0113116, HMDB0113143, HMDB0113170, HMDB0113171, HMDB0113198, HMDB0113226, HMDB0113341, HMDB0113369, HMDB0113397, HMDB0113564, HMDB0113926, HMDB0113927, HMDB0114270, HMDB0114298","0","10194070","27385378816","32","1","false","0.0001988552394323051","C44H76NO8P+H+"
"Pacific Northwest National Laboratory","20201130_jl_lungmap_agarose_1","2020-12-01_22h59m24s","C12H22O11","M+Na","","C12H22O11+Na+","365.10543220700004","0.7483421","0.05","0.7542525462357651","0.9928276574463232","0.9993313620501345","D-Maltose, Melibiose, Cellobiose, Alpha-Lactose, Sucrose, Lactulose, Trehalose, Isomaltose, Galactinol, 3-b-Galactopyranosyl glucose, Epimelibiose, Kojibiose, Turanose, Neotrehalose, Sakebiose, Inulobiose, Galabiose, Maltulose, Mannobiose, DEAE-cellulose, Allolactose, Glucinol, Trehalulose, Fagopyritol A1, beta-Lactose, Glucose-1,3-mannose oligosaccharide, 2-{[3,4-dihydroxy-2,5-bis(hydroxymethyl)oxolan-2-yl]oxy}-6-(hydroxymethyl)oxane-3,4,5-triol, 6-({[3,4,5-trihydroxy-6-(hydroxymethyl)oxan-2-yl]oxy}methyl)oxane-2,3,4,5-tetrol","HMDB0000163, HMDB0000048, HMDB0000055, HMDB0000186, HMDB0000258, HMDB0000740, HMDB0000975, HMDB0002923, HMDB0005826, HMDB0006603, HMDB0006792, HMDB0011742, HMDB0011740, HMDB0029880, HMDB0029882, HMDB0029898, HMDB0029902, HMDB0029919, HMDB0029933, HMDB0033368, HMDB0038489, HMDB0039237, HMDB0039727, HMDB0039876, HMDB0041627, HMDB0060068, HMDB0125600, HMDB0133305","0","6637519.5","33940049920","28","1","false","0.00037693133344873786","C18H19ClN4O+Na+"
"Pacific Northwest National Laboratory","20201130_jl_lungmap_agarose_1","2020-12-01_22h59m24s","C45H78NO7P","M+Na","","C45H78NO7P+Na+","798.5408115189999","0.748656","0.05","0.7757294758335799","0.9672275835836953","0.9977996217267375","PE(22:5(4Z,7Z,10Z,13Z,16Z)/P-18:1(11Z)), PE(22:5(4Z,7Z,10Z,13Z,16Z)/P-18:1(9Z)), PE(22:5(7Z,10Z,13Z,16Z,19Z)/P-18:1(11Z)), PE(22:5(7Z,10Z,13Z,16Z,19Z)/P-18:1(9Z)), PE(22:6(4Z,7Z,10Z,13Z,16Z,19Z)/P-18:0), PE(P-18:0/22:6(4Z,7Z,10Z,13Z,16Z,19Z)), PE(P-18:1(11Z)/22:5(4Z,7Z,10Z,13Z,16Z)), PE(P-18:1(11Z)/22:5(7Z,10Z,13Z,16Z,19Z)), PE(P-18:1(9Z)/22:5(4Z,7Z,10Z,13Z,16Z)), PE(P-18:1(9Z)/22:5(7Z,10Z,13Z,16Z,19Z))","HMDB0009644, HMDB0009645, HMDB0009677, HMDB0009678, HMDB0009709, HMDB0011394, HMDB0011425, HMDB0011426, HMDB0011458, HMDB0011459","0","43041572","182954786816","10","1","false","0.00009621327626518905","C42H82NO8P+K+"
"Pacific Northwest National Laboratory","20201130_jl_lungmap_agarose_1","2020-12-01_22h59m24s","C44H82NO8P","M+Na","","C44H82NO8P+Na+","806.567026267","0.7529176","0.05","0.7788144098108642","0.9689120117063149","0.9977669376693767","PC(14:1(9Z)/22:2(13Z,16Z)), PC(16:0/20:3(5Z,8Z,11Z)), PC(16:0/20:3(8Z,11Z,14Z)), PC(16:1(9Z)/20:2(11Z,14Z)), PC(18:0/18:3(6Z,9Z,12Z)), PC(18:0/18:3(9Z,12Z,15Z)), PC(18:1(11Z)/18:2(9Z,12Z)), PC(18:1(9Z)/18:2(9Z,12Z)), PC(18:2(9Z,12Z)/18:1(11Z)), PC(18:2(9Z,12Z)/18:1(9Z)), PC(18:3(6Z,9Z,12Z)/18:0), PC(18:3(9Z,12Z,15Z)/18:0), PC(20:2(11Z,14Z)/16:1(9Z)), PC(20:3(5Z,8Z,11Z)/16:0), PC(20:3(8Z,11Z,14Z)/16:0), PC(22:2(13Z,16Z)/14:1(9Z)), PE-NMe(16:1(9Z)/22:2(13Z,16Z)), PE-NMe(18:0/20:3(5Z,8Z,11Z)), PE-NMe(18:0/20:3(8Z,11Z,14Z)), PE-NMe(18:1(11Z)/20:2(11Z,14Z)), PE-NMe(18:1(9Z)/20:2(11Z,14Z)), PE-NMe(18:2(9Z,12Z)/20:1(11Z)), PE-NMe(18:3(6Z,9Z,12Z)/20:0), PE-NMe(18:3(9Z,12Z,15Z)/20:0), PE-NMe(20:0/18:3(6Z,9Z,12Z)), PE-NMe(20:0/18:3(9Z,12Z,15Z)), PE-NMe(20:1(11Z)/18:2(9Z,12Z)), PE-NMe(20:2(11Z,14Z)/18:1(11Z)), PE-NMe(20:2(11Z,14Z)/18:1(9Z)), PE-NMe(20:3(5Z,8Z,11Z)/18:0), PE-NMe(20:3(8Z,11Z,14Z)/18:0), PE-NMe(22:2(13Z,16Z)/16:1(9Z))","HMDB0007921, HMDB0007980, HMDB0007981, HMDB0008012, HMDB0008040, HMDB0008041, HMDB0008072, HMDB0008105, HMDB0008136, HMDB0008137, HMDB0008168, HMDB0008201, HMDB0008332, HMDB0008364, HMDB0008397, HMDB0008591, HMDB0113077, HMDB0113096, HMDB0113097, HMDB0113122, HMDB0113149, HMDB0113177, HMDB0113204, HMDB0113233, HMDB0113288, HMDB0113289, HMDB0113316, HMDB0113343, HMDB0113344, HMDB0113371, HMDB0113399, HMDB0113567","0","26695796","82154110976","32","0","false","0.00006014816972310655",""
"Pacific Northwest National Laboratory","20201130_jl_lungmap_agarose_1","2020-12-01_22h59m24s","C39H71O8P","M+Na","","C39H71O8P+Na+","721.4778769149999","0.7556054","0.05","0.7761265343625072","0.9749165397065213","0.9986081055809356","PA(14:1(9Z)/22:2(13Z,16Z)), PA(16:0/20:3(5Z,8Z,11Z)), PA(18:0/18:3(6Z,9Z,12Z)), PA(18:0/18:3(9Z,12Z,15Z)), PA(18:1(11Z)/18:2(9Z,12Z)), PA(18:1(9Z)/18:2(9Z,12Z)), PA(18:2(9Z,12Z)/18:1(11Z)), PA(18:2(9Z,12Z)/18:1(9Z)), PA(18:3(6Z,9Z,12Z)/18:0), PA(18:3(9Z,12Z,15Z)/18:0), PA(20:3(5Z,8Z,11Z)/16:0), PA(22:2(13Z,16Z)/14:1(9Z)), PA(16:0/20:3(8Z,11Z,14Z)), PA(16:1(9Z)/20:2(11Z,14Z)), PA(20:2(11Z,14Z)/16:1(9Z)), PA(20:3(8Z,11Z,14Z)/16:0)","HMDB0114805, HMDB0114840, HMDB0114878, HMDB0114879, HMDB0114902, HMDB0114927, HMDB0114952, HMDB0114953, HMDB0114978, HMDB0115005, HMDB0115121, HMDB0115297, HMDB0115511, HMDB0115512, HMDB0115536, HMDB0115564","0","10668154","23654973440","16","1","false","0.00024614977883175015","C41H69O8P+H+"
"Pacific Northwest National Laboratory","20201130_jl_lungmap_agarose_1","2020-12-01_22h59m24s","C44H84NO8P","M+Na","","C44H84NO8P+Na+","808.5826763309999","0.75788516","0.05","0.7844067535251935","0.968601128228489","0.9975096561596846","PC(18:1(9Z)/18:1(9Z)), PC(14:0/22:2(13Z,16Z)), PC(14:1(9Z)/22:1(13Z)), PC(16:0/20:2(11Z,14Z)), PC(16:1(9Z)/20:1(11Z)), PC(18:0/18:2(9Z,12Z)), PC(18:1(11Z)/18:1(11Z)), PC(18:1(11Z)/18:1(9Z)), PC(18:1(9Z)/18:1(11Z)), PC(18:2(9Z,12Z)/18:0), PC(20:1(11Z)/16:1(9Z)), PC(20:2(11Z,14Z)/16:0), PC(22:1(13Z)/14:1(9Z)), PC(22:2(13Z,16Z)/14:0), 1,2-dioleoyl-sn-glycero-3-phosphocholine, PE-NMe(14:1(9Z)/24:1(15Z)), PE-NMe(16:0/22:2(13Z,16Z)), PE-NMe(16:1(9Z)/22:1(13Z)), PE-NMe(18:0/20:2(11Z,14Z)), PE-NMe(18:1(11Z)/20:1(11Z)), PE-NMe(18:1(9Z)/20:1(11Z)), PE-NMe(18:2(9Z,12Z)/20:0), PE-NMe(20:0/18:2(9Z,12Z)), PE-NMe(20:1(11Z)/18:1(11Z)), PE-NMe(20:1(11Z)/18:1(9Z)), PE-NMe(20:2(11Z,14Z)/18:0), PE-NMe(22:1(13Z)/16:1(9Z)), PE-NMe(22:2(13Z,16Z)/16:0), PE-NMe(24:1(15Z)/14:1(9Z)), PE-NMe2(15:0/22:2(13Z,16Z)), PE-NMe2(22:2(13Z,16Z)/15:0)","HMDB0000593, HMDB0007888, HMDB0007920, HMDB0007979, HMDB0008011, HMDB0008039, HMDB0008070, HMDB0008071, HMDB0008103, HMDB0008135, HMDB0008299, HMDB0008331, HMDB0008559, HMDB0008590, HMDB0062690, HMDB0112977, HMDB0113054, HMDB0113076, HMDB0113095, HMDB0113121, HMDB0113148, HMDB0113176, HMDB0113287, HMDB0113314, HMDB0113315, HMDB0113342, HMDB0113539, HMDB0113566, HMDB0113729, HMDB0113933, HMDB0114468","0","40143180","131781279744","31","0","false","0.00011800682841567323",""
"Pacific Northwest National Laboratory","20201130_jl_lungmap_agarose_1","2020-12-01_22h59m24s","C44H80NO8P","M+Na","","C44H80NO8P+Na+","804.5513762029999","0.7588731","0.05","0.7850412128794948","0.9687440051248695","0.9978555635472443","PC(14:0/22:4(7Z,10Z,13Z,16Z)), PC(16:0/20:4(5Z,8Z,11Z,14Z)), PC(16:0/20:4(8Z,11Z,14Z,17Z)), PC(16:1(9Z)/20:3(5Z,8Z,11Z)), PC(16:1(9Z)/20:3(8Z,11Z,14Z)), PC(18:0/18:4(6Z,9Z,12Z,15Z)), PC(18:1(11Z)/18:3(6Z,9Z,12Z)), PC(18:1(11Z)/18:3(9Z,12Z,15Z)), PC(18:1(9Z)/18:3(6Z,9Z,12Z)), PC(18:1(9Z)/18:3(9Z,12Z,15Z)), PC(18:2(9Z,12Z)/18:2(9Z,12Z)), PC(18:3(6Z,9Z,12Z)/18:1(11Z)), PC(18:3(6Z,9Z,12Z)/18:1(9Z)), PC(18:3(9Z,12Z,15Z)/18:1(11Z)), PC(18:3(9Z,12Z,15Z)/18:1(9Z)), PC(18:4(6Z,9Z,12Z,15Z)/18:0), PC(20:3(5Z,8Z,11Z)/16:1(9Z)), PC(20:3(8Z,11Z,14Z)/16:1(9Z)), PC(20:4(5Z,8Z,11Z,14Z)/16:0), PC(20:4(8Z,11Z,14Z,17Z)/16:0), PC(22:4(7Z,10Z,13Z,16Z)/14:0), PE-NMe(16:0/22:4(7Z,10Z,13Z,16Z)), PE-NMe(18:0/20:4(5Z,8Z,11Z,14Z)), PE-NMe(18:0/20:4(8Z,11Z,14Z,17Z)), PE-NMe(18:1(11Z)/20:3(5Z,8Z,11Z)), PE-NMe(18:1(11Z)/20:3(8Z,11Z,14Z)), PE-NMe(18:1(9Z)/20:3(5Z,8Z,11Z)), PE-NMe(18:1(9Z)/20:3(8Z,11Z,14Z)), PE-NMe(18:2(9Z,12Z)/20:2(11Z,14Z)), PE-NMe(18:3(6Z,9Z,12Z)/20:1(11Z)), PE-NMe(18:3(9Z,12Z,15Z)/20:1(11Z)), PE-NMe(18:4(6Z,9Z,12Z,15Z)/20:0), PE-NMe(20:0/18:4(6Z,9Z,12Z,15Z)), PE-NMe(20:1(11Z)/18:3(6Z,9Z,12Z)), PE-NMe(20:1(11Z)/18:3(9Z,12Z,15Z)), PE-NMe(20:2(11Z,14Z)/18:2(9Z,12Z)), PE-NMe(20:3(5Z,8Z,11Z)/18:1(11Z)), PE-NMe(20:3(5Z,8Z,11Z)/18:1(9Z)), PE-NMe(20:3(8Z,11Z,14Z)/18:1(11Z)), PE-NMe(20:3(8Z,11Z,14Z)/18:1(9Z)), PE-NMe(20:4(5Z,8Z,11Z,14Z)/18:0), PE-NMe(20:4(8Z,11Z,14Z,17Z)/18:0), PE-NMe(22:4(7Z,10Z,13Z,16Z)/16:0), PE-NMe2(15:0/22:4(7Z,10Z,13Z,16Z)), PE-NMe2(22:4(7Z,10Z,13Z,16Z)/15:0)","HMDB0007889, HMDB0007982, HMDB0007983, HMDB0008013, HMDB0008014, HMDB0008042, HMDB0008073, HMDB0008074, HMDB0008106, HMDB0008107, HMDB0008138, HMDB0008169, HMDB0008170, HMDB0008202, HMDB0008203, HMDB0008234, HMDB0008365, HMDB0008398, HMDB0008429, HMDB0008462, HMDB0008623, HMDB0113055, HMDB0113098, HMDB0113099, HMDB0113123, HMDB0113124, HMDB0113150, HMDB0113151, HMDB0113178, HMDB0113205, HMDB0113234, HMDB0113262, HMDB0113290, HMDB0113317, HMDB0113318, HMDB0113345, HMDB0113372, HMDB0113373, HMDB0113400, HMDB0113401, HMDB0113427, HMDB0113455, HMDB0113595, HMDB0113934, HMDB0114497","0","30083184","91775713280","45","1","false","0.00011175661347806454","C46H78NO8P+H+"
"Pacific Northwest National Laboratory","20201130_jl_lungmap_agarose_1","2020-12-01_22h59m24s","C15H18O11","M+Na","","C15H18O11+Na+","397.07413207900004","0.7620399","0.05","0.7759218983622616","0.9837599903068549","0.9983217453847998","6-[4-(2-carboxy-2-hydroxyethyl)-2-hydroxyphenoxy]-3,4,5-trihydroxyoxane-2-carboxylic acid, 6-[5-(2-carboxy-2-hydroxyethyl)-2-hydroxyphenoxy]-3,4,5-trihydroxyoxane-2-carboxylic acid, 6-{[3-(3,4-dihydroxyphenyl)-2-hydroxypropanoyl]oxy}-3,4,5-trihydroxyoxane-2-carboxylic acid, 6-[5-(2-carboxyethyl)-2,3-dihydroxyphenoxy]-3,4,5-trihydroxyoxane-2-carboxylic acid, 6-[4-(2-carboxyethyl)-2,6-dihydroxyphenoxy]-3,4,5-trihydroxyoxane-2-carboxylic acid, 3,4,5-trihydroxy-6-{[3-(3,4,5-trihydroxyphenyl)propanoyl]oxy}oxane-2-carboxylic acid","HMDB0124968, HMDB0124969, HMDB0124970, HMDB0128011, HMDB0128012, HMDB0128013","0","13568549","80075284480","6","2","false","0.00009360681724501774","C17H14F3N3O3S+H+, C19H18ClNO5+Na+"
"Pacific Northwest National Laboratory","20201130_jl_lungmap_agarose_1","2020-12-01_22h59m24s","C42H82NO8P","M+Na","","C42H82NO8P+Na+","782.567026267","0.7654515","0.05","0.7926018450630063","0.9676399147857698","0.9980420362822664","PC(14:0/20:1(11Z)), PC(14:1(9Z)/20:0), PC(16:0/18:1(11Z)), PC(16:0/18:1(9Z)), PC(16:1(9Z)/18:0), PC(18:0/16:1(9Z)), PC(18:1(11Z)/16:0), PC(18:1(9Z)/16:0), PC(20:1(11Z)/14:0), PC(20:0/14:1(9Z)), PE(15:0/22:1(13Z)), PE(22:1(13Z)/15:0), PE-NMe(18:0/18:1(9Z)), PE-NMe(18:0/18:1(11Z)), PE-NMe(14:1(9Z)/22:0), PE-NMe(16:0/20:1(11Z)), PE-NMe(16:1(9Z)/20:0), PE-NMe(14:0/22:1(13Z)), PE-NMe(18:1(11Z)/18:0), PE-NMe(18:1(9Z)/18:0), PE-NMe(20:0/16:1(9Z)), PE-NMe(20:1(11Z)/16:0), PE-NMe(22:0/14:1(9Z)), PE-NMe(22:1(13Z)/14:0), PE-NMe2(15:0/20:1(11Z)), PE-NMe2(20:1(11Z)/15:0)","HMDB0007879, HMDB0007911, HMDB0007971, HMDB0007972, HMDB0008003, HMDB0008035, HMDB0008067, HMDB0008100, HMDB0008295, HMDB0008263, HMDB0008908, HMDB0009516, HMDB0112970, HMDB0112971, HMDB0112972, HMDB0112973, HMDB0112974, HMDB0112991, HMDB0113115, HMDB0113142, HMDB0113283, HMDB0113311, HMDB0113509, HMDB0113535, HMDB0113864, HMDB0114212","0","123171584","483823091712","26","0","false","0.00010108770220540464",""
"Pacific Northwest National Laboratory","20201130_jl_lungmap_agarose_1","2020-12-01_22h59m24s","C42H80NO8P","M+Na","","C42H80NO8P+Na+","780.5513762029999","0.76795906","0.05","0.7928021125732396","0.9704324507899168","0.9981778949892112","PC(14:0/20:2(11Z,14Z)), PC(14:1(9Z)/20:1(11Z)), PC(16:0/18:2(9Z,12Z)), PC(16:1(9Z)/18:1(11Z)), PC(16:1(9Z)/18:1(9Z)), PC(18:1(11Z)/16:1(9Z)), PC(18:1(9Z)/16:1(9Z)), PC(18:2(9Z,12Z)/16:0), PC(20:1(11Z)/14:1(9Z)), PC(20:2(11Z,14Z)/14:0), PE(15:0/22:2(13Z,16Z)), PE(22:2(13Z,16Z)/15:0), PE-NMe(18:1(9Z)/18:1(9Z)), PE-NMe(16:1(9Z)/20:1(11Z)), PE-NMe(18:1(9Z)/18:1(11Z)), PE-NMe(18:1(11Z)/18:1(9Z)), PE-NMe(18:1(11Z)/18:1(11Z)), PE-NMe(14:0/22:2(13Z,16Z)), PE-NMe(14:1(9Z)/22:1(13Z)), PE-NMe(16:0/20:2(11Z,14Z)), PE-NMe(18:0/18:2(9Z,12Z)), PE-NMe(18:2(9Z,12Z)/18:0), PE-NMe(20:1(11Z)/16:1(9Z)), PE-NMe(20:2(11Z,14Z)/16:0), PE-NMe(22:1(13Z)/14:1(9Z)), PE-NMe(22:2(13Z,16Z)/14:0), PE-NMe2(15:0/20:2(11Z,14Z)), PE-NMe2(20:2(11Z,14Z)/15:0)","HMDB0007880, HMDB0007912, HMDB0007973, HMDB0008004, HMDB0008005, HMDB0008068, HMDB0008101, HMDB0008133, HMDB0008296, HMDB0008328, HMDB0008909, HMDB0009549, HMDB0010565, HMDB0112966, HMDB0112967, HMDB0112968, HMDB0112969, HMDB0112992, HMDB0113010, HMDB0113047, HMDB0113089, HMDB0113169, HMDB0113312, HMDB0113340, HMDB0113536, HMDB0113563, HMDB0113925, HMDB0114241","0","65046580","218137706496","28","1","false","0.00013678449613507837","C44H78NO8P+H+"
"Pacific Northwest National Laboratory","20201130_jl_lungmap_agarose_1","2020-12-01_22h59m24s","C51H96O6","M+Na","","C51H96O6+Na+","827.7099114749999","0.7698302","0.05","0.8269375836342714","0.9515298031553925","0.9783625730994152","TG(16:0/16:0/16:1(9Z)), TG(16:0/14:0/18:1(9Z)), TG(18:0/14:0/16:1(9Z)), TG(14:0/14:0/20:1(11Z)), TG(14:0/16:0/18:1(11Z)), TG(14:0/16:0/18:1(9Z)), TG(14:0/18:0/16:1(9Z)), TG(14:0/20:0/14:1(9Z)), TG(14:0/14:1(9Z)/20:0), TG(14:0/16:1(9Z)/18:0), TG(14:0/18:1(11Z)/16:0), TG(14:0/18:1(9Z)/16:0), TG(14:0/20:1(11Z)/14:0), TG(15:0/15:0/18:1(11Z)), TG(15:0/15:0/18:1(9Z)), TG(15:0/18:1(11Z)/15:0), TG(15:0/18:1(9Z)/15:0), TG(16:0/14:0/18:1(11Z)), TG(16:0/18:0/14:1(9Z)), TG(16:0/14:1(9Z)/18:0), TG(18:0/16:0/14:1(9Z)), TG(16:0/16:1(9Z)/16:0), TG(20:0/14:0/14:1(9Z))","HMDB0005359, HMDB0010414, HMDB0010426, HMDB0042072, HMDB0042130, HMDB0042131, HMDB0042159, HMDB0042188, HMDB0042275, HMDB0042304, HMDB0042333, HMDB0042363, HMDB0042391, HMDB0042997, HMDB0042998, HMDB0043221, HMDB0043250, HMDB0043836, HMDB0043918, HMDB0044026, HMDB0044726, HMDB0044053, HMDB0045480","0","8515391","156950656","23","1","false","0.08736544102430344","C53H94O6+H+"
"Pacific Northwest National Laboratory","20201130_jl_lungmap_agarose_1","2020-12-01_22h59m24s","C39H73O8P","M+Na","","C39H73O8P+Na+","723.493526979","0.7707264","0.05","0.7953409508356978","0.9704164588543818","0.9985934627986893","PA(18:1(9Z)/18:1(11Z)), PA(18:0/18:2(9Z,12Z)), PA(18:1(11Z)/18:1(11Z)), PA(18:1(11Z)/18:1(9Z)), PA(18:1(9Z)/18:1(9Z)), 9-Octadecenoic acid 1-[(phosphonoxy)methyl]-1,2-ethanediyl ester, PA(14:1(9Z)/22:1(13Z)), PA(18:2(9Z,12Z)/18:0), PA(20:1(11Z)/16:1(9Z)), PA(22:1(13Z)/14:1(9Z)), PA(22:2(13Z,16Z)/14:0), PA(16:0/20:2(11Z,14Z)), PA(20:2(11Z,14Z)/16:0), PA(14:0/22:2(13Z,16Z))","HMDB0007864, HMDB0007861, HMDB0007862, HMDB0007863, HMDB0007865, HMDB0031129, HMDB0114804, HMDB0114951, HMDB0115095, HMDB0115271, HMDB0115296, HMDB0115510, HMDB0115535, HMDB0116699","0","20160386","50061434880","14","0","false","0.0003710207238327712",""
"Pacific Northwest National Laboratory","20201130_jl_lungmap_agarose_1","2020-12-01_22h59m24s","C40H78NO8P","M+Na","","C40H78NO8P+Na+","754.535726139","0.77563477","0.05","0.7974648658022411","0.9740527817085621","0.9985348570819681","PC(14:0/18:1(11Z)), PC(14:0/18:1(9Z)), PC(14:1(9Z)/18:0), PC(16:0/16:1(9Z)), PC(16:1(9Z)/16:0), PC(18:0/14:1(9Z)), PC(18:1(11Z)/14:0), PC(18:1(9Z)/14:0), PE(15:0/20:1(11Z)), PE(20:1(11Z)/15:0), PE-NMe(16:0/18:1(9Z)), PE-NMe(14:0/20:1(11Z)), PE-NMe(14:1(9Z)/20:0), PE-NMe(16:0/18:1(11Z)), PE-NMe(16:1(9Z)/18:0), PE-NMe(18:0/16:1(9Z)), PE-NMe(18:1(11Z)/16:0), PE-NMe(18:1(9Z)/16:0), PE-NMe(20:0/14:1(9Z)), PE-NMe(20:1(11Z)/14:0), PE-NMe2(15:0/18:1(9Z)), PE-NMe2(15:0/18:1(11Z)), PE-NMe2(18:1(11Z)/15:0), PE-NMe2(18:1(9Z)/15:0)","HMDB0007872, HMDB0007873, HMDB0007904, HMDB0007969, HMDB0008001, HMDB0008032, HMDB0008064, HMDB0008097, HMDB0008900, HMDB0009252, HMDB0010569, HMDB0112958, HMDB0112960, HMDB0112961, HMDB0112962, HMDB0113088, HMDB0113113, HMDB0113140, HMDB0113280, HMDB0113308, HMDB0113854, HMDB0113855, HMDB0114013, HMDB0114040","0","56544560","183851925504","24","2","false","0.00033065828029066324","C40H80N2O6P+K+, C42H76NO8P+H+"
"Pacific Northwest National Laboratory","20201130_jl_lungmap_agarose_1","2020-12-01_22h59m24s","C41H82NO8P","M+Na","","C41H82NO8P+Na+","770.567026267","0.82684267","0.05","0.8634300846462275","0.959194543598977","0.9983642369991474","PC(15:0/18:0), PC(18:0/15:0), PE(14:0/22:0), PE(16:0/20:0), PE(18:0/18:0), PE(20:0/16:0), PE(22:0/14:0), Phosphatidylethanolamine, PE-NMe(15:0/20:0), PE-NMe(20:0/15:0), PE-NMe2(16:0/18:0), PE-NMe2(14:0/20:0), PE-NMe2(18:0/16:0), PE-NMe2(20:0/14:0)","HMDB0007937, HMDB0008033, HMDB0008841, HMDB0008932, HMDB0008991, HMDB0009220, HMDB0009481, HMDB0060501, HMDB0113024, HMDB0113281, HMDB0113866, HMDB0113883, HMDB0113988, HMDB0114181","0","8640663","31006277632","14","3","false","0.00023810156562831253","C41H83N2O6P+K+, C41H84N2O6P+K+, C43H80NO8P+H+"
"Pacific Northwest National Laboratory","20201130_jl_lungmap_agarose_1","2020-12-01_22h59m24s","C38H76NO8P","M+Na","","C38H76NO8P+Na+","728.5200760749999","0.8318245","0.05","0.8560604252724472","0.9732134080978895","0.9984336290258131","PC(14:0/16:0), PC(15:0/15:0), PC(16:0/14:0), PE(15:0/18:0), PE(18:0/15:0), PE-NMe(16:0/16:0), PE-NMe(14:0/18:0), PE-NMe(18:0/14:0), PE-NMe2(15:0/16:0), PE-NMe2(16:0/15:0)","HMDB0007869, HMDB0007934, HMDB0007965, HMDB0008892, HMDB0008988, HMDB0010567, HMDB0112959, HMDB0113084, HMDB0113865, HMDB0113942","0","27688200","93074227200","10","0","false","0.0004116212367080152",""
"Pacific Northwest National Laboratory","20201130_jl_lungmap_agarose_1","2020-12-01_22h59m24s","C40H80NO8P","M+Na","","C40H80NO8P+Na+","756.5513762029999","0.84190553","0.05","0.868862903700963","0.9706831841974171","0.9982391646021471","PC(16:0/16:0), PC(14:0/18:0), PC(18:0/14:0), PE(15:0/20:0), PE(20:0/15:0), PE-NMe(16:0/18:0), PE-NMe(14:0/20:0), PE-NMe(18:0/16:0), PE-NMe(20:0/14:0), PE-NMe2(15:0/18:0), PE-NMe2(18:0/15:0)","HMDB0000564, HMDB0007871, HMDB0008031, HMDB0008899, HMDB0009219, HMDB0112965, HMDB0112983, HMDB0113087, HMDB0113279, HMDB0113919, HMDB0113987","0","260375504","1009149280256","11","1","false","0.00029147451277822256","C42H78NO8P+H+"
"Pacific Northwest National Laboratory","20201130_jl_lungmap_agarose_1","2020-12-01_22h59m24s","C39H79N2O6P","M+Na","","C39H79N2O6P+Na+","725.5567959309999","0.8447653","0.05","0.8696573206306415","0.9728778033394728","0.9984576040917446","SM(d18:0/16:1(9Z)), Palmitoyl sphingomyelin","HMDB0013464, HMDB0061712","0","24688984","66213412864","2","0","false","0.00012886720651295036",""
"Pacific Northwest National Laboratory","20201130_jl_lungmap_agarose_1","2020-12-01_22h59m24s","C40H80NO8P","M+K","","C40H80NO8P+K+","772.5253134129999","0.8529264","0.05","0.8730113673563442","0.9787507789118423","0.9982045339513572","PC(16:0/16:0), PC(14:0/18:0), PC(18:0/14:0), PE(15:0/20:0), PE(20:0/15:0), PE-NMe(16:0/18:0), PE-NMe(14:0/20:0), PE-NMe(18:0/16:0), PE-NMe(20:0/14:0), PE-NMe2(15:0/18:0), PE-NMe2(18:0/15:0)","HMDB0000564, HMDB0007871, HMDB0008031, HMDB0008899, HMDB0009219, HMDB0112965, HMDB0112983, HMDB0113087, HMDB0113279, HMDB0113919, HMDB0113987","0","110332528","426206789632","11","2","false","0.00014483544509857893","C40H79O10P+Na+, C43H76NO7P+Na+"
"Pacific Northwest National Laboratory","20201130_jl_lungmap_agarose_1","2020-12-01_22h59m24s","C35H66O4","M+H","","C35H66O4+H+","551.5033870269999","0.86569995","0.05","0.8746511227053794","0.9911838758900102","0.9985694877327579","Artemoin A, Artemoin B, Artemoin C, Artemoin D","HMDB0033604, HMDB0033605, HMDB0033606, HMDB0033607","0","6880427.5","20581025792","4","0","false","0.0006264135590754449",""
"Pacific Northwest National Laboratory","20201130_jl_lungmap_agarose_1","2020-12-01_22h59m24s","C47H95N2O6P","M+Na","","C47H95N2O6P+Na+","837.681996443","0.87830067","0.05","0.904296000417337","0.9745919037759803","0.9965745561340275","SM(d18:0/24:1(15Z))","HMDB0012095","0","16261188","47880454144","1","0","false","0.000520180503372103",""
"Pacific Northwest National Laboratory","20201130_jl_lungmap_agarose_1","2020-12-01_22h59m24s","C21H14O10","M+Na","","C21H14O10+Na+","449.04791733100006","0.8783637","0.05","0.8851166058180742","0.9932914212662665","0.9990729641173179","5,14-bis(acetyloxy)-4-hydroxy-9-oxo-8,17-dioxatetracyclo[8.7.0.0²,⁷.0¹¹,¹⁶]heptadeca-1(10),2,4,6,11,13,15-heptaen-13-yl acetate, 5,14-bis(acetyloxy)-15-hydroxy-9-oxo-8,17-dioxatetracyclo[8.7.0.0²,⁷.0¹¹,¹⁶]heptadeca-1(10),2(7),3,5,11,13,15-heptaen-13-yl acetate, 5,14-bis(acetyloxy)-6-hydroxy-9-oxo-8,17-dioxatetracyclo[8.7.0.0²,⁷.0¹¹,¹⁶]heptadeca-1(10),2(7),3,5,11,13,15-heptaen-13-yl acetate, 5,13-bis(acetyloxy)-12-hydroxy-9-oxo-8,17-dioxatetracyclo[8.7.0.0²,⁷.0¹¹,¹⁶]heptadeca-1(10),2(7),3,5,11,13,15-heptaen-14-yl acetate, 5,14-bis(acetyloxy)-3-hydroxy-9-oxo-8,17-dioxatetracyclo[8.7.0.0²,⁷.0¹¹,¹⁶]heptadeca-1(10),2,4,6,11,13,15-heptaen-13-yl acetate, 5,13-bis(acetyloxy)-9-oxo-8,17-dioxatetracyclo[8.7.0.0²,⁷.0¹¹,¹⁶]heptadeca-1(10),2(7),3,5,11,13,15-heptaen-14-yl 2-hydroxyacetate, 5,14-bis(acetyloxy)-9-oxo-8,17-dioxatetracyclo[8.7.0.0²,⁷.0¹¹,¹⁶]heptadeca-1(10),2(7),3,5,11,13,15-heptaen-13-yl 2-hydroxyacetate, 13,14-bis(acetyloxy)-9-oxo-8,17-dioxatetracyclo[8.7.0.0²,⁷.0¹¹,¹⁶]heptadeca-1(10),2(7),3,5,11,13,15-heptaen-5-yl 2-hydroxyacetate","HMDB0128404, HMDB0128405, HMDB0128406, HMDB0128407, HMDB0128408, HMDB0128409, HMDB0128410, HMDB0128411","0","22689774","85554470912","8","3","false","0.000009725044037622865","C18H18O11+K+, C15H17N5O6S2+Na+, C16H18O13S+H+"
"Pacific Northwest National Laboratory","20201130_jl_lungmap_agarose_1","2020-12-01_22h59m24s","C36H75N","M+H","","C36H75N+H+","522.5972278349999","0.88010514","0.05","0.9269131220833757","0.9509071475428856","0.9985215053763441","Tridodecylamine","HMDB0037822","0","10325497","91000832","1","0","false","0.06265422701835632",""
"Pacific Northwest National Laboratory","20201130_jl_lungmap_agarose_1","2020-12-01_22h59m24s","C29H47NO4","M+Na","","C29H47NO4+Na+","496.3397296670001","0.88035935","0.05","0.9043642652096334","0.9753767551389207","0.998031380697408","Docosa-4,7,10,13,16-pentaenoyl carnitine, Clupanodonyl carnitine, 23-Acetoxysoladulcidine","HMDB0006321, HMDB0006496, HMDB0031402","0","14052945","34604244992","3","1","false","0.0020327013917267323","C24H50NO7P+H+"
"Pacific Northwest National Laboratory","20201130_jl_lungmap_agarose_1","2020-12-01_22h59m24s","C24H50NO7P","M+H","","C24H50NO7P+H+","496.33976637500007","0.88644314","0.05","0.8946979981806016","0.9927279042974858","0.998031380697408","LysoPC(16:0)","HMDB0010382","0","14052945","34604244992","1","1","false","0.0020327013917267323","C29H47NO4+Na+"
"Pacific Northwest National Laboratory","20201130_jl_lungmap_agarose_1","2020-12-01_22h59m24s","C18H32O16","M+Na","","C18H32O16+Na+","527.1582556269999","0.8947742","0.05","0.9014982267587452","0.9933721766106669","0.9991635365886145","Galactotriose, Maltotriose, Raffinose, Levan, 3-Galactosyllactose, Dextrin, 1-Kestose, Melezitose, Neokestose, Gentiotriose, 6-O-Glucosylmaltose, beta-D-Fructofuranosyl alpha-D-glucopyranosyl-(1->4)-D-glucopyranoside, Panose, 6-Kestose, Umbelliferose, Gentianose, Fagopyritol B2, beta-D-Galactopyranosyl-(1->2)-[beta-D-galactopyranosyl-(1->4)]-D-galactose, beta-D-Galactopyranosyl-(1->4)-beta-D-galactopyranosyl-(1->4)-D-galactose, beta-D-Galactopyranosyl-(1->3)-beta-D-galactopyranosyl-(1->6)-D-galactose, 3-beta-Gentiobiosylglucose, alpha-D-Glucopyranosyl-(1->6)-alpha-D-glucopyranosyl-(1->2)-D-glucose, 4-beta-Laminaribiosylglucose, alpha-D-Glucopyranosyl-(1->4)-alpha-D-glucopyranosyl-(1->6)-D-glucose, 3-beta-Cellobiosylglucose, Fagopyritol A2, Sophorotriose, Nephritogenoside, D-Gal alpha 1->6D-Gal alpha 1->6D-Glucose","HMDB0029922, HMDB0001262, HMDB0003213, HMDB0003539, HMDB0006599, HMDB0006857, HMDB0011729, HMDB0011730, HMDB0029921, HMDB0029910, HMDB0029929, HMDB0029930, HMDB0029937, HMDB0033673, HMDB0033748, HMDB0034072, HMDB0035322, HMDB0038851, HMDB0038852, HMDB0038853, HMDB0039703, HMDB0039704, HMDB0039706, HMDB0039707, HMDB0039708, HMDB0040181, HMDB0040984, HMDB0041948, HMDB0060468","0","53902232","215608819712","29","0","false","0.0006974549032747746",""
"Pacific Northwest National Laboratory","20201130_jl_lungmap_agarose_1","2020-12-01_22h59m24s","C53H100O6","M+Na","","C53H100O6+Na+","855.7412116029999","0.9162433","0.05","0.9535047556883789","0.9700598266642867","0.9905797101449275","TG(16:0/16:0/18:1(9Z)), TG(16:0/16:1(9Z)/18:0), TG(16:0/16:0/18:1(11Z)), TG(18:0/14:0/18:1(11Z)), TG(18:0/14:0/18:1(9Z)), Glycerol 1,3-dihexadecanoate 2-(9Z-octadecenoate), Glycerol 1,2-dihexadecanoate 3-(9Z-octadecenoate), TG(14:0/14:0/22:1(13Z)), TG(14:0/16:0/20:1(11Z)), TG(14:0/18:0/18:1(11Z)), TG(14:0/18:0/18:1(9Z)), TG(14:0/20:0/16:1(9Z)), TG(14:0/22:0/14:1(9Z)), TG(14:0/14:1(9Z)/22:0), TG(14:0/16:1(9Z)/20:0), TG(14:0/18:1(11Z)/18:0), TG(14:0/18:1(9Z)/18:0), TG(14:0/20:1(11Z)/16:0), TG(14:0/22:1(13Z)/14:0), TG(15:0/15:0/20:1(11Z)), TG(15:0/20:1(11Z)/15:0), TG(16:0/14:0/20:1(11Z)), TG(16:0/18:0/16:1(9Z)), TG(16:0/20:0/14:1(9Z)), TG(16:0/14:1(9Z)/20:0), TG(16:0/18:1(11Z)/16:0), TG(16:0/18:1(9Z)/16:0), TG(18:0/16:0/16:1(9Z)), TG(18:0/18:0/14:1(9Z)), TG(18:0/14:1(9Z)/18:0), TG(20:0/14:0/16:1(9Z)), TG(20:0/16:0/14:1(9Z)), TG(22:0/14:0/14:1(9Z))","HMDB0005360, HMDB0005374, HMDB0010416, HMDB0010428, HMDB0010429, HMDB0030969, HMDB0031119, HMDB0042074, HMDB0042132, HMDB0042160, HMDB0042161, HMDB0042189, HMDB0042218, HMDB0042276, HMDB0042305, HMDB0042334, HMDB0042364, HMDB0042393, HMDB0042451, HMDB0042999, HMDB0043279, HMDB0043838, HMDB0043919, HMDB0043946, HMDB0044027, HMDB0044081, HMDB0044109, HMDB0044727, HMDB0044753, HMDB0044857, HMDB0045481, HMDB0045532, HMDB0046258","0","28345466","533553344","33","1","false","0.014757851138710976","C60H98O+Na+"
"Pacific Northwest National Laboratory","20201130_jl_lungmap_agarose_1","2020-12-01_22h59m24s","C37H71O8P","M+Na","","C37H71O8P+Na+","697.4778769149999","0.9458537","0.05","0.9569764893198164","0.9898353180875294","0.9985268653933242","PA(16:0/18:1(11Z)), PA(16:0/18:1(9Z)), 9-Octadecenoic acid 1-[[(1-oxohexadecyl)oxy]methyl]-2-(phosphonoxy)ethyl ester, PA(18:0/16:1(9Z)), PA(18:1(11Z)/16:0), PA(18:1(9Z)/16:0), PA(20:0/14:1(9Z)), PA(20:1(11Z)/14:0)","HMDB0007858, HMDB0007859, HMDB0031130, HMDB0114877, HMDB0114899, HMDB0114924, HMDB0115062, HMDB0115091","0","31140358","68563488768","8","0","false","0.001129913260228932",""
"Pacific Northwest National Laboratory","20201130_jl_lungmap_agarose_1","2020-12-01_22h59m24s","C38H76NO8P","M+H","","C38H76NO8P+H+","706.5381318269999","0.9528266","0.05","0.9649483544954561","0.9898772926591162","0.9975356990622336","PC(14:0/16:0), PC(15:0/15:0), PC(16:0/14:0), PE(15:0/18:0), PE(18:0/15:0), PE-NMe(16:0/16:0), PE-NMe(14:0/18:0), PE-NMe(18:0/14:0), PE-NMe2(15:0/16:0), PE-NMe2(16:0/15:0)","HMDB0007869, HMDB0007934, HMDB0007965, HMDB0008892, HMDB0008988, HMDB0010567, HMDB0112959, HMDB0113084, HMDB0113865, HMDB0113942","0","26292796","40155615232","10","0","false","0.0005408406723290682",""
"Pacific Northwest National Laboratory","20201130_jl_lungmap_agarose_1","2020-12-01_22h59m24s","C43H76NO7P","M+Na","","C43H76NO7P+Na+","772.5251614549999","0.9575772","0.05","0.9697731385158483","0.9892000305613603","0.9982045339513572","PE(20:4(5Z,8Z,11Z,14Z)/P-18:1(11Z)), PE(20:4(5Z,8Z,11Z,14Z)/P-18:1(9Z)), PE(20:4(8Z,11Z,14Z,17Z)/P-18:1(11Z)), PE(20:4(8Z,11Z,14Z,17Z)/P-18:1(9Z)), PE(20:5(5Z,8Z,11Z,14Z,17Z)/P-18:0), PE(22:5(4Z,7Z,10Z,13Z,16Z)/P-16:0), PE(22:5(7Z,10Z,13Z,16Z,19Z)/P-16:0), PE(P-16:0/22:5(4Z,7Z,10Z,13Z,16Z)), PE(P-16:0/22:5(7Z,10Z,13Z,16Z,19Z)), PE(P-18:0/20:5(5Z,8Z,11Z,14Z,17Z)), PE(P-18:1(11Z)/20:4(5Z,8Z,11Z,14Z)), PE(P-18:1(11Z)/20:4(8Z,11Z,14Z,17Z)), PE(P-18:1(9Z)/20:4(5Z,8Z,11Z,14Z)), PE(P-18:1(9Z)/20:4(8Z,11Z,14Z,17Z))","HMDB0009413, HMDB0009414, HMDB0009446, HMDB0009447, HMDB0009478, HMDB0009642, HMDB0009675, HMDB0011359, HMDB0011360, HMDB0011387, HMDB0011418, HMDB0011419, HMDB0011451, HMDB0011452","0","110332528","426206789632","14","2","false","0.00014483544509857893","C40H80NO8P+K+, C40H79O10P+Na+"
"Pacific Northwest National Laboratory","20201130_jl_lungmap_agarose_1","2020-12-01_22h59m24s","C40H80NO8P","M+H","","C40H80NO8P+H+","734.5694319549999","0.96779835","0.05","0.9991733503024287","0.9709812855820569","0.9975465515863502","PC(16:0/16:0), PC(14:0/18:0), PC(18:0/14:0), PE(15:0/20:0), PE(20:0/15:0), PE-NMe(16:0/18:0), PE-NMe(14:0/20:0), PE-NMe(18:0/16:0), PE-NMe(20:0/14:0), PE-NMe2(15:0/18:0), PE-NMe2(18:0/15:0)","HMDB0000564, HMDB0007871, HMDB0008031, HMDB0008899, HMDB0009219, HMDB0112965, HMDB0112983, HMDB0113087, HMDB0113279, HMDB0113919, HMDB0113987","0","265673008","609379614720","11","0","false","0.000967261497862637",""
